226.92510769360504 42.96435419367188 66.93289592142236 -14.956255341381308 141.19846132353524 20.337800998364088
224.6291490616996 42.99956805476973 66.86725243108755 -14.281403891579856 146.269451976138 21.796144667580336
222.82383137218164 43.46158001681944 66.76869103729838 -14.750818276581299 141.913346744169 20.854602789726442
222.82383137218164 43.46158001681944 66.76869103729838 -14.750818276581299 141.913346744169 20.854602789726442
219.574596278436 43.14704762261459 66.8192603243125 -14.492933787707216 141.34823300804382 20.757844879743345
224.18318257815852 47.44905794472399 64.2412299185815 -15.219120835792324 148.71070606969272 22.695913372256772
224.82234701437983 49.434454369294116 63.623811301864535 -15.056507929886353 144.62324393540248 20.71621358060787
224.4115688179443 50.6786759098017 64.10274556066085 -15.290116341045746 140.516068741174 20.044395483653147
214.54843312775958 51.4597625317994 65.98071861377261 -14.02605279308031 132.09812496678634 18.970591091390133
216.21311992590213 53.42194030649054 65.70823114966396 -15.243990109438444 127.69236012011781 18.48562175873178
215.77751962225955 53.624594068652215 65.91587425971473 -15.064389024303553 127.30576376743772 18.258983890948883
215.95533090231535 54.1190124370203 66.05042798336991 -14.853633805766835 127.24919669446946 18.069478239362866
214.82819731648704 53.59909505113953 64.8932373869848 -14.777401941893544 129.35726292268512 18.52195325937589
214.061938544352 53.115767306841576 64.47843458114866 -14.710584351933962 130.29495998850965 18.694170366481927
214.4540222364904 53.828464569345584 64.66640335258737 -14.501216417638432 129.82265673476587 18.374389605713077
214.17866151012103 53.9878587506255 64.27868177113436 -14.276601162050468 130.05848489020767 18.129608465983324
213.46508059363887 53.15974929718644 62.730408472373995 -14.405264357310557 131.6456923434874 18.294869833241762
212.5090087964104 52.954870528803134 62.54414668454689 -14.36840895169385 131.75194082384377 18.40610861583383
213.15743878595438 53.67833712018182 62.583880366817475 -13.306805467397368 134.6207323030948 17.72318012577924
211.5841015631382 52.98550940588882 63.61273918161571 -12.047589452774929 136.5426776654599 17.101995436757477
211.5841015631382 52.98550940588882 63.61273918161571 -12.047589452774929 136.5426776654599 17.101995436757477
209.31226022776613 50.29959784064005 63.46766512178428 -13.56977450393677 136.22304187347646 18.613247873706058
210.26738195573466 51.59764086447576 63.59745044157614 -13.317267657334241 132.93234494335584 17.53365886415716
210.36429130641244 51.68216657853309 62.356365844101894 -13.257291395088687 134.77470982023652 17.51498431584136
208.66654771067417 51.120083369234564 61.41803175802549 -13.645653181243262 133.84532352482998 17.62708358530014
206.30798495308778 49.083856092109826 59.68127206370469 -14.944120323209292 134.02947340571808 18.64104313180437
203.88221057506206 49.190639925861575 58.80848670097119 -15.235238087373885 133.59586734947067 18.856150577881724
205.0398828466134 50.2540873810707 58.0344047933165 -15.165453160568205 133.06837976935293 18.36992314237193
204.6291465521932 50.85998808743482 58.03732922502427 -15.410830792339965 131.0088288517421 18.334756954076283
205.04184713697637 51.0843425982991 57.33301958874851 -15.820191294490627 129.90208115909974 18.336054005995265
202.96340363101368 50.53120093091712 56.25803161229361 -16.217496829498344 128.6610551056801 18.812782104633584
203.81132362325002 51.26870524627461 56.03613652578478 -15.92423723227728 127.91730975835334 18.267761016425652
204.33372945437537 51.478447387577006 54.91464232529095 -15.916408018510166 129.79736598429795 18.597496235746405
203.20222402094285 50.783089781604254 54.62034416333738 -16.417531420150908 128.19622975689273 18.829110771787924
204.28799781503818 51.03096316389567 54.200343214303196 -15.99285023339337 129.559423003079 18.885996526381803
203.72845183162792 51.15054287440981 54.568241576662516 -16.315967445600933 127.5666422698371 18.690583199385543
202.2153455949748 50.43280047402223 54.52229404051889 -16.58997205192722 127.5890196513403 19.043188138781943
201.62084655710257 50.142602557781046 54.387577585958844 -16.91434594120875 126.73955877636679 18.99767332638973
202.18118387863623 50.95150090824289 54.57456414652418 -17.40617613013157 126.4579137796136 19.042668796482786
202.0898094672215 50.826491080572495 54.17502770667373 -17.351687642147283 128.17122730074152 19.333933443868148
204.12238930663597 52.34182494893247 54.746380352498974 -17.181027971127946 127.3705339132299 18.802774640999587
204.12238930663597 52.34182494893247 54.746380352498974 -17.181027971127946 127.3705339132299 18.802774640999587
202.62568998012785 51.49754267028048 54.308954863617366 -17.235909496769835 127.93572019972467 19.03976368408013
200.80559715757175 50.33434625596037 52.45345508218719 -18.365521150015013 127.74256446422038 19.667359462220986
201.37838406701024 51.51904400453639 53.19646960584831 -17.792986523239847 127.4823877907771 19.193128458268745
200.05582768998536 50.01433105978853 52.11203068177805 -18.414341716480692 128.05830571093026 19.744178685790246
200.53273064103172 50.20609603051088 51.88623451786572 -18.016756122795357 130.4088444978554 19.916936081748815
199.8893166465609 50.0490702377936 51.27071176257043 -18.647583105381784 129.000739408444 19.915196320419483
199.8893166465609 50.0490702377936 51.27071176257043 -18.647583105381784 129.000739408444 19.915196320419483
200.34709368929992 51.750220923298194 52.19551506213085 -18.06740161924685 127.23541954472273 19.063712813807825
200.367639287884 51.62838926850982 52.270061503802324 -18.198856735241634 127.31170154540094 19.039179126935153
200.4109615463207 51.82127357360461 52.62323667600398 -18.334735355497543 126.83302434531701 19.146420275395855
199.96050223213808 51.66401927524926 52.70743040038178 -18.423826578999694 126.35523613043073 19.177994994990485
199.86929239647918 51.27629340740793 52.242772428611616 -18.647947019992614 126.1225716042068 19.17872303487468
200.37257853099064 51.562783704741065 52.301100697007975 -18.52679009147701 126.48261392495917 19.12238850818261
199.21246301638385 51.50974551387095 52.15798538350077 -18.74257385409925 124.81463032086334 18.985269475530373
198.94205681986546 50.96583449478814 51.90743212661269 -19.08440604179907 126.11491489563043 19.61338126546994
198.14056741210757 50.83243449176063 52.2348387328358 -19.18723073338711 125.28026107067356 19.648704126833934
198.14056741210757 50.83243449176063 52.2348387328358 -19.18723073338711 125.28026107067356 19.648704126833934
198.3849815641125 51.03617633633358 51.67832839261941 -18.82541072874301 125.05946288674451 19.2765777882135
198.85808908553787 51.69568247630785 52.17110079897169 -18.715699323644856 123.50166539377705 18.808744837379066
197.97566005646985 50.584369623994476 51.47592618647347 -18.717846226965264 125.68027248269713 19.468004009500476
197.12167581344033 50.40934295946873 51.935485723840685 -19.028948601145146 123.5867323709624 19.37181443891862
197.00246835116954 49.63227514535414 51.78658806111454 -19.24996589168677 124.32177139060538 19.460376812481286
197.00246835116954 49.63227514535414 51.78658806111454 -19.24996589168677 124.32177139060538 19.460376812481286
195.66671153116306 49.48610214876321 52.89799298831299 -19.1167062545718 124.92870089091356 19.869913609747186
186.3815023411903 46.46827809489564 57.48743926841689 -18.85451177327522 126.3321895607377 20.443553404391423
185.82415660678282 46.08247157464703 57.219473471516146 -18.91381347334911 127.46911366252732 20.61246780923406
186.6811828799426 47.75973398736791 58.3946189839417 -18.341081493038246 127.34320646709753 20.186525249148648
184.69415893509677 46.71832089763234 57.23786891329679 -18.706647190720588 128.021569065118 20.458328975896933
184.3355417427364 46.94348114010323 57.07959487335009 -18.34440500602432 128.36191098803278 20.14982190433247
181.43547959696676 44.851011517882256 56.66059024925526 -19.079146025137078 128.4808587450765 21.00634116697765
182.24339599002627 46.222041409355114 57.613758587323 -18.519766955416745 128.08789287819843 20.446051922476926
181.27851035268637 44.94599273110286 56.817850878135246 -18.88311178636613 128.64298283756932 20.654337142682124
180.56121486446096 45.151993880538384 57.78674615253327 -18.809130165337308 128.12669381608583 20.67573880855585
178.52638768637237 43.75045931066386 57.726047509548316 -18.98761071916917 129.46894037715379 21.36384765216866
178.26270885580578 44.262538053281105 59.15434440924441 -18.688766840180307 128.84880636104322 20.947460563008036
178.9713446815515 44.61096281738355 59.380102461631296 -18.658126450992768 128.98007696529973 21.031896155681125
178.9713446815515 44.61096281738355 59.380102461631296 -18.658126450992768 128.98007696529973 21.031896155681125
179.02928358806756 45.25122376199266 59.539963206513185 -18.291250183752794 128.46092527393046 20.59598538320725
179.43298718889412 45.15814756106917 58.94128344254075 -18.535597917033556 127.89599116448295 20.554916735370142
180.2597365093607 45.52816831019402 58.92815301530095 -18.021996910413463 129.5020738289889 20.455155815372308
178.68149755054458 44.1073430561169 58.9733834033912 -18.54351780543604 128.60850092394563 20.80575344657956
179.2073172231971 43.88174589844069 58.792273454136975 -18.66059172069123 128.74739399416873 20.79788483541057
181.36281203522876 45.60681183174302 60.615923316562856 -18.123299397810428 127.3174267857278 20.223179273796774
182.27308823904218 44.865282371351036 60.681568546678534 -18.36749824974524 127.2321556839538 20.567191568626868
184.29879325796603 45.01027010190131 60.38355913715708 -18.466959277489792 126.85404642464266 20.33508544583384
184.59005364215744 45.140939713063005 60.150069642393674 -18.3968347308967 126.25809547911368 20.039249476260498
187.2670963790349 46.471557421692594 60.217868016648154 -17.960297549150795 127.26846810275184 19.779307369778678
187.2670963790349 46.471557421692594 60.217868016648154 -17.960297549150795 127.26846810275184 19.779307369778678
188.02112467577598 46.08659393011083 59.02858155081948 -18.092670118734162 126.87578810643714 19.76913961933576
189.62532392037866 46.774151664186455 58.73681561103277 -17.99226594233457 126.93137449116269 19.541602024346787
189.57092791955017 45.94890035557186 57.913032340880676 -18.358667985631687 126.34795098792407 19.485403487091563
192.7456616090975 47.304663882105785 58.11309822592999 -18.10490051390059 124.96562289914662 19.022789433429836
194.92477661046092 47.91671681896325 57.28159072602629 -18.178546779978547 125.27876318993002 18.889236986383366
194.8095462358667 48.03690084751869 56.46599380744044 -18.041951913441608 125.18997072555293 18.82639267781849
194.8095462358667 48.03690084751869 56.46599380744044 -18.041951913441608 125.18997072555293 18.82639267781849
194.70197760043098 47.25728835873893 55.34574973602861 -18.26499725185579 126.52908521745306 19.340689781980046
194.69794587057137 46.88413252257693 55.146663865720186 -18.76775132646449 125.51595762274367 19.555165864522905
196.07991224579737 47.42728878622466 55.16304153648258 -18.48966036056072 124.75358242523353 19.07654497838982
195.68932240489366 46.81709110140264 54.948086197715355 -18.714120623533233 125.72769542661285 19.56033460803181
196.85835609392944 47.496125521732395 54.968345410887544 -18.349793936551805 126.87743991417369 19.48036875743105
197.72631500785923 47.66890005673042 54.52406776026036 -18.61100417570151 125.6827922217095 19.07061992046488
197.13482203322897 47.37998954707182 53.80212824071215 -18.63437641368884 126.04159292696605 19.209222547906023
197.92087936201108 48.22122410685166 53.64994113929987 -18.475207704920393 125.08399987194726 18.766572611442342
198.57850261520693 48.70042031778511 53.63687873034023 -18.390809532362624 124.66221681957501 18.651428629839703
198.84375117617319 48.38746056717916 53.01958027079582 -18.772840940494916 124.15273967033868 18.75763621575294
199.42045009114548 48.423987707049264 52.77408394388744 -18.58915268777605 125.15778800506058 18.842353599226158
200.0378774456829 48.80027013289066 52.82969232525191 -18.45280174003065 124.2439770074364 18.40208059841919
199.90474028029536 48.641678172094096 51.48630069705616 -18.508043782630438 124.04992754170341 18.50208321303373
199.90474028029536 48.641678172094096 51.48630069705616 -18.508043782630438 124.04992754170341 18.50208321303373
200.11517925990518 48.23522197183625 51.67999853015034 -18.65265127297232 125.24640259068205 18.780138068019568
200.51194653074106 48.87382781573889 52.08559589846223 -18.520622025586704 123.86294394425077 18.291664904152498
199.3669799601098 48.21698333947199 51.43307507179975 -18.696820240174134 123.73773382850308 18.514234230199264
199.0432551586606 48.02270037384106 51.24187858270659 -18.77768427022508 123.37930835720402 18.55245011814472
200.5402893506234 48.67239826301075 51.017666122138195 -18.198148124794645 124.89671459441496 18.343187969165115
201.06416478126405 48.92819598443561 51.151529885771026 -18.199075742707947 123.79541649981925 18.06031786408434
200.51747080731602 48.04043171725054 50.342136823332396 -18.188805695566657 124.57429290613373 18.170017191943373
200.33991766451177 48.00128085135255 51.0773118293667 -18.72003365904547 123.33237149457767 18.453735506360545
199.84862088250554 47.02018770368235 50.013646330391595 -18.532479102621522 126.55108987865573 18.974101748341525
199.22049617586902 47.63765784308602 51.50338300090927 -18.908578633139797 123.30403287448313 18.79599806947141
199.6803836599769 47.48951831227838 50.52441182662956 -18.738349887955053 123.63064363589669 18.443794450395558
199.8655891144882 48.11248932810157 51.20474948795426 -18.32366634172024 123.34117143448613 18.405769587649644
201.2720512554679 48.96990601491092 51.374206815923685 -17.900149950330587 123.02772607638944 17.925144411227535
200.3982569172577 48.23313765621507 51.01470029686428 -17.884430498863708 124.29348067030706 18.328127834121545
201.04050248966038 47.662189595650354 50.48401194238815 -18.569307465414965 124.74152973432508 18.737629305403857
201.29127894393375 48.633676267622235 51.357510607753724 -18.118153476198305 123.8886677699944 18.28776768440696
200.96590210337337 47.37249201786486 50.31576001595657 -18.752437689762615 124.89157035908848 18.80300309735381
200.14188872466752 48.29202054418825 51.54269575051619 -18.291641597870665 123.39417175377685 18.380491153366165
200.14188872466752 48.29202054418825 51.54269575051619 -18.291641597870665 123.39417175377685 18.380491153366165
198.92198006741626 46.931749979100054 50.537655633954394 -18.71986213916142 123.90213112707393 18.777689721432523
199.48124366947002 47.18999698195879 50.37558670714061 -18.631566837543488 123.81942062691323 18.550723006405295
200.5247740618812 48.48368801045028 51.43377913735256 -18.29941589252232 123.15148845595188 18.223079198681233
199.24105786598574 47.1272168923338 50.731087711581566 -18.638846744168635 124.25694555803429 18.739491905907613
200.57906261268212 48.19789493885422 51.631450078337906 -18.385603704673688 123.68664743221989 18.405254901314606
200.42346463127578 47.49400443451838 51.439433666324305 -18.62665790911123 123.70714160800169 18.581564113909195
200.4042709550626 46.08753700191653 49.35352670613828 -18.935845083188212 124.44476103384665 18.722601648042826
201.35670995414438 47.51002210159662 50.64848095979553 -18.463122758298454 122.7032111106944 18.092770543399183
202.01036701469894 48.279297760679476 51.14060877573884 -18.200824119781203 121.60773691408917 17.613191836590715
201.7026793778081 48.04517053763131 51.10919717743447 -18.500267937683418 121.82305023475244 17.809937776845885
201.5466682274416 48.4931795770009 51.6949181284034 -18.424860906018296 121.68681869314658 17.912471126985082
200.7232126404948 47.07649479645333 50.172565614300645 -18.7238919726274 124.0617441246197 18.58639911384472
201.38249046739867 48.35429258214079 50.50800752753808 -18.36654877518822 123.4417917863919 18.151094661769832
200.69465512258495 46.91733386554769 49.02141884812072 -18.632792769908292 124.10593148719737 18.42555883824309
200.54109388688693 47.78594653284298 50.3194847809146 -18.545221008913643 121.82641282950293 18.0777681515562
200.22696644200343 47.55913530056408 50.30232964148055 -18.576533302632157 121.98668857023608 18.18724530225748
201.75890455006086 48.89566998340106 50.77467586186596 -17.98869598004009 122.13949308048126 17.708348876296103
201.8529593839723 48.90078437644621 50.87856202052363 -18.069123804319958 121.97490980884275 17.756116324258073
204.10691910263205 48.28989436416261 48.67617935095563 -18.253581841324007 123.07642718930595 17.70498453253674
204.54294708507044 48.592915519866324 49.632696803354385 -18.821317242342246 120.85593512073365 17.7072044691364
206.18162191821048 49.92285831080265 50.32851793293456 -18.34295623722096 120.83687611285998 17.291952114585428
206.18162191821048 49.92285831080265 50.32851793293456 -18.34295623722096 120.83687611285998 17.291952114585428
206.245878488505 49.238032274390875 49.13465388767041 -17.922991335776885 123.70976323070951 17.440940604440925
207.51479996717265 49.220713160134636 49.37042212899142 -17.95381875266267 122.92882875930826 17.346809829862565
208.58070000875387 50.04781574768228 50.2885181631607 -18.190768065148745 120.67958046290441 17.105551516904086
209.44346814653457 50.12658865179594 49.92904735490309 -18.146775399489428 120.53260362537142 16.91478968136562
210.4108157672444 49.623939604067246 48.88637892721928 -18.45151884049426 121.12877861685897 17.06039481198451
210.47919580822165 49.147405790346475 48.02862368322289 -18.455785111377395 122.35941890182703 17.30905157351546
210.67534242470435 49.40155419218123 48.31451666657549 -18.39327936349443 122.10446839323451 17.344278314129497
211.26055931663348 49.879068454316396 48.42507467455398 -18.24733864097658 121.17881689672774 17.0180984634284
212.12470182017123 50.127732054285886 47.945752943506236 -17.934053848201785 122.06421510921896 16.7457525154083
212.43814277770832 50.62299404656028 48.905149218851705 -18.37024499966006 120.63856358133017 16.935008264914245
213.51379716309233 51.21690583222952 48.23200060126265 -17.73484032765049 122.49299707094679 16.60148529556011
213.51379716309233 51.21690583222952 48.23200060126265 -17.73484032765049 122.49299707094679 16.60148529556011
213.95161146964426 51.08619020754364 47.50571482434133 -17.89719525494897 122.74541430341894 16.604310775618305
213.27414650915975 51.24552454075099 48.00510366135374 -18.073013889263308 121.34139645593733 16.829953450021492
212.94823617749915 49.99864807054644 46.84707553545036 -18.490087722214753 122.76885954185948 17.360335026308178
213.83228649058827 50.80652292774468 47.05401456522604 -17.889759766076764 122.69216435393807 16.84600308584433
212.579656047174 46.55237397195492 43.68326045451322 -20.044136428120595 123.89777926143665 18.17377828868277
213.0510796299278 48.95788746541385 46.329361518586836 -18.610981945472417 122.67068434229714 17.34334074593707
214.45049825644443 49.80622669378036 46.408793772386005 -18.401514688034837 122.78526304845833 17.095831133586813
213.76288974038977 49.882166526321896 46.88495410602913 -18.33161129331225 122.41656333614065 17.220632536099174
213.68541510223605 50.3003126414987 47.0563538796508 -17.6973696547052 122.02099152535168 16.59119052791928
212.81288995449682 49.825226587774196 47.53151469925676 -18.454392320092637 120.52561265555083 17.01613182539529
212.40276718965936 49.22739323810649 46.5707990937002 -18.425610055452097 122.86258415352408 17.397287237356977
213.1485514018257 50.90033080397002 48.29352997145175 -17.971130472111952 120.62694570100017 16.673054042205223
211.06544251209527 49.54099038066305 48.00147137702838 -18.075680095087364 121.27618865757103 16.97083743054418
211.59727366649395 49.24256424484974 48.1187704900415 -18.299751914322172 122.12378983166353 17.22882946280734
211.16916366242225 49.37825498063681 48.13976779693378 -18.557294183175657 120.11400958765698 17.066309897011564
211.79930004236007 49.847387046398374 47.487996682490106 -18.378276421228463 120.60298312730887 16.97621115031714
211.89111515959885 49.51401287532143 46.175767772776766 -18.1815639544852 122.38060236605409 17.081953476974377
211.37488408000948 48.87814836669066 45.30936913808898 -18.522854426804685 122.78989686191652 17.39919261248818
212.1378767589503 48.66480417736947 44.89871861750491 -18.8627675840701 122.97025295580323 17.68833870284297
212.16623650861445 48.80368089812529 44.875381647413874 -18.737204807297644 122.99440208548218 17.542382089742688
212.17333959187374 49.13456679779043 45.33692145331335 -18.76710844248001 121.86014659203093 17.363020597267706
212.17333959187374 49.13456679779043 45.33692145331335 -18.76710844248001 121.86014659203093 17.363020597267706
210.3861650804764 48.66310246448502 46.28464231338441 -18.654077589383405 122.72573940834128 17.69546144454847
209.72403803724237 48.41794136038027 46.086691856316264 -18.801140612337036 121.82258423457809 17.594427160728234
208.07732430973954 48.28499620313973 47.36746129814764 -18.752431672964523 120.80654638671201 17.555596428623517
208.19220693021686 48.86888855476715 48.30143056763753 -18.37875498691352 120.27160242719732 17.17664847345364
208.32000976407113 49.76891622299701 49.49135066658238 -18.18555099110708 120.17278951061469 17.04855706211319
207.4564206450442 49.18773796943007 48.34966954056239 -18.102182573482594 121.45529791456471 17.042417417963918
205.844581655732 49.108791655873965 49.229523676047236 -18.28406469133654 121.14118865291812 17.502445765516228
205.60483909916377 48.513775179872084 48.124627044687045 -18.178674239130487 122.64335688465087 17.48783936612196
205.7801163472319 49.59140120666066 49.679856667075796 -18.283875319243805 120.37532609822027 17.270254573147156
204.43765517603268 48.80583479376149 48.64945668381573 -18.25065046396105 122.66251411814412 17.62137978224814
204.04710229539265 48.53628478992063 48.348741486051644 -18.3140880334401 122.52279278598009 17.59515782830468
203.6248474421293 48.22446207652253 48.53745565838402 -18.659590396150865 123.34149079535638 18.285003975856768
204.70692208372262 48.92769248716381 48.16918538721633 -18.13571366759041 122.33691226819018 17.33284073663478
203.46298776713965 47.77738587396567 47.863232298910084 -18.591263863884535 124.28033661291217 18.481269591344272
203.33038939432763 48.0576961321993 48.12139421477963 -18.584326381627875 122.29548295961372 18.031687758768214
203.33038939432763 48.0576961321993 48.12139421477963 -18.584326381627875 122.29548295961372 18.031687758768214
204.27752307496542 48.77881185257607 48.430055473148826 -18.14544515304283 120.96483805092137 17.23161942195094
202.67386838952373 47.598978285925064 47.971581411908886 -18.415685464897024 122.03958082629936 17.846372724133943
203.31758328371143 47.761905705470056 48.110332028071674 -18.644600948570343 122.86346240642295 18.226679179265375
203.31758328371143 47.761905705470056 48.110332028071674 -18.644600948570343 122.86346240642295 18.226679179265375
203.8577515936389 49.84514380862683 48.991462120254326 -18.26199331484665 120.78279413159059 17.441785104217786
203.61350929229013 49.15823749734969 47.730166632011205 -18.322388642096115 122.26363946288372 17.51803071268847
203.152617953135 48.98168972652617 47.711294865196635 -18.873349357301805 121.95709772326978 17.92135135670469
204.61379293632118 50.78385621743768 48.3190189809479 -18.103221592861217 121.3832177376286 17.04221311170963
202.73641465018147 52.12681480262221 50.377682713752975 -18.20439357662079 120.71943709319564 17.2127157651353
202.73641465018147 52.12681480262221 50.377682713752975 -18.20439357662079 120.71943709319564 17.2127157651353
203.51267784400858 53.8876978287408 49.74453960433344 -17.457335823269688 119.67464760663563 16.17182514161087
202.9181188128261 53.818800015009494 49.61646229350053 -17.67194246451021 120.13882154207896 16.57457279363706
203.08421146710236 55.75915785495947 49.883073735436255 -17.439710801981107 117.44782493928199 15.691617269515717
202.74634501554533 56.13714160075869 49.03353911638057 -17.66918031028894 119.14588536999156 16.257841455382078
203.2995717988097 57.577599694885464 49.34695196321175 -17.050008571838163 116.28959924503732 15.060478264706946
204.8995023485938 58.77342782499855 49.24778963768631 -16.702612784717733 115.59904076767242 14.477111589055909
201.19197174099202 60.376577727551094 50.48724764838394 -15.257291372000964 115.07422344707861 14.086895914853613
199.84973938425674 60.32263861622507 50.087245556216786 -14.805064879615799 116.01916331562106 14.043002885375074
199.65399393422928 63.079947013368326 53.252403907797245 -13.658554727422512 115.2809777149191 13.76246785263686
198.14347618507904 62.06898173340355 51.64899191142348 -13.457892741733247 119.815244075683 14.587410314937303
198.23626710332903 63.899191981416095 53.058820814836054 -12.681239427051338 118.03140815846135 13.825868169202495
196.21850270122235 66.73861968400976 54.91894243753609 -10.88279827297643 117.13166174874635 13.235084216491629
194.3908683968844 65.70237549793141 54.01404039214526 -10.806779771810113 118.93992232616617 13.758326636867139
193.9143242448564 65.4943476353647 53.42841039980382 -10.650837596433007 118.39854500939316 13.555186274508515
194.79153857172727 63.4135425295993 49.278932563972816 -11.31505941237805 123.05858836927405 14.254265844424653
193.56514085793435 63.00683006600518 48.7852372573917 -11.444902314170351 122.89077833228907 14.480421575041733
193.37067894122396 63.554698638407245 48.88218020842663 -11.12955751277957 123.44818469106796 14.591928631373522
195.11515172420317 65.24542606482457 49.846499284080096 -10.78210827916439 122.86880880531885 14.308273384092729
192.75998089396333 69.04247151917676 52.90721327992837 -9.191533828436974 124.47220358741393 14.789166908711822
194.54831333456474 70.8997683969905 52.94080700357572 -8.34613816753324 125.95914815540813 14.404156489320087
195.40533526114461 72.37717299100758 53.1517860265344 -8.126922203761183 126.37466563575744 14.382090885355183
195.21153616618068 73.32435198690303 53.81378541470031 -8.235981330157415 125.16675303395093 14.438036222579173
194.88496096121386 70.47002034051346 47.67291091153373 -10.212468310379847 129.36696505930536 15.75739674879847
195.26894307742052 71.15275688311516 47.735784035775055 -10.34718463812493 126.03267864943881 15.213281471876515
197.01556752502637 76.12600522501947 52.78692629623608 -7.907988990771884 121.4684466572543 13.666254859985798
195.92953532223083 73.42795331851588 48.71825836230139 -8.241854250037022 127.12740384833758 14.659861973202936
194.70816708487715 74.59388551474686 51.60185155652268 -6.970301712374152 125.13790013433128 14.256640094732404
194.0433368591987 73.38334791391279 47.17372189175917 -7.1447065912636845 131.44705582171247 15.589945910010728
194.67390517935996 74.92140635021215 48.03346863414214 -5.814745024528861 132.6577126537659 15.29102220442266
193.49529900918313 76.8784520841701 51.6498377327166 -4.618528790814111 128.65731557653243 14.655206656959592
193.94382739829754 74.91590345405345 46.982354881126746 -5.181955731971499 135.57546996667207 15.950414409942255
196.14391432039352 81.42730290614503 54.50497417352607 -2.390889601323437 127.24977435692945 13.456430142473835
193.6493118327781 79.7188053429474 51.73601903046633 -3.2258602428352674 130.0354980614039 14.409144267068257
194.6911481572428 82.81167728861611 54.40534602822767 -2.8069054904079564 126.57375750569258 13.619299221617753
194.90567405395058 81.09631844804154 48.64701215882964 -3.9699675429768324 131.5605812956014 14.379920646288582
194.90567405395058 81.09631844804154 48.64701215882964 -3.9699675429768324 131.5605812956014 14.379920646288582
195.4991062487058 83.01381381133513 48.609161413585355 -3.8501934564704072 132.12943233618608 14.742745467961356
196.70457681868854 84.29369847037492 48.92773888603519 -3.1164992902933193 132.79161472898664 14.485555943625343
195.81240114260208 84.52478367239256 50.040043072047304 -3.1333877762582745 132.95464325712322 15.08533636314357
194.63779669725332 85.52861045391538 51.9863022141477 -2.3410061733716816 132.528437509266 15.122691129339103
196.05810654915481 86.95029129412936 52.72211177151637 -1.8662090771011322 130.1352281771824 14.170809280981075
196.05810654915481 86.95029129412936 52.72211177151637 -1.8662090771011322 130.1352281771824 14.170809280981075
195.50905102763446 86.95667414661965 49.40917242440502 -3.46545040549762 131.14435230656196 14.758093800626796
196.5116902817146 87.80160664150247 48.286263168054504 -3.1322657659236484 129.46973054540152 13.648220685319501
196.26082189860347 89.4898547261046 49.651323802528495 -3.0350776800365793 129.73551320179786 14.220558554381626
194.90196712196934 90.61551620737522 52.15216768257659 -2.1347128262732724 129.7112995046653 14.402852483671552
194.6539068957273 90.59679275113272 51.338704287696046 -2.08024154167029 131.1107523099304 14.667991362007653
196.19749468575404 91.28165991519367 50.642361141132795 -1.859367685001587 130.91410571492705 14.11661781228102
194.14688811007235 91.56207179301747 51.91976400056645 -0.9135059431891648 133.21544620211895 14.625878460094555
195.57753415981767 93.85699696519379 54.31990332048346 -0.08426837832135448 129.46166370534695 13.387167426470313
193.71490638334834 92.34266246228327 51.678674651394054 -0.8666426301085437 131.88141591251213 14.24052000525117
194.36177862820767 93.18197980355347 52.52665488441358 -0.4522959093426948 132.30618493516388 14.189951785702306
194.63383145752823 93.43390998599318 52.29514221793828 -0.48977754317181166 131.7243491987539 13.977791112929197
193.53085210980802 92.53764318581179 51.250743029258004 -1.0193145708610984 132.32224640952583 14.480900768659865
194.1853307800747 92.80997165399202 52.36958026414372 -1.0119996602375636 131.75854811720944 14.631060759111051
194.69640463946502 91.47647035573993 49.657602032783636 -2.1824209900979383 133.22054375639402 15.246437609832642
194.93519910903166 93.16812801239692 52.95740746336116 -0.8093267682859846 132.0650754775216 14.655972665850982
193.92721690994117 92.45527511010675 52.105481429264806 -1.2180527123990714 132.19167230221188 14.93771587988678
193.92721690994117 92.45527511010675 52.105481429264806 -1.2180527123990714 132.19167230221188 14.93771587988678
194.98582401553085 92.88235502688933 52.6783989093184 -1.4374178115504037 132.77019802418317 15.408115969443799
196.82174830991298 93.64779969082817 52.715760809355324 -1.410845068542642 130.67978115826122 14.602741737177269
196.62605338283615 92.87084051241457 52.237664568725556 -1.8941546428261804 131.13486457806292 15.052353658314786
198.92349930765542 93.98500606040295 53.50310398079867 -1.506203447590309 130.09998664079865 14.513725957942569
199.52882766797876 94.64420798121819 52.89724220762942 -1.6867937466496414 128.37807669670732 14.094926621141582
199.76083802651337 95.19461699997821 52.19443273105046 -1.9159595389818949 127.35341300178254 13.894224902223444
201.01312509989725 96.72047331814116 52.079979295816884 -2.4375383367528514 124.2303783131223 13.439575687554367
199.82797026277413 96.00486532289885 51.64739662116474 -2.7903330375370388 124.03169326623053 13.656908836642941
200.00679244532319 96.30738973617744 51.87986035448186 -2.7009149072991363 122.39272160548954 13.183402818950611
199.35689642476552 95.7331671503498 51.738747847385646 -3.0101885503056285 121.39666032529034 13.215082789055145
200.13717120012032 96.21830955533396 52.03549665410649 -2.6503146313975208 122.11060593618257 13.199198049864322
199.33485250594396 95.73487402082618 51.93156779386377 -3.209794806328489 121.43442376360514 13.500013254759097
200.9910177676106 96.59599079229338 52.11661752354107 -2.669962175239988 121.36626782085769 13.013771855935204
201.402697668913 96.76365825049682 52.2917528020432 -2.713460224273888 123.07920740734791 13.650826190817497
201.402697668913 96.76365825049682 52.2917528020432 -2.713460224273888 123.07920740734791 13.650826190817497
201.4769272893809 96.70645103573037 51.97238625042799 -2.709151670329902 123.19529785824442 13.672485668340272
201.4769272893809 96.70645103573037 51.97238625042799 -2.709151670329902 123.19529785824442 13.672485668340272
201.60046389101495 96.82315474731377 52.17840768758174 -2.6455218331346657 123.27158453020179 13.683212251183734
201.354008500197 96.65553571641418 51.955812235413205 -2.7375665904754953 123.0873599735197 13.67624610498683
200.62076203371603 96.17295318180486 51.610363597483435 -2.8577463378430537 122.59461892123056 13.675450770526567
200.65013128208756 96.11486702047021 51.45973289653586 -3.0274733503335653 121.72985925222113 13.47257588785044
199.9207795743475 95.8386810563434 51.317615587254544 -3.1075305523627037 122.27454110187657 13.679925828733417
199.9207795743475 95.8386810563434 51.317615587254544 -3.1075305523627037 122.27454110187657 13.679925828733417
194.26886739836482 94.6274615577752 54.65197215840899 -1.5208041406173152 130.61846112283393 15.508844033589922
195.57963863005452 95.15132731637286 54.429682777184155 -1.7759208215515514 130.69246217168117 15.473912402305558
194.52218833424024 93.24672859550816 51.10330171544769 -3.0543324857157756 132.92223699739483 16.48657186026938
193.80311137170074 94.96470056455134 54.05459459845746 -1.6678462659418472 133.08467572761077 16.365710823200317
192.35874381952377 94.39599515594375 49.51212390681853 -1.477422778106785 143.03090807164423 18.381188661832113
191.90128104932998 96.80886455565465 54.866350497691606 0.5173237377337898 141.82952927320517 17.8614298748887
193.1215999600451 95.61595956701552 50.84055720316884 -0.5096472662315819 146.1634560912377 18.58601399159426
193.1215999600451 95.61595956701552 50.84055720316884 -0.5096472662315819 146.1634560912377 18.58601399159426
185.92543342371528 94.3260799546854 55.61608142623075 1.7442565081761359 154.37444607037182 20.494718360212858
187.51681668403697 95.26403610998156 56.24738295745688 2.2039237361416895 155.4583538176213 20.189630990545226
188.3320263673374 93.47907995284571 51.58587434613918 1.3481739619334974 163.2147516914441 21.643258952251784
186.96202271213346 95.10850558240571 56.00591973579223 2.3285207862974744 156.91580806736903 20.56914857329579
187.46480842111134 95.29642628296386 56.61097856020939 2.3056138474800036 156.46174349139054 20.665158870810103
187.20516406257155 95.37008365951309 56.800143267973105 2.042484481621557 153.05159222890939 20.0790259315782
189.65038821301624 94.18257396887475 51.538899417777856 0.7066242685718862 157.09242938842254 20.6284976531025
187.8483989041756 95.45199203402994 56.33538105600669 1.4520826898397559 150.18920323711765 19.85486154453372
188.9904168283921 96.17102440022828 57.171880835515076 1.6102970979404176 149.22395101371094 19.53794171847713
189.06407237518678 95.86785089739973 56.365896623581285 1.3776795366020451 149.7958426282939 19.719304165644985
187.96971633284167 95.38216895247608 56.05510500548232 1.2887547908217982 149.44645980230723 19.877381028057357
189.0628413954521 93.739837805426 51.511648801609226 -0.0849074765513933 150.7692312810285 20.038725262628333
188.992918090036 93.97109014721599 51.391244827563725 0.29853398797905584 151.69208788398757 19.966784458869228
188.9208206096983 96.12686161202033 56.185281167119136 1.5916249316585436 146.30522946814708 18.65645185218054
191.7309650812805 95.67519870150787 58.0744260058844 1.0777257824012736 142.28733259198782 17.86412205493653
192.76066830767294 94.70767332262626 54.83057729149594 -0.0571109262838263 142.81694850595485 17.934545571768385
190.595885218349 92.19457760452133 51.5166564970134 -1.1322478585167346 145.9948002534998 19.288524318553357
191.54725200481903 95.48683220330875 57.87426379353693 0.46828878230766685 139.2119903726879 17.459110947473647
192.08249772870627 93.71590514698178 52.32055591091134 -0.5802304622820884 145.74358170828248 18.637068910086697
190.77553077910025 94.81426067345639 56.34402084328658 0.07984699975679632 141.74953041539678 18.220781861836883
191.16743233049792 95.83413217683699 57.57279468781472 0.5882600086818286 140.1176629507446 17.620374493464652
191.29576637253808 93.850860999472 52.54940121529365 -0.3484997684662403 146.4731077776267 18.887039439532543
191.29576637253808 93.850860999472 52.54940121529365 -0.3484997684662403 146.4731077776267 18.887039439532543
189.48845232870758 94.67362581033932 55.52790933422715 0.4703903091625819 144.15885589794945 18.645450114016484
190.6180690357993 93.64208329517488 52.025783895826635 -0.5399872649944086 146.81589221674858 19.090322274624583
190.16026938362916 94.9589588681483 56.316698028480594 -0.14978219240597923 142.39532100607278 18.787991693016295
189.77881127322345 94.93484683584143 55.985091307028284 0.06207037182306863 141.76029866299427 18.395778691696165
191.15468197067818 95.71877722080644 56.427361874577485 0.46655657944162954 142.18661738907792 18.111427832581967
190.62873291261081 95.83507948107064 57.47327197911859 0.4310433129402611 140.151100047415 17.910570612236853
191.5958903037923 96.15159182072581 56.98477541812492 0.6251924055041799 140.63951168373782 17.595361826417218
191.78522809087443 96.41846389806223 57.209311305913985 0.8071773945927134 139.97240020514658 17.27800773221864
190.2382833589734 95.40656645248734 55.357726714872015 0.7804522158129714 141.32014951767047 17.453689055912236
190.91304988612643 95.52714042459135 56.50188945874412 0.5448539907090151 142.087242328867 18.103969843496458
190.91304988612643 95.52714042459135 56.50188945874412 0.5448539907090151 142.087242328867 18.103969843496458
191.19930041899383 93.5636603195444 51.466826103717594 -0.537944658089458 146.58995363590523 18.881513334665076
189.53783130536084 93.947274213974 54.08648596838712 -0.025559937952010614 144.26316558065224 18.820292999094818
189.0161299670718 94.30225102511353 55.84275934670018 0.059859632060437214 141.63174461553768 18.574349811908917
188.52386017388204 93.47091810494766 53.91909673365206 -0.04946473665913231 142.64699724367054 18.59182602975446
188.72816052364385 93.31246821123258 53.84650471251659 0.0323228986696904 142.61413514435463 18.53686037785789
188.41760031408614 92.79311669855528 53.57306010240099 -0.09023411702315798 142.05841554972972 18.50071886876711
194.41197874940252 93.64682263912228 55.428493453490184 0.4598392546111541 134.1082119506911 15.630581876457002
194.11844899388174 92.61213609524157 55.19996888620015 0.4480558040635003 134.45541918118428 15.90563036771755
195.1880910276614 92.05243956876916 54.7381460782486 0.35786374185335035 133.7577958362438 15.675329115133053
197.05004369930418 92.4376459953287 55.81766913393732 0.5796263134343463 131.57851475180502 14.99553422547382
194.81203794758397 89.94247195107626 53.52253431660814 -0.11434468089430538 133.10071019619747 15.910095020127104
195.55769183941865 89.1440916127624 52.49087008694338 -0.637224614024376 133.30111696082673 16.098027478661947
197.71614682410186 89.71787854303254 52.92250971529181 -0.6733324993253973 130.4152882068847 15.146964613765903
198.83343487794764 87.03608656729432 51.99482909193565 -1.415001607245614 125.2824061401861 14.004750219707745
198.83343487794764 87.03608656729432 51.99482909193565 -1.415001607245614 125.2824061401861 14.004750219707745
200.78654655728351 87.75848104385963 52.86457171782023 -0.6512876198258937 124.8544684314529 13.337591873019107
200.1599270143711 84.62055267305085 49.512878640034124 -2.431942614281496 124.52225158141549 13.936193345515136
200.89727043160997 83.70707208414208 51.620735616593414 -1.8715070502917683 121.99843531987906 13.14183668097013
201.0561044571439 83.0155980329131 51.35837317114794 -2.1680411362162886 122.77858637224716 13.49010615475504
201.06038252464114 82.46722948583445 51.31072741364894 -2.2145138434192972 123.13485714888168 13.609264110421094
201.88601764333364 81.06032626213931 48.663747379773596 -2.9941255538055316 123.06836581972586 13.531975253778796
202.96975005839113 80.52936622511417 51.53299840808352 -2.183984797229499 122.31296360501784 13.266748818599126
202.90703731560285 79.74407230137727 51.34422831285774 -2.308554050168823 121.870129266662 13.245834310531848
203.03400985076965 78.64417500888402 50.589965189414464 -2.6677460471640018 123.08908909199323 13.746431928651191
203.82342295146321 78.45339188573257 50.56985559992603 -2.5448260830355025 122.26284050785874 13.35579515845177
204.01036773942218 73.56499628209241 46.825159466417006 -5.106424795556023 123.02276432568381 14.558720290614955
204.84227850154372 73.24384611596058 48.795408618721375 -4.530255491352165 124.07472528992191 14.793672170833561
207.79152107889868 74.62349051441694 50.020359151419555 -3.586998026144414 123.17276917592356 13.829670230862149
207.9556786558644 72.24059645371022 47.81545944484341 -4.333839262570422 123.83249927314313 14.377647540113172
208.29481893037254 71.2433152326677 46.97518257198039 -4.64396404938978 125.21889010256305 14.846647510949113
209.3361118325667 71.23404608345727 47.25163332262946 -4.406428253280353 125.34019697500607 14.70154253460302
208.61868816707022 66.53158483009344 47.53717243184639 -4.83508824550907 128.17080105595772 15.464846117352835
206.8287202474129 63.30247995089788 44.90343768271625 -6.399034682082998 128.59008488529884 16.306203099785307
207.6820155667475 63.727729016677856 47.42112656802853 -5.482450608667591 129.04413921163908 16.224673301729922
210.2381525749824 61.629089745646894 45.023879001636686 -6.367794790897932 129.85584483525318 16.26286362335125
210.34905872936056 61.014471297889784 47.658933658458245 -5.6631073758142065 129.77833604869718 16.29267220941452
211.50220062377275 60.514202111849826 47.58977275944037 -5.53423967279906 130.66294804513737 16.30722723375993
211.50220062377275 60.514202111849826 47.58977275944037 -5.53423967279906 130.66294804513737 16.30722723375993
211.2039706939281 59.16047283352179 47.0524986730827 -6.0104324596929075 130.0390803725188 16.498583154448653
210.68228533567424 57.95719267286423 46.55543086476133 -6.151452851195472 130.1307547338507 16.723863451568036
212.03058715474046 58.189418878103034 46.95103597746458 -5.9532113505923405 129.34637481577295 16.394226985164266
215.57430707815155 53.68933358891235 41.7000029346275 -8.040674034507987 129.58744902525385 16.96381596911212
215.68812644718815 53.28034589248064 41.600170677461946 -8.062399218289642 128.56864387819346 16.633718998266374
214.47402696850688 50.910126017539596 40.04452216861558 -9.385776567124395 129.80543854892545 17.726165180535446
214.19851945742198 49.94966264557654 42.82179444922172 -9.119761959008656 130.3771098138039 17.45638551426947
209.26906008373143 48.50571593687032 46.562079565033414 -9.791910726435532 128.0651919245665 18.29226502689943
209.5916240603967 48.01794665335652 46.321363073956654 -10.130625635296042 128.7045424751031 18.513887487857204
208.8197845262887 46.9623421470649 46.168748773336944 -10.641069488591711 129.05767975968575 19.015008700264787
209.11716675512065 46.67653145812645 46.30320069935792 -11.05042906173162 128.56100871539672 19.147475930048188
205.84962984405544 41.160639595110126 45.40540810158694 -12.473256279599838 127.350041848876 19.77662287172282
206.194123658529 41.79808128540586 47.694963560324055 -11.606690944642054 128.4661555352794 19.790762860975665
207.61706552663605 41.64100786334204 47.77639249071327 -13.302269953262197 129.3255410172744 20.308325895017248
207.1484144287311 39.02198980338689 44.717982918597855 -15.193421983428095 128.96171069692943 20.90581553098204
207.92818680409738 41.39821668161346 47.31038017183431 -14.072260667616263 128.6921839414772 20.36430528290029
207.42829697724267 40.68470684527425 46.901570706633045 -14.382266220255447 129.35626442890722 20.80392013923941
207.90380422359715 40.68967342393192 46.5170401146044 -14.694014249901727 128.52213560861657 20.617014664112276
207.92426646099466 38.29970408490817 43.35042601633918 -16.22319310711822 129.33339535351197 21.34916303230156
206.97171351064839 38.142548878127954 42.997860371920126 -16.560711848019338 128.63655282917802 21.417726938764474
206.89858911901274 39.120996929466614 44.14214674102875 -16.152363444668936 128.33764700854383 21.221191029423835
206.27882270362824 38.239133985825305 43.73793237572406 -16.919451125081792 127.10556339070877 21.29598660535808
206.4066781366912 37.39557667499402 42.99867674942202 -17.47368653234821 127.64813577885688 21.6193354693022
206.69787523992613 38.04454749157263 43.988785875374376 -17.17271999913811 128.23693829628084 21.751176293272835
205.97078850053646 34.55089306853675 40.96804664789174 -19.324816746709956 127.99302220312792 22.81373770226
207.6915812837708 38.534858840775556 43.54786648483547 -16.905872653244927 128.1086160847378 21.465137333830086
205.89623881899888 33.91804471224381 40.30792927160742 -19.24851710776383 128.40368016270668 22.855991096422287
205.89623881899888 33.91804471224381 40.30792927160742 -19.24851710776383 128.40368016270668 22.855991096422287
207.7131682552447 38.16728305453597 43.682510873132216 -17.18612251951666 127.58100725554799 21.38643664351622
206.15136648258942 34.62478742422856 42.525823287655655 -18.257895357544015 128.64872292661926 22.397114168697925
210.99116584588648 35.16945380116681 42.944158946191955 -17.942598174442594 130.9179742390828 21.879130623700917
211.04709040915577 35.54078049207301 43.329621827256844 -17.75249062303496 130.45675250395067 21.582194111143508
211.51787851826714 35.50726891684057 43.197717022533084 -17.755184936894892 131.30645679958585 21.675304615762997
210.7652798779908 36.19357352476638 45.91186846632121 -16.806374430224622 131.72608025415758 21.519984645874104
210.7652798779908 36.19357352476638 45.91186846632121 -16.806374430224622 131.72608025415758 21.519984645874104
210.67912686824326 36.390405660559125 46.06325285255291 -16.395115020376863 132.87549234975765 21.518179930065685
209.54022409561304 36.04602904579316 45.88706928884686 -15.74140733053622 133.14222679122364 21.08086742735884
209.54022409561304 36.04602904579316 45.88706928884686 -15.74140733053622 133.14222679122364 21.08086742735884
209.6788475889786 35.500595354843384 51.64869916286775 -13.33851701683068 138.2090173607796 21.995766830380944
214.54460977327759 40.665188926425856 55.362349230200735 -11.052049932326526 134.31641765107756 18.876980385339238
214.54460977327759 40.665188926425856 55.362349230200735 -11.052049932326526 134.31641765107756 18.876980385339238
216.7102336447714 39.2910292027271 56.090507037389386 -8.714957238934971 151.8070923902457 22.278155483988684
214.52014534885964 39.773902561516266 58.7075583286823 -8.327254209757484 139.42857918747197 18.962135966310484
218.6503402023639 38.773565721289515 46.3370170078917 -10.077702040441295 147.3694674335225 23.651602209678003
219.0305567980109 44.24911334594877 49.20659936182359 -10.146935029830644 124.32234327333586 16.790866305331804
216.33355588646282 43.927555100182644 48.71896196543905 -10.643463126136254 123.70733499194792 17.298643786900442
212.08241478039213 47.78454157393693 51.13424116852027 -8.864928995706038 122.40050595833334 16.56738395413447
210.607422598323 47.46190792639791 50.39836092046231 -9.70012092134121 122.28867381971611 17.11158831842303
210.20864048779163 48.03947120597714 49.57574228157491 -9.683144115087117 122.91546421702661 17.195896853033474
208.405781286514 46.682364799157455 47.92967999668073 -11.360824989523195 122.66766504611807 18.119460072747472
205.79459948856336 46.60747487408241 46.859006027658864 -12.42837671858831 122.10036860267944 18.47612206634693
205.45647247342868 46.64128339288085 47.13007406529154 -12.448563851969908 122.61093816469474 18.649680934046472
206.1825687426056 47.10840572868506 47.11029426132271 -12.6774059333014 121.95524222029209 18.45286059924527
206.1825687426056 47.10840572868506 47.11029426132271 -12.6774059333014 121.95524222029209 18.45286059924527
204.4345186024603 45.52494916272138 45.923248422572364 -13.105236650975598 122.57712456594895 18.734924562783476
205.30552664373826 46.61551839859364 46.97168203283109 -12.77656296500706 122.38930755522294 18.524381131809093
205.20111698563943 46.30855484659135 46.432976407629724 -13.000129048673273 121.6867798405504 18.317443232169722
205.2427945313886 46.23212689462383 46.33329181928439 -13.108596405579277 121.75017874145047 18.39152103341928
206.30533928457413 47.337692011329885 47.23368620070986 -12.78174302052949 121.85599504659858 18.277419070519244
206.16257884925093 46.71728990019972 46.84141606378502 -12.930890981781545 122.3612863314045 18.587031993026844
206.16257884925093 46.71728990019972 46.84141606378502 -12.930890981781545 122.3612863314045 18.587031993026844
206.08085443833085 46.616432986407574 46.68876682149197 -13.151769136883047 121.43701455315978 18.404684040967197
205.9002764431957 46.38576117621802 46.4698244291191 -13.194889495662323 122.21833939466735 18.71514214925506
206.42316824693836 47.21260935845797 46.792451999173196 -12.32047309034823 121.14364629744452 18.22269043169598
206.96725423971503 47.545816175171694 46.658996250133114 -11.944143586885787 121.15149420021741 17.996045037606166
205.81692852644136 46.86561850770242 46.10231876131648 -11.847955649857342 120.99599843182975 18.03608513514851
207.16094564039298 48.45318022829904 46.77483382728798 -11.037901382069037 120.50962182100977 17.380342149218052
206.1948014615246 48.10926211209236 46.261900871948974 -11.142065667187182 120.08340771568727 17.36408786283997
205.66701526013549 51.48292249200078 47.72704360838552 -9.059193981769994 120.41684682588523 16.760226137380585
208.2974929384735 53.00685628379935 44.97571758020388 -8.594868355461415 120.0152203345143 15.781924886345708
206.4854992258542 51.93513205374744 43.809228824660245 -9.25332474095606 121.1592452436161 16.675672471292643
207.08997893634063 52.91587684842957 43.90679407964028 -9.185850699679236 119.88985374137694 16.22512039783703
207.76582795329918 55.23860633925436 44.50986417465074 -8.903360511166909 118.02785837808759 15.465239019100636
207.41032224146963 55.14597480044576 43.87877983989744 -8.928642714566593 117.70651491469573 15.30811180073016
207.82725268615022 56.39645746487355 44.92643197653656 -8.356893682731426 116.46379405621879 14.635650362668853
206.65761105619092 56.00155933526523 44.7184845698344 -8.521149022735187 117.05328697497269 14.979255375970325
203.9045902114062 57.096013403419136 45.6737165952155 -7.210504966626615 117.56696668878405 14.688842348945913
204.06968607315713 57.89574353356217 46.126591748914784 -6.821702482483829 117.91074886308323 14.609286250216373
202.83872586049503 58.52668757959811 46.10047388858301 -6.224854691179814 118.35384422402558 14.523802233640824
203.91021363813124 60.96931312188233 48.82181433485647 -5.055938839285318 118.1929903437835 14.057196322581717
203.9074979356382 60.5220538719708 45.24602655205389 -6.24743999715011 120.36077288564812 15.237475857340911
204.12178581670855 61.521096122149515 45.61074432005838 -5.736929135674529 120.50396301137988 15.064929924044835
202.47559145635975 61.58194179192188 46.226737304507175 -5.551753290544184 120.513532961041 15.21687400802378
202.47559145635975 61.58194179192188 46.226737304507175 -5.551753290544184 120.513532961041 15.21687400802378
203.1994456792984 62.695028042189556 46.51979294367299 -5.333212704230618 120.39470200913743 15.061622270902488
202.68690693066458 64.81234701973968 46.93001304540895 -5.270483611684341 119.23327249803779 14.745815812762457
204.2318268535481 65.45097361705291 45.73747805258985 -5.640708920994314 119.43595234327078 14.719137315159543
203.2728004732648 65.6435958008866 46.124957900273934 -5.779997978348803 120.02442318034198 15.12959247895202
202.3276082974961 65.49722848729634 45.4218625650559 -6.037740899993253 120.69789508147021 15.487605854412294
200.66388148353292 66.03714609772024 45.91127516390281 -5.682322040409332 118.01840726398697 14.508174415678097
201.06194557541176 68.09047607104785 46.91878166029443 -5.36706631056316 118.11119756070363 14.400435344458119
202.2645932152382 69.14259884029401 47.202999769959085 -4.930321609434429 118.3236948247549 14.128213904587852
199.36302352631282 71.98496051428998 50.588317631533194 -4.00430385812686 117.36815094543935 13.795870831609989
199.5044168824894 71.18169786508143 47.46220627947949 -4.814436406916144 117.44492099611593 13.871623472703336
197.90798472993018 70.48624332818468 47.06537777608391 -5.211436097908745 118.33289134645194 14.497671740003739
198.4528552735438 71.03757604413894 47.11943058679331 -5.237281236648499 118.8668292630036 14.656008903217412
197.2565322487171 71.43305746042431 46.94230050325041 -5.601926921335264 119.89236475557861 15.289521207983457
197.72488307138542 72.74052862209268 47.10437210303001 -4.927092786450885 119.50320812614396 14.729746594794053
198.26553825831823 73.81736350540385 47.943143976948775 -4.573479207210056 118.95664027115536 14.390292746807091
198.73202942350258 75.75636833361376 50.812982919921545 -3.678918307254747 118.36302467551415 13.954078742804967
198.73202942350258 75.75636833361376 50.812982919921545 -3.678918307254747 118.36302467551415 13.954078742804967
197.30102131371953 75.4532816308259 50.40338760201517 -4.224175890664924 117.06624855636542 13.835596266150361
197.86599675162273 77.85626243760251 50.61405274006132 -3.6174113949985554 116.31740475826699 13.103475775064311
194.09759844067372 76.35963708425467 48.85894211758031 -4.764289677164868 117.79501378677259 14.348857154476919
195.0888913979667 76.4841121299174 47.534586724544425 -5.058325723209123 117.65761934872813 14.202960251306052
195.77432052327254 79.80777245839394 51.44744434022202 -3.2165351043674377 116.85166941822558 13.214507305722492
196.86843712207423 80.69141780929857 51.93346828856876 -2.90628906996497 116.72704443364984 12.939224989905513
193.1185933159975 78.13004828497546 49.82142379703234 -4.299230035812826 118.39804384963253 14.397132215647131
195.1993350526062 80.18682390133846 51.26634965134591 -3.210080049148246 117.63755458098144 13.464111813901837
194.55561874519051 80.39388313101801 51.934743605346014 -3.2223481792926236 118.24271767455629 13.80230647348543
194.17453423493401 81.13282406655796 51.86029725026769 -2.6770956871148712 119.43374353609846 13.854699524848456
195.45343808936573 81.98884600893356 52.31087343177784 -2.160272418997323 119.51496995848636 13.531906063113865
194.91095913822755 81.52418819375333 51.72868488692684 -2.8058361633442814 118.3970454032021 13.481577090829122
194.34043269140525 81.62013831132572 52.311336650367 -2.3787459135111817 119.55870499998271 13.761422067737016
193.94054270105147 81.77296321345581 52.05683300617088 -2.516822423910554 119.09552359217135 13.626866847415414
194.36635785402254 82.26282262702398 52.459347956183706 -2.2843935146980527 118.41653059582362 13.240084776551527
193.66505651333986 81.92994613967075 52.349276485124676 -2.7742449832881846 118.97401452760519 13.778328820010756
193.244308596591 81.69660715543444 51.928236860264086 -2.7422615427797155 119.31383469976221 13.84795133067496
192.05905466999778 80.98168743579238 50.978261045516135 -3.247535353135845 119.13643715802985 14.056310719591806
193.82199910218299 82.31506005637196 52.40747105686003 -2.86844721049755 119.09999524615117 13.899086563768606
192.95736545908002 81.64700787027667 51.82096469467322 -3.2939071888706906 118.87330565618342 14.063132992891155
192.95736545908002 81.64700787027667 51.82096469467322 -3.2939071888706906 118.87330565618342 14.063132992891155
193.54930725662442 82.32345891230351 52.442253443962876 -2.72105916725846 118.73364340038445 13.710065164566402
193.45922112637163 80.98169193509364 49.59252331577833 -3.614702547364516 119.23555925979622 14.082115230008526
194.15867187909458 82.71986823384138 52.732326183200314 -2.398437359654224 118.63192468529002 13.489053523714773
193.86277659363842 82.60182035742693 52.647657959005784 -2.358383936246497 118.4796917782527 13.425318929349572
193.41267182247935 82.25838009007836 52.32501632604919 -2.5858170761424617 118.63410008255838 13.61158723130879
194.3108129889215 82.72344993407579 52.52964145577431 -2.5129046942790296 117.98328106139788 13.30654117187166
194.3108129889215 82.72344993407579 52.52964145577431 -2.5129046942790296 117.98328106139788 13.30654117187166
194.39744536545413 82.86984788000204 52.852841477758886 -2.460968412910802 117.8272937840445 13.261707720871357
193.80305675552333 82.52713858662199 52.72158472606493 -2.719461042683662 118.61728376297847 13.739403722548758
193.0957402288422 82.11242134299528 52.17589588815517 -2.644748078771727 118.61956536491024 13.693332571136324
192.9040006505216 81.52262925159346 51.260586732337906 -3.227415969343923 118.60475697006788 13.939307998295419
193.58956008800396 81.88760409848567 51.42286026820738 -3.057903127152912 118.49847472604525 13.76084496821332
193.7695435276682 82.10472171856713 51.76227906153791 -2.847402877181537 118.67731914851873 13.72725802239762
194.46195355551356 82.78095619028 52.46832770099171 -2.461495573819917 118.03566402046066 13.316493540615625
194.7700663142256 83.04228931868039 52.90588009194245 -2.34942110640921 118.15102134093604 13.337221914861999
