185.64212489840583 127.99918821459468 50.12691647126767 -16.481711372810828 172.68265961036317 46.342945356561486
185.31192524954335 128.19491423345582 50.30758827215158 -16.390357873236596 172.63448593542194 46.35299209047307
185.18595477561632 128.43878785991112 50.39786837657084 -16.29609389282786 172.68994660264852 46.29848358122119
185.27611115112137 128.67996348688135 50.474990490090875 -16.202880740562584 172.79734475325523 46.20629910214309
185.4087984564349 128.88418114187894 50.57745888058971 -16.106185124345725 172.8898958662263 46.12928145936438
185.54317515811366 128.95445562932227 50.5725472747911 -16.043789734942568 172.97703734402046 46.10255439218136
185.70331510586198 128.70859322290278 50.29292815588875 -16.09229640874154 173.04212331281468 46.16883312069811
185.81646012048375 128.29601420951215 49.836931193212116 -16.22160197447414 173.0567027696695 46.28663707651781
185.8293553843688 127.9464287874064 49.38524771040938 -16.38024083763036 172.97915430226948 46.37490982925152
185.83386910113845 127.54574214926534 49.05492579086416 -16.544945492072145 172.79270479413185 46.44335117028866
185.98098503036456 127.01525206561337 48.88930446402043 -16.659096985684748 172.5947939797108 46.50052956369797
186.31979757840728 126.41910266811394 48.7412828401447 -16.749946740922017 172.45351386834045 46.52266608481459
186.7897675173656 125.76840596039152 48.57224075511002 -16.851224746275108 172.31971975349705 46.516164717946396
187.31934834295689 124.92149198506402 48.42957642160964 -16.958101624403547 172.14044452124125 46.54596832236349
187.80102816427643 123.82123054190501 48.27717376506743 -17.09269925599859 171.91769466323245 46.67347451340129
188.07519068239543 122.69807010051093 48.12168639137798 -17.253288669551203 171.67469541578015 46.86305667369611
188.15601629712435 121.81859178996207 47.994779106229316 -17.407129838294832 171.4722100898981 47.0065096354429
188.22580194251083 121.27598983267522 47.9661072823075 -17.510379524606023 171.36459848856663 47.051864691316624
188.36265321281297 120.96128565685507 48.01586762693241 -17.565511975564334 171.3354776607683 47.015165530211696
188.53320767749273 120.68735522787145 47.991143406607605 -17.627778316767994 171.34536110552745 46.91549483474682
188.6781455857413 120.3479982380898 47.85883135966124 -17.70451353311273 171.38843117410624 46.81012565914914
188.822658600865 119.8653821160858 47.740720730478216 -17.745626157244814 171.4696933801788 46.75248361052648
189.08210710101147 119.1844188720327 47.71052589487222 -17.749277859018523 171.54115537607703 46.72262277515435
189.44654292314502 118.37334340425733 47.675819631214566 -17.769094634975893 171.56051556192642 46.6959949839888
189.74072417306382 117.45572391672658 47.545662147833525 -17.81660927805873 171.53050625973475 46.68450001682278
189.9576721791038 116.31290421002123 47.31867780981588 -17.88755239806436 171.45772931522654 46.70549313198915
190.20652474962395 115.02425115057486 47.069675447489686 -17.983055347497555 171.3340379153629 46.75151229413578
190.3951753562499 113.70691863540966 46.86867156319346 -18.096948216837816 171.1378605188437 46.80222633716697
190.45794397890802 112.32366071863223 46.71413128005047 -18.230328785776358 170.88624831565005 46.86481919273901
190.5410185813016 110.94330215802896 46.51849740424194 -18.375018719493198 170.65415377308494 46.92635029941623
190.83025176426202 109.65946762988956 46.26597454402538 -18.48992789054141 170.50634393123758 46.94793553039315
191.24526316852663 108.5165008704669 46.05828881345272 -18.528027158824504 170.4336393017778 46.95393152879591
191.51118480041782 107.50782414184008 45.773310886449174 -18.545634471679183 170.36144586107173 46.994977908487456
191.60863077051113 106.65905484148922 45.293114696935014 -18.607981358576847 170.30419725221253 47.041769747069154
191.60954325984568 105.96445015617508 44.82300322915193 -18.66778814530025 170.31742979397603 47.050961427633894
191.43297022871963 105.35655591962582 44.57868865564224 -18.68466910504214 170.32644670009702 47.03599346135799
191.19916048150355 104.79690111194824 44.51094057404194 -18.67360890057227 170.31723038952862 47.038053623081694
191.1756856434192 104.19256185129449 44.55304750048859 -18.660405686776304 170.29240903258486 47.05405276601279
191.4533644835049 103.47070999722902 44.686838923905185 -18.66742497980599 170.20212907998248 47.04668394334912
191.9728645414014 102.57492016700334 44.77649680311909 -18.71612311987184 170.0509045921081 47.0450240193375
192.58812608951598 101.51349522590095 44.754652959620536 -18.805687905684568 169.82485077457758 47.057602254105454
193.12858504821185 100.42712839210344 44.662222575610755 -18.887290417480312 169.5766200677595 47.069203086281306
193.53113249638372 99.31310729268854 44.49219045064385 -18.956306215417484 169.37689628316792 47.11182738617781
193.86985510040705 97.97804743917013 44.109406753572976 -19.070868742458764 169.2490270526206 47.171552386619474
194.15820816423508 96.47989262338085 43.59538954444838 -19.209534404956983 169.1846241737693 47.20417973879116
194.35881097207186 95.10960047871913 43.3493585629965 -19.2604257090796 169.13388655759385 47.208591366095334
194.50578225335244 93.86450464681982 43.44013429474799 -19.224934070426617 169.054313408121 47.24524912389229
194.59771086660166 92.70032566864725 43.58314043274652 -19.199815484728568 168.93885614444483 47.33660640097442
194.62144904053616 91.6836609460108 43.623255243695795 -19.21271918308454 168.80012839358847 47.44266956488478
194.58917104259692 90.71736483695744 43.5570835774012 -19.272248722769334 168.59160082802404 47.53737904192448
194.51011623013852 89.73726243384395 43.39086646916886 -19.37903012449265 168.31347355317763 47.60260543744589
194.46749734411748 88.54203986591259 43.035837633575795 -19.524390435102024 168.06677445901573 47.68274935467811
194.56407836325783 87.11305131732496 42.520616692169284 -19.65807185078623 167.92570262490844 47.74976431973021
194.86363817819404 85.79753360391202 42.109144242717164 -19.72001182712454 167.82397145702186 47.71850233469628
195.3035811205458 84.54375048711873 41.83511992961113 -19.782400054425402 167.62534636348755 47.698156225669564
195.73448267696062 83.14677796320697 41.464375890982936 -19.940395257432694 167.34146755191844 47.80307688936716
196.14872380024735 81.8332255744211 41.057456842695586 -20.126236915918167 167.09799805713334 47.92785800504316
196.5201917144638 80.9161271113179 40.83011337083104 -20.2278318860758 166.96388857361956 47.95730912046183
196.68979779895662 80.34143942170346 40.78955603961414 -20.241329373137134 166.90649183935585 47.954244544296714
196.60398404679674 79.82413430848501 40.92000297708425 -20.20309122885881 166.8435638269902 47.98904334495809
196.30999366950113 79.20652374400255 41.205955474796916 -20.116544798428357 166.74995331456955 48.02948552888961
195.9349275278434 78.5170617452578 41.56195785493746 -19.98539766241261 166.66810435218662 48.05690915266959
195.67132479352875 77.7099831045472 41.836018790142795 -19.83681860143448 166.63984637542006 48.06179005584196
195.55230373215727 76.64487940077638 41.89383656764025 -19.714428669720625 166.65007934838937 48.038711630829276
195.57897443105583 75.33537115919408 41.666147056794415 -19.669830068816545 166.70229269299944 48.052085872246224
195.74900285829014 73.99747763983268 41.25685850277271 -19.669833622188907 166.8345133034989 48.11699942453108
195.96982973475224 72.86874039274579 40.88898413660445 -19.64861963494638 167.00175822729238 48.154948744567896
196.2334591070197 71.92391654046592 40.60025893699806 -19.633821840216196 167.1229728964724 48.15703697878094
196.47061760633153 71.05521033865219 40.403837340326376 -19.653349514290966 167.1317061470103 48.15512620759715
196.50793143992595 70.2767688170366 40.32875786919058 -19.68035713166786 167.03504526514803 48.17714924473527
196.46612720529143 69.52890143859213 40.369987346100686 -19.699410014510928 166.88013433986475 48.23993339142763
196.54450321581675 68.74644797278901 40.56582700528771 -19.71116398325151 166.65886335412313 48.31555528668373
196.72857692736034 67.8775853712848 40.72947152393725 -19.74329097480372 166.44021341881228 48.42740684715463
197.02447051391272 66.92916239727964 40.757970569919216 -19.79582147676761 166.31693249585754 48.57287064817664
197.32122976740126 66.10969048206677 40.91199374255622 -19.801580664252306 166.23515045997888 48.66018956399543
197.39174943586943 65.47343672966096 41.33044008124347 -19.72697763953923 166.1291856555923 48.692915112348686
197.15937971818292 64.75800061197623 41.806601159833185 -19.636382759681826 166.0048907468554 48.784981222395004
196.79697198308196 63.85820360454765 42.038754765037154 -19.60933887503012 165.91004226025734 48.97343800753082
196.5944380828932 62.87977815350823 42.006966664432284 -19.633978906033747 165.9127290793195 49.19478346376219
196.61981784827867 61.917584559394165 41.89222499235117 -19.660595524240506 166.01253985174367 49.38989013644378
196.63950501413876 61.09393757351275 41.9606122971426 -19.656284549504278 166.087890101611 49.55567449909198
196.45794690055698 60.28726621067703 42.26373922762488 -19.620203483017946 166.05069637056698 49.7317488605704
196.15941907623017 59.211145571138644 42.46961712422719 -19.600005980929485 165.94919804253928 49.95192486956995
195.94244327348503 57.910994477408096 42.39006256687532 -19.64029436578108 165.83961918394368 50.21764551845634
195.94835933977836 56.60682692284297 42.07768816068121 -19.74977860295678 165.741567791499 50.509235767418545
196.07242951130763 55.45313022102742 41.77660217386096 -19.89533593588566 165.60960386085117 50.795445326961946
196.13278863590313 54.48758121153257 41.59787798560341 -20.026502276647243 165.45491228938056 51.04762209244163
196.0735295313006 53.590311723568625 41.38404251464849 -20.13015291253993 165.35072022173682 51.27869760625484
195.90241787626087 52.80120375286053 41.223020935196004 -20.20001772315061 165.26332188737132 51.463698377943125
195.72197338145764 52.170337609753766 41.22056081255835 -20.23807391648119 165.17166544400362 51.575670152790664
195.57406155586398 51.40909733177847 41.21544994761949 -20.284091185700774 165.08919595112602 51.677280171455834
195.46755503929444 50.39995781688407 41.14108925369878 -20.33699670727315 165.00983229313812 51.78249809543938
195.35791124993756 49.52239731321778 41.217922886040924 -20.361771712370615 164.87301473586479 51.79852346522078
195.2138868669462 48.764736059116956 41.467421850667336 -20.371872686270187 164.6375112300988 51.756494788358914
195.25156712992236 47.71240498396976 41.49881689052516 -20.39966070742816 164.4354599882281 51.81907858018367
195.49076202780466 46.52846741281107 41.23936097078215 -20.43906378751813 164.3408361217514 52.00524005365311
195.66469390466807 45.33807519855658 40.84376919680738 -20.552636386338765 164.2258958810744 52.329965959684756
195.73143730486103 44.0076445382587 40.30647399861786 -20.820555529792124 164.00551376017938 52.80937164881743
195.67230200824406 42.69378630667008 39.804308054697216 -21.119835038569143 163.75887906629885 53.35831931095787
195.43856911414184 41.49013227082092 39.485993796104005 -21.285837535050103 163.62726533253561 53.930179603011354
195.20472112196273 40.39420657518074 39.26784249453067 -21.30060484940097 163.69733591845582 54.46201115407793
195.0267038714038 39.46576190581969 39.101693311917145 -21.22069972607587 163.9057585413474 54.895142223804044
194.80743778672485 38.55331069304428 38.94045002220342 -21.1741478572035 164.0590234729803 55.286986819272045
194.5383584554973 37.40571034532173 38.719316645568675 -21.27491586082108 164.02181497814973 55.730552028618845
194.2509294017434 36.157027538194235 38.46231116841723 -21.4813487019057 163.8404821978384 56.18960743031796
193.9801394203845 34.858099274808296 38.1161622631746 -21.783865822230204 163.53743277640461 56.680754974336004
193.76326226540237 33.22211005308213 37.555148732879466 -22.275476934530246 163.0313358546668 57.344222634397084
193.6266599206046 31.274315649180235 36.84610596675074 -22.943277908050945 162.33897180888766 58.16417292412673
193.5589666252714 29.316716922732667 36.190614835781524 -23.648461464302695 161.6024661077402 59.007776680385675
193.53286921962564 27.67748317696045 35.73414639805574 -24.215376142338236 161.00885323325923 59.73324613044103
193.46557212456395 26.58422286519363 35.550110779300745 -24.511308142270217 160.68932133354062 60.25031871141122
193.2454386852777 25.898965783729036 35.575298922381066 -24.534184670284844 160.64705395513806 60.62697603559728
192.9102170117358 25.280440114855253 35.66944660161392 -24.4464172995344 160.71605514454532 60.987011102383235
192.38846681950562 24.45133316225084 35.78986828340546 -24.447447430686537 160.63531216419653 61.43703267417847
191.65857570772607 23.188191787576557 35.867136622873375 -24.664631619075692 160.27491509725832 62.08331758867957
191.0106361167223 21.61187932169944 35.81638433274546 -25.06396325864722 159.76057363859456 62.87267831915116
190.55193741552335 20.028610598124104 35.67324384353798 -25.488610356438507 159.29167892193377 63.64320776261095
190.3673408437919 18.538744253687316 35.46768125055356 -25.844484719476352 158.9727002131703 64.29114429527772
190.5329761842774 17.333252464319557 35.244802385824315 -26.088383341574932 158.82844449768513 64.73418837515753
