176.76483387404457 127.42017501141355 51.083396558353044 -15.39728254926002 -165.7356111652676 36.286604245601865
176.86723210258785 127.22331100276254 50.992346986660266 -15.552995198757202 -166.23446611188666 36.36913823438417
176.8279611174804 126.9362805299053 50.86881444667369 -15.682059410206698 -166.65956473791027 36.50815612629016
176.4577284016289 126.63014631851769 50.7543108958976 -15.705421319589401 -166.9350451324952 36.698177194036845
175.7640242737936 126.55129663073723 50.75910760549131 -15.552952199239737 -166.94471709154647 36.80667802735376
174.88182590836996 126.38498120252774 50.740211451698684 -15.331757344976117 -166.85158630471454 36.95296649177636
173.8897625618741 125.55442155783665 50.45011175303492 -15.205673677790397 -166.93578049591292 37.38541385985207
172.93870379148063 124.19729895454012 49.93036592846566 -15.2091289420947 -167.2015460605934 38.01136459935642
172.21932304499995 122.86226406244859 49.38142200704482 -15.27181470493834 -167.46453577373214 38.57313078718094
171.61463540046697 121.6089962468183 48.78849131559795 -15.327036740065175 -167.61981076228275 39.05345396989008
170.8684222756251 120.22867062875693 48.06046728072732 -15.32239395577415 -167.6454457566859 39.56157753478253
170.04658786951245 118.87403721944696 47.32984687066436 -15.247358545509893 -167.57622772831496 40.069055267440234
169.36273611159345 117.78832203128141 46.7589878914322 -15.146852489430865 -167.48138047990716 40.48497956632798
168.7860591471669 116.82158607409605 46.3217833027751 -15.08903575989748 -167.50701103145283 40.88326042988902
168.19714996885313 115.68500662629874 45.89311619107305 -15.109366486874897 -167.75703279335193 41.41081991635648
167.67872053202802 114.56674916806543 45.51097525386247 -15.13966113618374 -168.0702572509852 41.96842846914578
167.36643512382284 113.67778659948779 45.27249300473428 -15.200597177155483 -168.39514760287074 42.41996357247206
167.24447888334478 112.82584007642738 45.13979909851247 -15.387830424666792 -168.87396694212185 42.83733704567001
167.15550778737463 111.9578447573442 45.04872474121932 -15.627560349646547 -169.4341589623388 43.27226510652094
166.74810217829958 110.91820654298425 44.956626349763596 -15.745200568709912 -169.93825297507362 43.83078370495324
165.82090270732772 109.34137384626564 44.855692513029496 -15.645636730568956 -170.3868134572418 44.69505892196486
164.68206516621387 107.54375083135423 44.75343862583951 -15.426085868130517 -170.76659231956887 45.67742640070739
163.63410075601035 105.97473618765969 44.630802141903416 -15.291807507450933 -171.11910872349125 46.476772172720814
162.78285900102338 104.47031682825639 44.488673563351526 -15.323342663845988 -171.5328084778987 47.11965933286872
162.27168932598465 102.99417179869656 44.3114069352295 -15.443112796272153 -171.91785164272363 47.66011581258262
162.03790731056512 101.67352567532109 44.08211412382196 -15.567850120575741 -172.19073396830544 48.103114188877896
161.90470179298657 100.49252493367689 43.900127064734015 -15.690724532349389 -172.43666001894374 48.48237572447596
161.74391594192412 99.4598852259271 43.80685107892906 -15.831065356149704 -172.7358501725726 48.821570349619066
161.43628853620822 98.68453414884459 43.70535341336971 -15.979084830380835 -173.051231268322 49.09936971459807
161.15693538818093 98.04707671441139 43.48066784720333 -16.229541647042694 -173.4406045878938 49.29822368726582
161.0282910357538 97.14314305007267 43.063491104754945 -16.71247270212477 -174.11437363729019 49.55700212051286
160.91584512520404 95.9382841672056 42.53734356153048 -17.358240280598576 -175.03615307067804 49.942119011819656
160.7808681940466 94.67209887111758 42.06307764082344 -17.994444499290573 -175.96559330691824 50.38587628651817
160.57545490271735 93.5691761924026 41.69992270323433 -18.50357393708155 -176.7356759040236 50.80064176809603
160.29963066487332 92.65222598397963 41.356481924202285 -18.904401925476993 -177.3224763819373 51.14713517001423
159.9271411114113 91.6971182854868 40.96987330454598 -19.28474570539998 -177.8549638971068 51.52051304223052
159.55867691473202 90.69994233566518 40.59030471582539 -19.6999423805882 -178.40319019364935 51.901589363263334
159.48522541388638 89.7091435269313 40.288532786439205 -20.25882981617174 -179.06449238468045 52.229218957951396
159.62457637461375 88.76990877282653 40.09064811315757 -21.01765945516373 -179.9741649253923 52.55042432676245
159.6502303879637 88.04922071764699 39.98367022062038 -21.967730276948352 -181.20144615399897 52.85536107570575
159.48033573912056 87.46529672972193 40.06968309618256 -23.13493252010148 -182.8292737147877 53.14582954845997
159.21235727494616 86.81289808240848 40.41852382579369 -24.38272111555824 -160.39935968328507 53.47104025988263
158.89918439049703 86.23953125440806 40.877368298471616 -25.674487667583527 -86.02503529635175 53.69860250568193
158.65486879943313 85.99543353002329 41.25491545809571 -27.09800470862601 13.427047576418055 53.62832763404912
158.577107821922 85.90548846024296 41.44004500073326 -28.307967151534637 96.38785986927901 53.2983626499843
158.66080259221528 85.6644826217718 41.39689436889519 -28.883866300977758 150.69904944605216 52.844394873917324
158.8611052892798 85.25785780747796 41.14154928313775 -28.81469674480894 179.002831810411 52.443468438412275
159.07734991991288 84.77748279170402 40.72364296284594 -28.324203410530146 189.20777412628706 52.27316393482757
159.0993819981571 84.08746291079186 40.31730736416545 -27.804373947387205 189.13774198021576 52.42082300958711
158.70916442385504 82.96442212522628 40.078642014592646 -27.57851768556273 184.52886749841508 52.93208136309531
158.07060512205157 81.62628281316543 40.061366030345766 -27.623559122037825 179.08310742027322 53.637754746640184
157.5895347148156 80.3869713601119 40.18677223059261 -27.850049113718924 174.64965036754654 54.277687381366505
157.44802610262792 79.25468460080363 40.11341926017908 -28.288593796730396 171.6995290374759 54.7747939399623
157.56513059047754 78.28053994023264 39.67753319800855 -28.873305590060617 170.05696392660778 55.14005992605797
157.71756529882285 77.5008993713752 39.12950156379972 -29.47767062056632 169.25424254723282 55.41138141765323
157.66934100193495 76.77554296951114 38.7248254156799 -30.0630409590719 168.77054769020492 55.68502736872355
157.2935952151144 76.09506891098084 38.58714470075063 -30.584393490129322 168.30342242646842 55.991873864052046
156.75462267479782 75.26072418957618 38.611637663549544 -31.292911072961196 167.43376955313562 56.390846861001535
156.41584041067748 73.90220837152366 38.50740592543701 -32.520574225811444 165.85548621598895 56.98580584114701
156.4050876521468 72.23560883311373 38.176029011387 -34.053557779010134 163.95441481263856 57.65000096709789
156.62360030336313 70.62038644359606 37.775109484309326 -35.520895694867264 162.19731141176732 58.222187291535704
156.9181600720628 69.23180320209156 37.56862471344225 -36.70211249532939 160.75425312372352 58.65312269714933
157.13760041453116 68.21680084796108 37.58944449132003 -37.51610644240177 159.68920386099063 58.92680785218081
157.28730592690061 67.41212462676266 37.6526533413974 -38.023079715397195 159.0075010285347 59.1769941909774
157.4098885418406 66.58441124306815 37.714437979711505 -38.319880999905045 158.60239616501855 59.53607202205207
157.33683675052296 65.78509626163944 37.82029792896901 -38.48637409293819 158.30609785512934 59.98476684823518
157.04705992471793 65.13001592989264 37.916936044017625 -38.59112795367066 158.05199306611263 60.432067759295876
156.7692679615921 64.44577673195543 37.91475486761704 -38.72042525863094 157.81824506533886 60.882881334986074
156.47937851729046 63.28767000332437 37.84763010753974 -38.92072021124989 157.52613834052372 61.55517320484972
156.14256238298123 61.624178277215364 37.73922154364217 -39.16859799996667 157.19169432733213 62.48065897436399
155.96527164232236 59.97039966834684 37.55066142048814 -39.423479815102354 156.92936998417323 63.34359051232072
155.9063990929713 58.70022642381682 37.367109051612644 -39.65053519024133 156.72600460427293 63.95318265410461
155.7957790909109 57.763324997471834 37.265855596305826 -39.80462358696553 156.54243283748255 64.4079892478818
155.76966835360895 56.83801584593592 37.184567154658716 -39.90812389940026 156.4032235762598 64.88553823833284
155.8645510988575 55.82363882619703 37.06478469870685 -40.03696387779462 156.25545743365865 65.42985389735686
155.99335387631544 54.79356404032057 36.833638490678375 -40.241454790623045 156.05019696910978 66.0138019229869
156.17037935827517 53.74369084363689 36.534740378922535 -40.49420486182288 155.82171778959065 66.62486564129942
156.21167503721273 52.84408348032079 36.389530875278076 -40.70299002433476 155.56659136046937 67.16556915868631
156.15692500844733 52.11671219312984 36.396065384160046 -40.87061316152389 155.31117804494176 67.58490311035193
156.21780107930877 51.444962686229715 36.42037923239328 -41.033672411291654 155.12451482848746 67.90508190921
156.3076829047365 50.81696656449347 36.48131138693764 -41.178965297205224 154.9751729724644 68.16805984080864
156.41952716007086 50.111289129970146 36.596900261987116 -41.335011941798214 154.79828993775715 68.4535228295753
156.5052030752887 49.390862115484715 36.75546616484046 -41.47995739129772 154.60394002626782 68.7351140835896
156.4543267079524 48.75892421572688 36.88362103253299 -41.559272526452546 154.46589701054359 68.98367043380239
156.34794447508708 48.09988321891237 36.944168055943436 -41.56729674177586 154.4296889374154 69.25914152921034
156.17961232939842 47.4969634283328 36.996378079998976 -41.524004951624036 154.44427410532006 69.52181789003231
155.9928084212022 47.06371759302804 37.02292958536994 -41.50067355890829 154.44677529274517 69.68475630809962
155.95307478425667 46.613807342867446 36.98484811751816 -41.5311960440025 154.4528152391413 69.79682741451383
156.0199162984876 45.99000600727472 36.815012581416 -41.5811089807311 154.52025027500227 69.95468109845132
156.0401485740146 45.33567857715751 36.47251548911627 -41.619930165954045 154.66091212823073 70.11812744752739
155.86688967093903 44.78260827422204 36.058073443439746 -41.633998166034246 154.81030456733612 70.23956270175171
155.46343157921652 44.229001350403315 35.737827959943814 -41.623907593416824 154.8903310597111 70.413159279952
154.98743960017558 43.46565943109226 35.555347277275615 -41.60181465032329 154.8952238314129 70.76692777799389
154.60692823361344 42.435834533298205 35.40843305578732 -41.58923172846383 154.8738450422634 71.30331462178889
154.3551654379654 41.457271260679576 35.19810531705855 -41.61671421688903 154.85702843403112 71.81637204665904
154.15991974389868 40.72399606155082 34.90353218144815 -41.68707793909297 154.8439907490806 72.19396769798726
154.00662705704372 40.09154009923677 34.546593535677474 -41.76678313543947 154.84659996317203 72.51439322915613
153.92814060062182 39.466672208239096 34.166219281824034 -41.844215760430316 154.89337431162812 72.75886159501573
153.882215483505 38.82793521997582 33.89510249527894 -41.91120597485534 154.9671209288657 72.8938723461664
153.77867042114744 38.28364232040142 33.84034269743761 -41.93392633784316 155.02613526942432 72.94409117158608
153.6498716305403 37.826665737974764 33.94373619635665 -41.9065604242538 155.05579139163865 73.00959045604864
153.67149776695425 37.280646789354115 34.000640527193696 -41.87341867503902 155.08318581429273 73.2064071194602
153.87068116309257 36.676654742013994 33.874443862159225 -41.86704062390646 155.13873444067582 73.48460041633628
154.1501127251392 35.95700001829785 33.54522510928946 -41.93813011455366 155.17008971060005 73.8619400611835
154.41512619001577 34.95180037749371 33.04072462334915 -42.16061726345185 155.06737794274358 74.45556598242077
154.55684102205288 33.80284275923777 32.53371095140815 -42.492700348928096 154.81415120176308 75.17665293011187
154.53163417975452 32.655615826088756 32.15244425540117 -42.84943433025059 154.453005227537 75.9341909030366
154.33340115313018 31.44743488597964 31.870492330957287 -43.19169973573722 154.01214588646988 76.7839539943905
154.00719041718975 30.25917119125633 31.688510366125957 -43.44032309903424 153.5904627956131 77.67340549243434
153.69948853555098 29.238180203807428 31.62754146162075 -43.57510466848332 153.2618049049862 78.47363628913511
153.62907244007386 28.376072300959425 31.637759761329992 -43.693530645146 153.01312581311146 79.1276713562193
153.8841744917382 27.622222859236988 31.67100239588749 -43.84460109968579 152.83201855776554 79.64315519950765
154.22486861117687 27.0054773377734 31.73939339915337 -44.001247304675886 152.66530004739207 80.05712804114137
154.42434159621774 26.44461282869136 31.820379265946684 -44.170865774751746 152.43605378730504 80.48071536236122
154.53961524863922 25.740773857445113 31.927325429925993 -44.37282962448677 152.09697456942132 81.09292661123807
154.72169278748322 24.904204167051468 32.13512457383427 -44.57794437621865 151.65302601062993 81.92201015622742
155.03337783792566 23.90503881524575 32.24486297828166 -44.784496794429145 151.22950451799028 82.87358259646518
155.3791601214835 22.501362022508125 31.999921459086124 -44.999452264372366 150.95684150566547 83.92079933679094
155.62301674983976 20.701703898526503 31.553946560731127 -45.140321392783235 150.84831410586497 85.01484055360538
155.6299477210571 18.81629071412099 31.251029416629187 -45.12476709013146 150.8243937767499 86.05921012535308
155.37721499548775 17.111599385297417 31.20322192328279 -44.996973206570466 150.7999127466708 86.9590059766367
155.04307049255758 15.718632705240257 31.272870927404227 -44.8671277613751 150.75732920154195 87.64449138883978
154.738811229411 14.811076808064623 31.337130891450524 -44.77109274546857 150.7295043685515 88.03972839372159
154.4843591017085 14.316268442155112 31.407943779116017 -44.746740642098985 150.66789276405586 88.23281932197379
154.35204935538272 13.882652185846334 31.507229850167818 -44.83229934128397 150.50213111920036 88.48393811298564
154.43892836406704 13.435173515348414 31.583351361378472 -44.94456784984841 150.32039502198865 88.83359171339596
154.6895964396225 13.031163343648284 31.6389133491922 -45.05017986882035 150.15716029893406 89.21609942971571
154.86492443028723 12.694894033857171 31.707249537004678 -45.18512917125633 149.95567554629076 89.60522653641013
154.95369739999194 12.423585791896237 31.771319314405766 -45.34253630867137 149.7385591053249 89.96200732982722
155.0768121634948 12.198359053243532 31.79438765714044 -45.49119386926213 149.5604001321346 90.24641051571422
155.2377459586016 12.074546403485446 31.728003756856467 -45.61425453989463 149.45501440149457 90.40040817138237
155.37603790253257 12.04877696387868 31.614764125497913 -45.734311034212155 149.37451360250827 90.47387115909802
