82.44019616118463 -46.48080287220223 60.09038490218786 2.4371400630527296 0.666946530417535 -1.5765478123778034 0 0 0 0 0 0
81.98016301723872 -46.47208791257741 60.10016934115399 2.4339693498425996 0.675797767100555 -1.5740014691901738 -13.800994318377207 0.2614487887447581 0.29353316898408366 7.804476454659715 -38.995100270848155 -25.28133231914411
82.18148199245219 -46.408208643846564 60.39901073280552 2.433287303452447 0.672392218639214 -1.5663005874665086 6.039569256404036 1.9163780619253146 8.965241749545854 7.72949278726587 9.477747849546319 -12.264467823023962
84.6899215986045 -46.31053993811761 61.48442539087716 2.424866492955164 0.6733695546002536 -1.562565654124757 75.25318818456924 2.930061171868701 32.56243974214925 29.482827317516506 35.42067696813357 -46.404447023512965
82.25945259082853 -46.673799301821724 60.75029982974294 2.4162771561941745 0.6824082553339419 -1.5665006545454094 -72.91407023327906 -10.897780911123505 -22.023766834026617 -0.6719650526364168 -0.8667578064467711 0.8729846578293392
82.21777577034409 -47.08034006358777 60.71351682975521 2.4290780144168043 0.6861341563113039 -1.5638220622200336 -1.2503046145332064 -12.196222852981364 -1.1034899996320746 26.034127172257634 21.340885941493838 32.97666096663551
82.19181437782754 -47.299087757443786 60.61637161094704 2.429970484702093 0.6833692169360642 -1.5647606048317462 -0.7788417754964883 -6.5624308156805 -2.9143565642449687 33.68454969409724 -32.7853283816636 -3.336825932724287
82.44295559899723 -47.48012202863751 60.53221398648719 2.4324966012031535 0.6909792728824995 -1.5602121275141287 7.534236635090679 -5.431028135811715 -2.524728733795456 2.3072484754955753 -38.18993258625152 -27.511256782347917
82.15632202207533 -47.467644513913186 60.18291456411692 2.4376934212127335 0.6959194580567847 -1.559885200964297 -8.599007307657018 0.3743254417297237 -10.47898267110817 -15.93947099199233 39.684847899466426 19.791592115072092
81.49056101188843 -47.41953905606975 59.752633337930334 2.4454501287785484 0.6923602624943427 -1.5566523866384427 -19.972830305606948 1.443163735303017 -12.908436785597601 -13.955626462572114 39.73019622004059 21.15244984467905
81.5354352748574 -47.24038510591935 59.71536195754441 2.441628854799211 0.6873394873616607 -1.5573319635491323 1.3462278890692403 5.374618504512014 -1.1181414115777244 -0.7741292668949523 -0.9341508631768524 1.2514855075322886
81.60222660556394 -47.25888202350417 59.743291500528 2.452727522595929 0.6934453660379887 -1.550713061363434 2.003739921196086 -0.5549075275445858 0.8378862895077788 -28.510635614226555 36.32568906786452 9.394562877182757
81.56568296018268 -47.311963751084356 59.85926405524508 2.457952916407967 0.6950619756473415 -1.5480178688329393 -1.0963093614377328 -1.5924518274055544 3.479176641512254 -7.397910518552814 -8.786946355746402 11.703890554967748
81.25043341166833 -47.4099040287746 59.8117443381118 2.4669346839064383 0.7030389084620391 -1.5432479652840323 -9.457486455430768 -2.938208330707255 -1.4255915139982989 53.65283165071562 -74.23569282181117 -22.02812175452603
81.25285043979002 -47.51776886547067 59.84508260700429 2.475116076873874 0.7102973200220758 -1.5381217936444278 0.07251084365094584 -3.235945100882205 1.000148066774571 -10.50066839191562 39.69997874247734 23.11513088767297
81.98884122299924 -47.683114404098376 60.175117938187455 2.4949710529562403 0.7216473865575784 -1.5255554902860438 22.07972349627653 -4.960366158831135 9.901059935495056 -17.78684575091633 -20.970796809642724 28.308641348288162
81.8377672213802 -47.80414832718387 60.06361006419587 2.5047865550846566 0.7356080919985483 -1.5168486558487824 -4.532220048571105 -3.6310176925647397 -3.345236219747534 -39.14987657404306 -46.2689852769733 62.842296886173145
80.12807038369664 -47.9542636359168 59.630800993707105 2.507269696270832 0.736040797875065 -1.5032050554757064 -51.290905130506985 -4.50345926198807 -12.984272114662971 17.816211720062583 21.071762314103964 -28.948253341389027
82.83653485209199 -48.51714093091383 60.81992796815848 2.556718498262005 0.7616531946473045 -1.449623430882732 81.25393405186045 -16.886318849910893 35.67380923354129 -41.894673033743416 -48.46745035300258 68.57708926429274
84.21267493052869 -49.137242241093524 61.525597327810125 2.5454619452572556 0.832355158222458 -1.3985758087163456 41.284202353101165 -18.60303930539075 21.170080789549317 -23.822556325427243 -25.1562234043737 36.859573523612916
81.2176766588982 -50.524820282568975 61.15604595319386 2.5660461363351468 0.8609369395249278 -1.3648368089224063 -89.84994814891479 -41.627341244263505 -11.08654123848794 3.828926342196075 4.141854254331855 -6.972634233926821
80.9591268585586 -51.0487826752591 60.961332666060265 2.5833285633034255 0.8765608580789869 -1.3469451659617835 -7.756494010187822 -15.718871780703694 -5.841398614007858 6.703913083860114 -41.66958051349361 -20.961038568722184
80.63298616804752 -51.428558734750595 60.92900327045158 2.597368888738823 0.9067802256694534 -1.315802996867632 -9.784220715332452 -11.393281784744929 -0.9698818682605292 -25.263118672074086 -25.18804440189858 -30.79531970865975
78.56224570540584 -52.260555096225126 60.64963561544873 2.6198561851449975 0.9363141938439798 -1.278869316871059 -62.12221387925041 -24.959890844235915 -8.381029650085523 -6.2300413624313284 -5.230187696337613 8.85388376890884
78.73966104069235 -52.64666228299054 60.7274086431934 2.6377820051996905 0.9776656946384574 -1.2596817270781289 5.32246005859534 -11.58321560296244 2.3331908323400796 -11.609381707046039 -9.819507907944608 17.270020892966034
77.189288508604 -52.81846689023857 60.77881032284199 2.6804437673501367 0.9946113216704242 -1.2043769288787134 -46.51117596265081 -5.154138217440831 1.5420503894577564 8.019236433077547 6.928767985426186 -13.140894747562847
80.39808542474702 -52.76252878399526 63.07899718794271 2.7519728057510977 1.0221894630341883 -1.0818670302101774 96.26390748429088 1.6781431872993124 69.0056059530216 19.358160357850416 15.481923777293856 -31.934554542723163
77.59041296098174 -53.67954787013562 61.67606564860036 2.7604223481954224 1.070950871899137 -1.089916457783696 -84.23017391295858 -27.51057258421092 -42.087946180270634 -25.981906920481414 -26.47298363916245 -29.069823640720404
77.01637985177396 -53.552445800601845 61.711074419219415 2.784705271597262 1.0701750178455616 -1.058619539380269 -17.22099327623326 3.8130620860133035 1.0502631185717348 7.657098039519465 5.518224617953223 -11.917257750382804
74.13662211003368 -46.83103485185816 65.20829771699859 2.831021284070743 1.087358469915813 -0.9674784834245777 -86.39273225220833 201.64232846231045 104.91669893337516 8.731165931961343 6.247910488927563 -14.846819787926954
77.2435306868873 -53.73679447921686 62.43216616877982 2.87459361641695 1.136164762848609 -0.9159918588387647 93.20725730560838 -207.17278882076096 -83.28394644656292 19.65389846146484 -42.642667609148134 -4.010752031966618
77.85762763572082 -53.82193269573136 62.91354521460084 2.914843762679081 1.1276840015872707 -0.8683035995255497 18.422908465005605 -2.5541464954350346 14.44137137463045 -39.88887826465105 11.690934794609893 -22.203080033363413
78.74500479468115 -54.17999008813104 63.69409125937417 2.9836515954225837 1.1342912413095407 -0.76618111532777 26.62131476881001 -10.741721771990385 23.41638134319993 -13.120724280127725 -6.740367250363768 18.631893876887833
76.24441801538948 -55.36877520058956 62.4588480436706 3.0696895511762463 1.1795716420268305 -0.6875699696140009 -75.01760337874998 -35.66355337375555 -37.05729647110708 -42.859286068725474 -21.86014093808989 64.12842150716162
79.98902443803094 -55.053042913142924 62.91840687479777 3.0616049882658096 1.1800172719357858 -0.701936506872912 112.3381926792436 9.471968623399079 13.78676493381505 21.040769943492883 -42.16540732344256 0.1786908729350385
78.15287214220727 -55.38052931701563 61.89979944775161 3.118258503681729 1.1595891986823628 -0.644139593452697 -55.08456887470999 -9.824592116181137 -30.55822281138468 -32.156841293678504 32.77233452861249 -10.623027429049605
79.89994486169995 -55.0899425263352 62.67527210684674 3.1238054431185063 1.1749089774869295 -0.6044381906861798 52.41218158478034 8.717603720412868 23.26417977285388 -24.373465851693926 -11.615583597208877 36.073183920280414
78.40817817171205 -55.859220745129015 62.253535035452906 -3.0788915808728996 1.191712292335604 -0.5373334837070951 -44.75300069963694 -23.07834656381445 -12.652112141815053 17.7596277497474 -43.6310515999054 -1.2623715957128396
78.94592968452443 -55.821686178940105 62.4531854554459 -2.9969803908362613 1.1878416975252437 -0.44965559330302435 16.132545384371326 1.126036985667298 5.989512599789748 -49.03849200163037 -21.17102215912987 73.15457367425657
79.46975172172972 -55.6743592802218 63.07333786091615 -2.936513196340076 1.1707007806323673 -0.36466089094425075 15.714661116158766 4.419806961549142 18.60457216410751 -38.667295593253534 -4.207149406793805 -26.61266761376147
80.55643093875237 -56.165858732896424 63.65733165350745 -2.828792627203771 1.170218776506268 -0.2534770593442229 32.60037651067947 -14.744983580238724 17.519813777739017 19.25856001019033 7.408588350690086 -30.35356363575535
79.71080808304778 -56.56471896938203 63.29382582992765 -2.7252359607723093 1.169316461572744 -0.1584658742612284 -25.368685671137712 -11.965807094568106 -10.905174707393996 -37.970235656856566 19.056559297549878 -20.39361050958513
82.30619303570151 -62.42282128855856 61.757690603918526 -2.6266255553499134 1.1364412988757706 -0.05784385335978632 77.86154857961193 -175.74306957529595 -46.08405678027367 -2.9641412460787353 -0.4307618112123104 3.620876799635552
80.63021357161733 -57.36647566802903 64.22987841675881 -2.569560347664079 1.1147921235502911 0.004165489663988282 -50.27938392252537 151.6903686158858 74.16563438520846 3.7666643668747883 1.4545085703970744 -6.729703511382793
79.79067256200996 -57.64673131262239 63.696052531192606 -2.518141553999111 1.1035829172749658 0.05143005036070375 -25.186230288221196 -8.407669337800812 -16.014776566986058 -38.21634073876551 -10.266879164849463 -25.58967929207807
78.9845954810644 -57.71280306473408 63.77887341145356 -2.502201554879319 1.084808740354439 0.05066150349651396 -24.182312428366686 -1.982152563350681 2.484626407828614 -48.53165328505372 -13.626609784176836 78.99992727810309
79.4116485244505 -56.133096093558116 63.92536532043683 -2.559594712973774 1.1194239913040747 -0.024880698386476118 12.811591301582865 47.391209135278984 4.394757269498157 15.877604727989041 40.810691703938296 17.40833486237856
78.97392718489206 -56.104666238000696 63.25334596959913 -2.5165573298596415 1.1199341808296224 0.02847426995097218 -13.131640186753089 0.8528956667225884 -20.160580525131024 48.419109796148064 14.993508554081657 -77.25486872860684
79.87688488497805 -56.37429205643193 62.87342004811578 -2.4496285838785403 1.0843764116713597 0.10052174592573117 27.08873100257975 -8.08877455293711 -11.39777764450045 -39.26074670121914 -5.760723765889043 -25.425271654401865
80.08189123378396 -56.49433935830763 62.795963614346384 -2.425181705740586 1.054897717392125 0.12914355885655424 6.150190464177285 -3.6014190562708137 -2.3236930130819644 45.96350578852169 12.041603142610901 -75.91715722790661
79.34884092787036 -56.93037928795647 62.41748293257421 -2.387732902578134 1.0245838332114388 0.16439558212633348 -21.991509177408233 -13.081197889465273 -11.354420453165233 13.083514863021053 43.06651029020594 13.957002871163994
78.58112749434055 -57.485263154408464 62.09703871922098 -2.339953619985488 0.9790954881342747 0.20910534846645373 -23.03140300589419 -16.646515993559845 -9.613326400596804 8.868388474748826 2.507966278225613 -16.374607249158743
82.60081200230097 -53.9681322740891 54.75099287044437 -2.317362606835363 0.9427585999225638 0.24040647799219758 120.5905352388126 105.51392640958092 -220.38137546329835 22.835098036492514 37.65033841052129 16.783080394277857
81.14433203653344 -58.276337892078544 62.47442558550549 -2.263884794684208 0.885226388579691 0.2925498996993538 -43.69439897302584 -129.2461685396833 231.70298145183367 3.566424490370491 1.1719340979035942 -8.067900599085302
79.74335725314431 -59.10928696726606 61.439117297573716 -2.201532814210949 0.8637713504051362 0.35633132715313515 -42.02924350167393 -24.988472255625425 -31.059248637953303 6.296493864506424 -46.69952054543626 0.4137733945550859
79.71434710213221 -59.51619004239737 60.8544967866085 -2.1833805314716273 0.8140189599788858 0.36894171819345295 -0.8703045303630574 -12.207092253939322 -17.53861532895648 -2.3255279478684545 47.06395391440057 0.856944290168439
75.16834277842253 -60.45995917635815 59.07143502319915 -2.1858911454664187 0.7838068656016842 0.35845048769069837 -136.38012971129044 -28.313074018823343 -53.4918529022805 -33.48602534487722 29.22197478890812 -15.672542538588514
79.51510881703466 -60.53410107333779 60.25005840413079 -2.1696964798132314 0.7714859274167046 0.3570106969470006 130.40298115836393 -2.2242569093891973 35.3587014279492 42.39698985208994 -0.5444606014723737 20.563593587862243
78.96749310661026 -60.823874496531836 59.518272798600115 -2.171725571158526 0.7380332436882798 0.3470460431568545 -16.42847131273186 -8.69320269582147 -21.953568165920245 -42.525009277982406 -2.355431828725002 -20.16820153539791
81.32112933666126 -60.76444028627588 60.19302415169881 -2.157221868012589 0.6855247600565433 0.34398583288073686 70.60908690152985 1.783026307678739 20.242540592960765 -19.355710910232922 -0.4167609619205363 42.57328890838229
70.53571761665799 -62.09419935497305 56.68859436350155 -2.193069803090672 0.6568237723196249 0.3049485284064798 -323.56235160009805 -39.89277206091515 -105.1328936459177 -30.521058561346955 33.756667561774485 -12.24278675134855
79.22037773982797 -61.36521016470304 58.889679352285214 -2.1662925838175178 0.651246892398592 0.32370103581627374 260.5398036950993 21.86967570810019 66.03254966350988 -9.624703644572442 -45.88276498973659 -4.777181319619382
71.24832529341138 -62.00005121785722 57.03567211706491 -2.1793896929177237 0.6358739334799606 0.2601418402781766 -239.1615733924975 -19.045231594625278 -55.620217056609036 1.9764372471725462 0.7001619063785599 -3.069787830380106
71.30927379494426 -61.911861638475756 57.37968827400177 -2.1680611942711603 0.6161437736522762 0.21062873949917818 1.828455045986317 2.6456873814439064 10.320484708105795 -0.9562571649706485 0.345882356520303 4.257692638241094
69.12229763365953 -62.18214312529248 56.755262208624316 -2.154455307888211 0.615792228181722 0.18760409978694723 -65.60928483854198 -8.108444604501628 -18.73278196132368 26.64592530976501 36.88392744919217 12.264682795591948
70.96500828787286 -61.80378608065926 57.61858005683619 -2.1604056845970048 0.618858283030574 0.16374533743535896 55.281319626400034 11.350711338996575 25.899535446356126 1.612440720402819 0.4079319996145809 -3.495596569680594
76.13319504864278 -61.206858878351674 58.83459180456397 -2.1353351304155144 0.6338213201765691 0.1775334509989994 155.0456028230974 17.907816069227493 36.48035243183351 -15.870569223846475 -4.134822068545561 43.65562821469274
73.58212225963833 -61.37486212399934 59.559598948387745 -2.1452837820247597 0.674650486138181 0.1073007124323095 -76.53218367013352 -5.040097369430043 21.75021431471322 9.80304618116622 -46.06965251456662 -1.5346751789552162
69.57462184278882 -62.00408924921657 59.373352800244504 -2.1814063167761257 0.6546909328181332 0.06339483830365153 -120.2250125054853 -18.87681375651681 -5.587384444297214 -3.6864030943833215 46.69712531680713 5.19189456530542
82.97657755376375 -57.487912638082044 62.50713900357688 -2.27694531527957 0.769232996935318 0.1412165605082037 402.05867132924794 135.48529833403578 94.01358609997132 -5.531907709815648 -3.5346792068057407 11.637103296386213
73.90091133130134 -61.15770655861879 62.29803658304345 -2.203913560499385 0.7587143698308125 0.028115856875338102 -272.2699866738721 -110.09381761610243 -6.273072616003006 19.216350729640205 -43.000492883513594 1.545107133837681
74.95067414663201 -60.930588798627866 62.60102677368294 -2.2066352807895333 0.7770576277295524 0.040474062341414346 31.492884459919992 6.813532799727753 9.089705719184735 16.84742333807451 -43.99241424416048 -1.2758262440551087
85.5542982379306 -56.10848633375554 65.96070540446115 -2.362164186200745 0.8531690532122276 0.10090088350087427 318.10872273895757 144.6630739461697 100.79035892334637 6.774674061492744 1.6280662680851663 -18.683263938337788
88.80875401678223 -55.13739515948054 70.66508968113004 -2.491649916544232 0.7998288902306634 -0.17564459975192628 97.63367336554907 29.132735228250084 141.1315283000667 43.218527894788 1.5473776997031612 19.051126713557906
74.99546866495419 -56.4510615377292 64.21850908442444 -2.24061694195555 0.7602565616821158 -0.04476951561738661 -414.3985605548413 -39.409991347459865 -193.39741790116804 -32.78934675861136 -18.67897570970202 83.08763886643746
71.54476387983735 -57.18452958259395 62.2770862489333 -2.1928065806705073 0.7526326866426994 -0.030954258457639706 -103.52114355350523 -22.00404134594251 -58.24268506473416 39.5630976282677 -23.437249866204137 10.301435506200812
69.95694171222647 -56.58954496982667 61.46011562279717 -2.2738712387943245 0.7677671132165443 -0.12987270692689165 -47.634665028326424 17.849538383018526 -24.50911878408398 13.273350126286347 7.938316863858653 -32.1932176342484
72.55200976641764 -56.65621481496883 62.3169298032655 -2.3069185265076593 0.7282070685988926 -0.19884411532801977 77.85204162573521 -2.0000953542647437 25.704425414050007 32.64351716559641 28.079206821147064 19.188919025451195
68.08419052359793 -57.52871151736002 56.79106103963872 -2.217302739645784 0.7096347603040443 -0.27998369353268726 -134.03457728459145 -26.174901071735874 -165.77606290880348 37.0129627672933 22.387297202912933 18.84693027633194
68.29635744234696 -56.951264401746485 56.20935975355671 -2.2191081903579364 0.7219690731956875 -0.36248119986480054 6.365007562471021 17.32341346840613 -17.451038582460257 43.39926709522448 8.70627981131897 16.254571123337037
72.73546286630771 -55.25862328871815 58.77533320595845 -2.3092483555060737 0.6979839403763847 -0.4813336983398988 133.17316271882262 50.77923339085011 76.97920357205206 19.199112388507395 27.278460416248503 -66.58984227016225
73.24382314730751 -54.50921007948845 59.4032128986701 -2.336911717421498 0.6962589715749773 -0.5688216246526939 15.250808429993867 22.482396276891023 18.83639078134955 -9.642052728241973 -17.811795461445815 41.041763981640905
68.00085380803574 -54.41385147815092 57.21273217261273 -2.3522878475295914 0.7146749600710307 -0.6406665934740238 -157.289080178153 2.8607580401259014 -65.71442178172099 17.55045309181784 33.892225927684855 -68.95013053993905
74.02130547778606 -55.64770266345895 61.02737000564883 -2.320126638811079 0.7074603726996523 -0.6365910321757198 180.61355009250946 -37.015535559241 114.43913499108284 13.514304215335462 38.700499548308464 23.246729088601167
71.69115845486687 -53.20431513135958 59.68080732530737 -2.384898670241915 0.6374104005319203 -0.721934155804079 -69.90441068757576 73.30162596298116 -40.396880410243696 8.830008000654532 21.85422655431539 -39.28853926514288
68.55577893570869 -54.955642561304465 57.07998881261276 -2.221275781201824 0.636167219020845 -0.7296700658989533 -94.06138557474534 -52.5398228983466 -78.02455538083827 12.748016161290996 41.4807517456643 -73.85601484625181
70.72125473447976 -52.37708490455094 57.87260019072335 -2.3597967029542977 0.6532538602928144 -0.7954249346328797 64.96427396313209 77.35672970260573 23.778341343317564 -10.713173630759844 -38.78194072309797 -24.542986031333896
69.7420802988616 -52.49953921815106 57.526613351614856 -2.338230262673532 0.6350434377943573 -0.789324916160411 -29.375233068544873 -3.673629408003478 -10.379605173254731 -3.546223541592755 -11.865121140824108 20.70836126209439
70.71241150713185 -52.6348468330086 57.66434708617339 -2.30103545378363 0.6354586641825108 -0.7818360173979672 29.109936248107573 -4.059228445726362 4.132012036756123 12.402952154165423 46.655428394040314 -78.68550742431164
70.00570700762 -51.91584192385095 57.40983530354836 -2.3502011334051183 0.617273587784645 -0.8455901686765638 -21.20113498535531 21.57014727472962 -7.635353478750915 9.38312232188202 38.84569856903018 24.98095049460611
72.4742062173231 -52.70259442053317 59.130351567226825 -2.2739423162075565 0.5466421085347976 -0.8925884386930784 74.05497629109291 -23.602574900466564 51.61548791035386 17.265090650631052 36.27803568300441 24.759908784760697
71.31535169931877 -52.671022944197844 59.16137157160158 -2.2590578933646825 0.5483195440515417 -0.9100387094832456 -34.76563554012998 0.9471442900596827 0.9306001312425849 46.97763719128063 -3.722424665103823 0.28446725615256147
67.64400840788872 -52.432515318180315 56.93051793099238 -2.217636577629667 0.6042462469620576 -0.8483383746943477 -110.14029874290145 7.1552287805258885 -66.92560921827592 -0.5901228825808715 -3.7197918828632197 3.8288756910401465
66.37052895457724 -52.24871166108022 57.817234508803196 -2.2432972110404656 0.552958034633906 -0.9098068579224196 -38.204383599344425 5.514109713002782 26.601497334324478 46.629733302383016 3.640730325188183 5.787424940867929
67.63151555267586 -52.36360402862911 57.5525431931947 -2.186826218178758 0.5688473583996243 -0.875127451601938 37.82959794295877 -3.446771026466706 -7.940739468254847 -0.0976045920983425 -0.09077809238721096 0.007070784434453172
65.54907349732963 -52.974385344708175 57.62247276972327 -2.17084200599402 0.48054251359088074 -0.9312262887407873 -62.47326166038704 -18.32343948237188 2.097887295856964 0.1657274056318666 0.40659322046597973 2.7750605473946717
63.3645521949241 -53.450238393706925 57.188930360650076 -2.071816114174769 0.49841387385498404 -0.8817970922226603 -65.53563907216585 -14.27559146996252 -13.006272272195716 -0.21695442557178707 3.1773179511063967 -4.470005958985795
62.96009957958804 -53.744207632873916 56.77455042756827 -2.0621721217561677 0.47688344785430786 -0.8963298238831511 -12.133578460081864 -8.819077175009724 -12.431397992454123 1.475674319673666 -25.038863950389818 38.02121086588416
62.8992484374492 -53.758337756147995 56.612853349250635 -2.0564708452594354 0.4651828979929148 -0.8816736871767966 -1.825534264165114 -0.42390369822236096 -4.850912349529111 -0.9803304449163502 39.185821819853714 26.156868081242965
59.84242740321848 -53.89282035892238 55.949711237825085 -2.0488177626190933 0.41915105859876683 -0.9511344524527544 -91.70463102692167 -4.034478083231505 -19.894263342766507 7.46015170388268 38.87542242190868 25.633014485717013
