0.554143 46.798637 42.817682
0.541143 46.808137 42.864682
0.546810 46.808637 42.878682
0.434143 47.374137 42.838182
0.386143 47.716437 42.786482
0.484976 47.516470 42.921015
0.581286 47.499637 42.887825
0.731143 47.367887 42.999932
0.868921 47.330526 43.015793
1.040143 47.258637 43.079382
1.191598 47.228092 43.061409
1.318476 47.173304 43.064932
1.412297 47.154714 43.012220
1.498429 47.092994 43.035396
1.557410 47.055704 43.010282
1.608081 46.998262 43.010682
1.620261 46.948166 42.999388
1.613587 46.875526 42.990404
1.590248 46.810111 42.958735
1.562793 46.725437 42.937432
1.569043 46.615137 42.930682
1.547493 46.492087 42.900632
1.496593 46.348587 42.870332
1.454543 46.074487 42.811782
1.420643 45.774037 42.789532
1.339643 45.604987 42.698132
1.272393 45.380187 42.665282
1.155143 45.189037 42.548132
1.117693 45.017937 42.480982
1.060943 44.893587 42.350832
1.003493 44.726087 42.275932
0.945093 44.584887 42.152982
0.891393 44.409887 42.075682
0.832693 44.281337 41.944132
0.782543 44.124687 41.874282
0.738093 43.997187 41.758832
0.724643 43.847687 41.674432
0.730493 43.745087 41.571432
0.738693 43.632437 41.503532
0.740293 43.553937 41.424582
0.749343 43.495387 41.346982
0.754143 43.462987 41.272982
0.733093 43.436487 41.220932
0.701543 43.439537 41.217282
0.611743 43.444187 41.173982
0.517793 43.458087 41.161782
0.354543 43.496837 41.117882
0.192793 43.546887 41.125232
-0.058307 43.538637 41.104032
-0.332107 43.511887 41.123232
-0.622357 43.508837 41.133082
-0.910957 43.510137 41.186032
-1.199907 43.512837 41.225532
-1.496607 43.496887 41.285232
-1.818607 43.503987 41.296032
-2.135757 43.494837 41.352482
-2.462757 43.502837 41.403732
-2.811457 43.495937 41.451632
-3.161507 43.489787 41.497932
-3.527557 43.489587 41.536532
-3.896107 43.482637 41.593132
-4.258707 43.470737 41.681582
-4.589907 43.463337 41.755832
-4.923407 43.447987 41.794082
-5.250907 43.454587 41.856282
-5.553507 43.438337 41.910832
-5.820757 43.407087 41.991382
-6.063557 43.383437 42.030882
-6.306357 43.374537 42.096032
-6.550307 43.346087 42.150382
-6.806507 43.460337 42.181382
-7.068557 43.558637 42.218432
-7.314157 43.542787 42.267882
-7.568957 43.542637 42.287382
-7.789557 43.542087 42.359882
-8.014957 43.522887 42.418732
-8.249957 43.526837 42.445782
-8.488757 43.523437 42.504732
-8.731107 43.535287 42.565032
-8.951707 43.506387 42.663232
-9.167807 43.515587 42.718482
-9.376157 43.504287 42.764682
-9.588357 43.518687 42.797832
-9.762257 43.502787 42.893082
-9.950457 43.521837 42.954882
-10.129807 43.517987 43.028532
-10.328957 43.533387 43.077482
-10.536757 43.535337 43.152782
-10.766557 43.545787 43.216532
-10.967257 43.548137 43.302632
-11.178157 43.440837 43.403482
-11.377107 43.327237 43.480982
-11.605207 43.345337 43.561382
-11.814257 43.337937 43.668932
-12.060907 43.330687 43.732532
-12.311607 43.343137 43.793682
-12.566757 43.343587 43.874432
-12.800607 43.343437 43.950882
-13.032657 43.338037 44.021632
-13.265857 43.358737 44.066982
-13.500257 43.351037 44.143432
-13.720807 43.350687 44.218782
-13.921257 43.316137 44.313432
-14.156107 43.329987 44.352282
-14.333207 43.292437 44.438182
-14.549907 43.296437 44.490982
-14.719507 43.268537 44.574382
-14.916357 43.279737 44.606832
-15.062757 43.266237 44.651632
-15.234057 43.273287 44.688432
-15.376007 43.247987 44.736682
-15.533157 43.233937 44.794332
-15.714457 43.346837 44.829482
-15.906407 43.480087 44.845032
-16.059157 43.440487 44.931832
-16.250007 43.438537 44.988332
-16.408607 43.408337 45.072982
-16.588357 43.392787 45.133482
-16.757807 43.364287 45.213132
-16.949507 43.348537 45.262132
-17.129257 43.315787 45.323132
-17.333107 43.304437 45.352882
-17.533757 43.305737 45.389932
-17.711457 43.288137 45.435382
-17.902857 43.280787 45.488582
-18.099057 43.267337 45.532032
-18.305307 43.276537 45.578732
-18.463657 43.255687 45.656132
-18.659657 43.246987 45.725232
-18.829057 43.070737 45.821882
-19.069157 43.065937 45.895532
-19.287457 43.036337 45.931882
-19.506807 42.900837 46.010182
-19.699857 42.740387 46.102482
-19.913007 42.766887 46.142232
-20.084557 42.742537 46.202032
-20.307857 42.765187 46.227732
-20.469407 42.737987 46.298332
-20.663057 42.767137 46.329382
-20.817757 42.750687 46.399482
-21.007257 42.774837 46.448332
-21.155857 42.759737 46.527832
-21.334557 42.784837 46.568732
-21.502857 42.780287 46.648332
-21.681457 42.803937 46.670932
-21.820607 42.797487 46.737982
-22.000607 42.814137 46.774582
-22.190957 42.808637 46.841082
-22.403057 42.826187 46.894582
-22.619707 42.994637 46.930132
-22.786707 43.013337 46.950932
-22.964807 43.050237 47.032032
-23.112357 43.063837 47.060432
-23.270657 43.089187 47.078582
-23.424357 43.093087 47.082382
-23.576057 43.129287 47.100782
-23.703757 43.146187 47.112832
-23.862357 43.194187 47.101232
-23.973557 43.190287 47.119732
-24.102307 43.228237 47.110782
-24.192007 43.228587 47.116832
-24.306857 43.267537 47.104032
-24.378757 43.251437 47.133832
-24.490957 43.294737 47.111782
-24.570057 43.299137 47.130382
-24.701757 43.354187 47.116182
-24.789157 43.355687 47.141182
-24.913407 43.390137 47.131232
-24.975757 43.545087 47.116382
-25.065707 43.720537 47.084382
-25.131707 43.876387 47.086582
-25.199707 43.885637 47.082732
-25.270457 44.041837 47.094332
-25.386057 44.050037 47.140632
-25.493357 44.049537 47.212282
-25.641107 44.052837 47.253332
-25.759457 44.041137 47.323182
-25.907357 44.044037 47.377132
-26.060307 44.042887 47.439882
-26.213607 44.048787 47.499532
-26.365607 44.062037 47.543332
-26.513707 44.064537 47.598432
-26.672357 44.088937 47.634532
-26.807357 44.083437 47.698982
-26.972807 44.120437 47.751332
-27.106557 44.089337 47.829532
-27.272607 44.114987 47.904632
-27.399907 44.103487 47.968132
-27.587407 43.971287 48.035932
-27.725657 43.979337 48.093082
-27.875557 44.001587 48.143582
-28.033907 44.169437 48.185132
-28.187307 44.191237 48.238132
-28.312357 44.362637 48.268682
-28.492607 44.394437 48.315432
-28.635607 44.370937 48.387232
-28.808957 44.386287 48.466032
-28.980707 44.363487 48.532682
-29.198107 44.371687 48.573582
-29.422907 44.358387 48.675782
-29.673007 44.360987 48.742382
-29.909707 44.338487 48.839582
-30.167607 44.334237 48.918332
-30.409407 44.316137 49.024082
-30.658307 44.287337 49.096682
-30.887257 44.291687 49.175632
-31.119057 44.272887 49.212832
-31.359957 44.286937 49.293932
-31.591557 44.253887 49.408532
-31.845357 44.098237 49.511532
-32.077607 43.924537 49.590082
-32.302957 43.930637 49.656232
-32.556407 43.738787 49.736332
-32.814107 43.575987 49.832432
-33.030807 43.534987 49.868382
-33.272457 43.577637 49.906832
-33.489007 43.544087 49.922632
-33.699657 43.561037 49.980482
-33.884157 43.556387 50.034382
-34.069157 43.577787 50.050632
-34.235957 43.558087 50.094832
-34.440157 43.602037 50.127582
-34.576507 43.781237 50.126332
-34.735907 43.979687 50.101382
-34.878157 44.161787 50.107632
-35.050857 44.365687 50.099832
-35.207157 44.556737 50.114882
-35.379707 44.740687 50.111182
-35.536907 44.947637 50.081882
-35.720757 44.951387 50.106282
-35.919457 44.961237 50.150282
-36.125907 44.797587 50.203082
-36.301357 44.830987 50.232682
-36.473307 44.838837 50.246532
-36.639357 44.874337 50.280732
-36.794407 44.864737 50.313982
-36.962457 44.899437 50.346182
-37.124907 44.912287 50.366332
-37.296707 44.714937 50.424682
-37.497857 44.687637 50.439282
-37.724807 44.703187 50.470582
-37.887957 44.473637 50.495532
-38.109807 44.091987 50.575782
-38.324457 43.695687 50.643632
-38.518457 43.696887 50.668632
-38.745107 43.511937 50.722932
-38.965107 43.327487 50.778582
-39.166607 43.106437 50.823982
-39.389707 42.927887 50.853682
-39.576957 43.107087 50.836632
-39.826607 43.103187 50.881432
-40.082007 43.092587 50.915932
-40.350507 43.079887 50.954232
-40.641457 43.088037 50.990182
-40.933807 43.064087 51.017282
-41.228807 43.048637 51.083032
-41.537657 43.016087 51.123632
-41.850457 42.981837 51.189682
-42.152807 43.163937 51.177882
-42.402657 43.168937 51.235382
-42.635357 43.134687 51.256282
-42.903407 43.320737 51.299532
-43.173757 43.489037 51.310182
-43.458407 43.687437 51.347282
-43.759607 43.460437 51.391882
-44.046257 43.437637 51.438982
-44.358957 43.378837 51.471882
-44.678707 43.381687 51.548082
-44.984357 43.313787 51.607732
-45.316207 43.095487 51.692132
-45.583657 43.046937 51.706032
-45.862507 43.020537 51.746282
-46.119407 42.940137 51.811382
-46.367857 42.879687 51.848432
-46.612907 42.848237 51.900282
-46.851257 42.788387 51.932282
-47.092157 42.754637 51.983832
-47.321757 42.714487 52.012332
-47.564707 42.669287 52.089882
-47.789657 42.599037 52.123132
-48.040757 42.586837 52.202332
-48.274257 42.549537 52.207382
-48.499307 42.512637 52.266382
-48.696557 42.441087 52.294732
-48.917807 42.423837 52.354182
-49.093307 42.381487 52.374832
-49.255157 42.372237 52.438882
-49.413357 42.331787 52.439482
-49.570807 42.318737 52.492482
-49.715007 42.283787 52.505232
-49.872207 42.247937 52.568732
-49.984707 41.989737 52.612932
-50.117157 42.010837 52.608882
-50.235007 41.992737 52.631882
-50.353457 41.972037 52.667932
-50.497557 42.179687 52.634132
-50.629257 42.378337 52.608132
-50.774957 42.373487 52.598482
-50.904257 42.350537 52.629082
-51.125307 42.380087 52.621982
-51.301207 42.352637 52.631732
-51.494857 42.337887 52.645582
-51.676007 42.325537 52.674582
-51.882357 42.350637 52.657982
-52.058507 42.342437 52.664482
-52.256007 42.322387 52.687282
-52.438857 42.291937 52.667982
-52.658507 42.293237 52.667032
-52.854507 42.291887 52.660232
-53.067757 42.284687 52.699232
-53.248657 42.295337 52.669632
-53.452507 42.510187 52.646032
-53.648707 42.498387 52.650382
-53.837507 42.484987 52.657082
-54.027757 42.474037 52.653332
-54.194407 42.254087 52.702032
-54.361107 42.036287 52.745282
-54.521557 42.029137 52.765682
-54.682757 42.040537 52.743132
-54.818707 42.226937 52.731082
-54.985207 42.451837 52.664632
-55.157557 42.427787 52.701182
-55.380307 42.443287 52.642832
-55.650107 42.409387 52.662582
-55.923457 42.401637 52.633782
-56.190557 42.387587 52.607782
-56.485407 42.408537 52.585932
-56.731807 42.377487 52.590782
-57.026007 42.371737 52.547582
-57.306107 42.351987 52.513982
-57.609957 42.351887 52.499932
-57.898007 42.330187 52.503232
-58.227407 42.325737 52.463082
-58.553457 42.307437 52.453032
-58.902507 42.318487 52.417832
-59.179557 42.076937 52.436782
-59.475307 42.080337 52.396232
-59.811757 42.320287 52.306832
-60.189357 42.325437 52.320532
-60.564707 42.126937 52.349982
-60.992657 41.923487 52.424482
-61.438757 41.947937 52.429532
-61.850607 41.959437 52.502132
-62.201257 41.991137 52.509632
-62.606207 42.000337 52.568432
-62.985957 42.002087 52.588282
-63.369557 41.996337 52.668632
-63.781807 42.024087 52.673582
-64.171707 42.017387 52.786332
-64.521857 42.044687 52.847432
-64.884007 42.050387 52.922132
-65.276757 42.074387 52.982782
-65.628507 42.079937 53.093032
-65.996957 42.102387 53.152782
-66.351207 42.092837 53.245782
-66.829357 42.579837 53.214832
-67.317907 42.561387 53.338332
-67.826407 42.326487 53.444782
-68.247757 42.283437 53.500382
-68.676807 42.232487 53.584332
-68.985357 42.122687 53.685832
-69.342407 42.096937 53.703432
-69.660757 42.013237 53.788732
-70.009957 41.956387 53.881982
-70.289607 41.893487 53.959982
-70.575207 41.876437 54.056132
-70.839307 41.840137 54.094032
-71.096507 41.790287 54.200882
-71.353857 41.753037 54.230882
-71.675357 41.690537 54.298582
-71.984957 41.627687 54.361332
-72.287707 41.567037 54.425732
-72.592007 41.507637 54.484632
-72.891957 41.441987 54.565182
-73.187807 41.381337 54.639932
-73.419607 40.801487 54.837482
-73.620607 40.485287 54.927182
-73.755557 40.138787 55.092332
-73.956457 39.843137 55.205482
-74.113357 39.528537 55.325382
-74.340257 39.274487 55.386582
-74.503257 38.930537 55.550632
-74.716157 38.896987 55.561032
-74.906407 38.834237 55.613782
-75.124957 38.779087 55.658282
-75.375407 38.697787 55.708682
-75.638207 38.619037 55.766832
-75.947907 38.786737 55.752082
-76.265307 38.945187 55.748232
-76.584257 39.110687 55.736982
-76.956207 39.012487 55.844532
-77.312857 38.891437 55.951232
-77.694657 38.800887 56.030032
-78.035407 38.683787 56.138782
-78.370557 38.568787 56.213482
-78.746307 38.739737 56.234132
-79.123657 39.163387 56.178632
-79.509307 39.601887 56.123032
-79.880107 39.738937 56.143882
-80.315107 39.890737 56.176482
-80.719957 40.007287 56.248332
-81.140807 40.127037 56.290482
-81.560657 39.966787 56.419082
-82.000407 39.829287 56.540432
-82.418907 39.676987 56.681182
-82.862507 39.547637 56.774482
-83.276107 39.405087 56.914482
-83.648107 39.311037 57.016582
-84.010457 38.925687 57.245182
-84.390657 38.567537 57.420832
-84.688007 38.447037 57.487632
-84.979857 38.373837 57.537232
-85.243357 38.270637 57.610182
-85.550807 38.198587 57.647532
-85.856607 38.123687 57.716982
-86.140107 38.040287 57.791632
-86.422607 37.694087 57.955782
-86.704207 37.342087 58.106932
-86.976807 37.285437 58.182382
-87.191657 37.225887 58.234882
-87.424557 37.194237 58.254932
-87.637957 37.172137 58.285582
-87.840157 37.160187 58.301832
-88.021507 37.131137 58.316582
-88.225207 37.116687 58.315732
-88.402357 37.075387 58.374182
-88.597807 37.048487 58.389632
-88.795907 36.727287 58.511482
-89.003207 36.702087 58.496882
-89.231457 36.903337 58.465532
-89.504807 37.119837 58.426782
-89.800207 37.310637 58.403582
-90.111157 37.494287 58.375482
-90.418057 37.668387 58.355332
-90.740457 37.837987 58.336932
-91.076057 37.692137 58.446032
-91.418107 37.854737 58.416832
-91.739707 37.688137 58.522432
-92.096307 37.838837 58.493382
-92.445657 37.986987 58.483832
-92.756357 37.858837 58.563232
-93.064057 37.731987 58.652332
-93.379807 37.602737 58.733682
-93.697007 37.469187 58.823282
-94.017557 37.332887 58.898632
-94.331907 37.201187 58.969082
-94.643157 37.068637 59.032632
-94.945057 36.940887 59.105232
-95.238707 36.818937 59.181832
-95.479707 36.434637 59.335982
-95.711907 36.059187 59.495132
-95.940757 35.681737 59.654482
-96.152807 35.307987 59.822532
-96.362557 34.940037 59.971282
-96.560507 34.575337 60.114782
-96.742107 34.518787 60.116532
-96.925057 34.152887 60.255582
-97.129357 34.112837 60.257532
-97.299107 33.746987 60.392032
-97.478807 33.384587 60.504232
-97.691207 33.296287 60.536432
-97.902457 33.212337 60.560832
-98.107357 33.135137 60.594232
-98.306507 33.061337 60.626082
-98.494657 32.989837 60.675382
-98.690857 32.919537 60.729632
-98.887457 32.849637 60.788832
-99.091557 32.780287 60.840882
-99.294007 32.705237 60.893432
-99.509157 32.638987 60.932932
-99.765107 32.849737 60.877432
-99.982107 32.784887 60.907982
-100.197007 32.714537 60.935782
-100.424607 32.649487 60.970232
-100.650907 32.579587 61.009932
-100.878907 32.517837 61.042082
-101.092507 32.458787 61.069632
-101.305807 32.406737 61.100032
-101.509657 32.358387 61.136932
-101.708107 32.310387 61.176982
-101.908657 32.262537 61.208432
-102.110957 32.219137 61.234032
-102.308807 32.172887 61.256232
-102.501807 32.121137 61.269432
-102.695307 32.081387 61.269132
-102.872257 32.039487 61.259682
-103.049007 32.004687 61.247832
-103.207707 31.964537 61.242832
-103.365057 31.935087 61.225282
-103.499657 31.903237 61.215432
-103.589357 31.597087 61.297782
-103.707957 31.567937 61.294082
-103.829457 31.553437 61.282882
-103.930557 31.532637 61.283982
-104.031707 31.518137 61.282382
-104.122707 31.496287 61.308682
-104.220807 31.475887 61.345132
-104.358057 31.745587 61.292332
-104.525457 32.024887 61.212732
-104.581407 31.956087 61.259782
-104.712907 31.942587 61.249082
-104.752307 31.866587 61.327782
-104.879857 31.833037 61.325732
-104.921557 31.772487 61.423532
-105.061207 32.039037 61.380882
-105.132807 31.996337 61.440232
-105.202257 31.952687 61.487382
-105.272357 31.912037 61.520632
-105.336807 31.863787 61.562632
-105.408957 31.815287 61.595682
-105.473307 31.760387 61.625432
-105.542357 31.709687 61.643782
-105.602157 31.651287 61.668482
