-15.147350 106.156300 -18.850800
-15.156850 106.143300 -18.803800
-15.157350 106.148967 -18.789800
-15.722850 106.036300 -18.830300
-16.065150 105.988300 -18.882000
-15.865183 106.087133 -18.747467
-15.848350 106.183443 -18.780657
-15.716600 106.333300 -18.668550
-15.679239 106.471078 -18.652689
-15.607350 106.642300 -18.589100
-15.576805 106.793755 -18.607073
-15.522017 106.920633 -18.603550
-15.503427 107.014454 -18.656262
-15.441707 107.100586 -18.633086
-15.404417 107.159567 -18.658200
-15.346975 107.210238 -18.657800
-15.296879 107.222418 -18.669094
-15.224239 107.215744 -18.678078
-15.158824 107.192405 -18.709747
-15.074150 107.164950 -18.731050
-14.963850 107.171200 -18.737800
-14.840800 107.149650 -18.767850
-14.697300 107.098750 -18.798150
-14.423200 107.056700 -18.856700
-14.122750 107.022800 -18.878950
-13.953700 106.941800 -18.970350
-13.728900 106.874550 -19.003200
-13.537750 106.757300 -19.120350
-13.366650 106.719850 -19.187500
-13.242300 106.663100 -19.317650
-13.074800 106.605650 -19.392550
-12.933600 106.547250 -19.515500
-12.758600 106.493550 -19.592800
-12.630050 106.434850 -19.724350
-12.473400 106.384700 -19.794200
-12.345900 106.340250 -19.909650
-12.196400 106.326800 -19.994050
-12.093800 106.332650 -20.097050
-11.981150 106.340850 -20.164950
-11.902650 106.342450 -20.243900
-11.844100 106.351500 -20.321500
-11.811700 106.356300 -20.395500
-11.785200 106.335250 -20.447550
-11.788250 106.303700 -20.451200
-11.792900 106.213900 -20.494500
-11.806800 106.119950 -20.506700
-11.845550 105.956700 -20.550600
-11.895600 105.794950 -20.543250
-11.887350 105.543850 -20.564450
-11.860600 105.270050 -20.545250
-11.857550 104.979800 -20.535400
-11.858850 104.691200 -20.482450
-11.861550 104.402250 -20.442950
-11.845600 104.105550 -20.383250
-11.852700 103.783550 -20.372450
-11.843550 103.466400 -20.316000
-11.851550 103.139400 -20.264750
-11.844650 102.790700 -20.216850
-11.838500 102.440650 -20.170550
-11.838300 102.074600 -20.131950
-11.831350 101.706050 -20.075350
-11.819450 101.343450 -19.986900
-11.812050 101.012250 -19.912650
-11.796700 100.678750 -19.874400
-11.803300 100.351250 -19.812200
-11.787050 100.048650 -19.757650
-11.755800 99.781400 -19.677100
-11.732150 99.538600 -19.637600
-11.723250 99.295800 -19.572450
-11.694800 99.051850 -19.518100
-11.809050 98.795650 -19.487100
-11.907350 98.533600 -19.450050
-11.891500 98.288000 -19.400600
-11.891350 98.033200 -19.381100
-11.890800 97.812600 -19.308600
-11.871600 97.587200 -19.249750
-11.875550 97.352200 -19.222700
-11.872150 97.113400 -19.163750
-11.884000 96.871050 -19.103450
-11.855100 96.650450 -19.005250
-11.864300 96.434350 -18.950000
-11.853000 96.226000 -18.903800
-11.867400 96.013800 -18.870650
-11.851500 95.839900 -18.775400
-11.870550 95.651700 -18.713600
-11.866700 95.472350 -18.639950
-11.882100 95.273200 -18.591000
-11.884050 95.065400 -18.515700
-11.894500 94.835600 -18.451950
-11.896850 94.634900 -18.365850
-11.789550 94.424000 -18.265000
-11.675950 94.225050 -18.187500
-11.694050 93.996950 -18.107100
-11.686650 93.787900 -17.999550
-11.679400 93.541250 -17.935950
-11.691850 93.290550 -17.874800
-11.692300 93.035400 -17.794050
-11.692150 92.801550 -17.717600
-11.686750 92.569500 -17.646850
-11.707450 92.336300 -17.601500
-11.699750 92.101900 -17.525050
-11.699400 91.881350 -17.449700
-11.664850 91.680900 -17.355050
-11.678700 91.446050 -17.316200
-11.641150 91.268950 -17.230300
-11.645150 91.052250 -17.177500
-11.617250 90.882650 -17.094100
-11.628450 90.685800 -17.061650
-11.614950 90.539400 -17.016850
-11.622000 90.368100 -16.980050
-11.596700 90.226150 -16.931800
-11.582650 90.069000 -16.874150
-11.695550 89.887700 -16.839000
-11.828800 89.695750 -16.823450
-11.789200 89.543000 -16.736650
-11.787250 89.352150 -16.680150
-11.757050 89.193550 -16.595500
-11.741500 89.013800 -16.535000
-11.713000 88.844350 -16.455350
-11.697250 88.652650 -16.406350
-11.664500 88.472900 -16.345350
-11.653150 88.269050 -16.315600
-11.654450 88.068400 -16.278550
-11.636850 87.890700 -16.233100
-11.629500 87.699300 -16.179900
-11.616050 87.503100 -16.136450
-11.625250 87.296850 -16.089750
-11.604400 87.138500 -16.012350
-11.595700 86.942500 -15.943250
-11.419450 86.773100 -15.846600
-11.414650 86.533000 -15.772950
-11.385050 86.314700 -15.736600
-11.249550 86.095350 -15.658300
-11.089100 85.902300 -15.566000
-11.115600 85.689150 -15.526250
-11.091250 85.517600 -15.466450
-11.113900 85.294300 -15.440750
-11.086700 85.132750 -15.370150
-11.115850 84.939100 -15.339100
-11.099400 84.784400 -15.269000
-11.123550 84.594900 -15.220150
-11.108450 84.446300 -15.140650
-11.133550 84.267600 -15.099750
-11.129000 84.099300 -15.020150
-11.152650 83.920700 -14.997550
-11.146200 83.781550 -14.930500
-11.162850 83.601550 -14.893900
-11.157350 83.411200 -14.827400
-11.174900 83.199100 -14.773900
-11.343350 82.982450 -14.738350
-11.362050 82.815450 -14.717550
-11.398950 82.637350 -14.636450
-11.412550 82.489800 -14.608050
-11.437900 82.331500 -14.589900
-11.441800 82.177800 -14.586100
-11.478000 82.026100 -14.567700
-11.494900 81.898400 -14.555650
-11.542900 81.739800 -14.567250
-11.539000 81.628600 -14.548750
-11.576950 81.499850 -14.557700
-11.577300 81.410150 -14.551650
-11.616250 81.295300 -14.564450
-11.600150 81.223400 -14.534650
-11.643450 81.111200 -14.556700
-11.647850 81.032100 -14.538100
-11.702900 80.900400 -14.552300
-11.704400 80.813000 -14.527300
-11.738850 80.688750 -14.537250
-11.893800 80.626400 -14.552100
-12.069250 80.536450 -14.584100
-12.225100 80.470450 -14.581900
-12.234350 80.402450 -14.585750
-12.390550 80.331700 -14.574150
-12.398750 80.216100 -14.527850
-12.398250 80.108800 -14.456200
-12.401550 79.961050 -14.415150
-12.389850 79.842700 -14.345300
-12.392750 79.694800 -14.291350
-12.391600 79.541850 -14.228600
-12.397500 79.388550 -14.168950
-12.410750 79.236550 -14.125150
-12.413250 79.088450 -14.070050
-12.437650 78.929800 -14.033950
-12.432150 78.794800 -13.969500
-12.469150 78.629350 -13.917150
-12.438050 78.495600 -13.838950
-12.463700 78.329550 -13.763850
-12.452200 78.202250 -13.700350
-12.320000 78.014750 -13.632550
-12.328050 77.876500 -13.575400
-12.350300 77.726600 -13.524900
-12.518150 77.568250 -13.483350
-12.539950 77.414850 -13.430350
-12.711350 77.289800 -13.399800
-12.743150 77.109550 -13.353050
-12.719650 76.966550 -13.281250
-12.735000 76.793200 -13.202450
-12.712200 76.621450 -13.135800
-12.720400 76.404050 -13.094900
-12.707100 76.179250 -12.992700
-12.709700 75.929150 -12.926100
-12.687200 75.692450 -12.828900
-12.682950 75.434550 -12.750150
-12.664850 75.192750 -12.644400
-12.636050 74.943850 -12.571800
-12.640400 74.714900 -12.492850
-12.621600 74.483100 -12.455650
-12.635650 74.242200 -12.374550
-12.602600 74.010600 -12.259950
-12.446950 73.756800 -12.156950
-12.273250 73.524550 -12.078400
-12.279350 73.299200 -12.012250
-12.087500 73.045750 -11.932150
-11.924700 72.788050 -11.836050
-11.883700 72.571350 -11.800100
-11.926350 72.329700 -11.761650
-11.892800 72.113150 -11.745850
-11.909750 71.902500 -11.688000
-11.905100 71.718000 -11.634100
-11.926500 71.533000 -11.617850
-11.906800 71.366200 -11.573650
-11.950750 71.162000 -11.540900
-12.129950 71.025650 -11.542150
-12.328400 70.866250 -11.567100
-12.510500 70.724000 -11.560850
-12.714400 70.551300 -11.568650
-12.905450 70.395000 -11.553600
-13.089400 70.222450 -11.557300
-13.296350 70.065250 -11.586600
-13.300100 69.881400 -11.562200
-13.309950 69.682700 -11.518200
-13.146300 69.476250 -11.465400
-13.179700 69.300800 -11.435800
-13.187550 69.128850 -11.421950
-13.223050 68.962800 -11.387750
-13.213450 68.807750 -11.354500
-13.248150 68.639700 -11.322300
-13.261000 68.477250 -11.302150
-13.063650 68.305450 -11.243800
-13.036350 68.104300 -11.229200
-13.051900 67.877350 -11.197900
-12.822350 67.714200 -11.172950
-12.440700 67.492350 -11.092700
-12.044400 67.277700 -11.024850
-12.045600 67.083700 -10.999850
-11.860650 66.857050 -10.945550
-11.676200 66.637050 -10.889900
-11.455150 66.435550 -10.844500
-11.276600 66.212450 -10.814800
-11.455800 66.025200 -10.831850
-11.451900 65.775550 -10.787050
-11.441300 65.520150 -10.752550
-11.428600 65.251650 -10.714250
-11.436750 64.960700 -10.678300
-11.412800 64.668350 -10.651200
-11.397350 64.373350 -10.585450
-11.364800 64.064500 -10.544850
-11.330550 63.751700 -10.478800
-11.512650 63.449350 -10.490600
-11.517650 63.199500 -10.433100
-11.483400 62.966800 -10.412200
-11.669450 62.698750 -10.368950
-11.837750 62.428400 -10.358300
-12.036150 62.143750 -10.321200
-11.809150 61.842550 -10.276600
-11.786350 61.555900 -10.229500
-11.727550 61.243200 -10.196600
-11.730400 60.923450 -10.120400
-11.662500 60.617800 -10.060750
-11.444200 60.285950 -9.976350
-11.395650 60.018500 -9.962450
-11.369250 59.739650 -9.922200
-11.288850 59.482750 -9.857100
-11.228400 59.234300 -9.820050
-11.196950 58.989250 -9.768200
-11.137100 58.750900 -9.736200
-11.103350 58.510000 -9.684650
-11.063200 58.280400 -9.656150
-11.018000 58.037450 -9.578600
-10.947750 57.812500 -9.545350
-10.935550 57.561400 -9.466150
-10.898250 57.327900 -9.461100
-10.861350 57.102850 -9.402100
-10.789800 56.905600 -9.373750
-10.772550 56.684350 -9.314300
-10.730200 56.508850 -9.293650
-10.720950 56.347000 -9.229600
-10.680500 56.188800 -9.229000
-10.667450 56.031350 -9.176000
-10.632500 55.887150 -9.163250
-10.596650 55.729950 -9.099750
-10.338450 55.617450 -9.055550
-10.359550 55.485000 -9.059600
-10.341450 55.367150 -9.036600
-10.320750 55.248700 -9.000550
-10.528400 55.104600 -9.034350
-10.727050 54.972900 -9.060350
-10.722200 54.827200 -9.070000
-10.699250 54.697900 -9.039400
-10.728800 54.476850 -9.046500
-10.701350 54.300950 -9.036750
-10.686600 54.107300 -9.022900
-10.674250 53.926150 -8.993900
-10.699350 53.719800 -9.010500
-10.691150 53.543650 -9.004000
-10.671100 53.346150 -8.981200
-10.640650 53.163300 -9.000500
-10.641950 52.943650 -9.001450
-10.640600 52.747650 -9.008250
-10.633400 52.534400 -8.969250
-10.644050 52.353500 -8.998850
-10.858900 52.149650 -9.022450
-10.847100 51.953450 -9.018100
-10.833700 51.764650 -9.011400
-10.822750 51.574400 -9.015150
-10.602800 51.407750 -8.966450
-10.385000 51.241050 -8.923200
-10.377850 51.080600 -8.902800
-10.389250 50.919400 -8.925350
-10.575650 50.783450 -8.937400
-10.800550 50.616950 -9.003850
-10.776500 50.444600 -8.967300
-10.792000 50.221850 -9.025650
-10.758100 49.952050 -9.005900
-10.750350 49.678700 -9.034700
-10.736300 49.411600 -9.060700
-10.757250 49.116750 -9.082550
-10.726200 48.870350 -9.077700
-10.720450 48.576150 -9.120900
-10.700700 48.296050 -9.154500
-10.700600 47.992200 -9.168550
-10.678900 47.704150 -9.165250
-10.674450 47.374750 -9.205400
-10.656150 47.048700 -9.215450
-10.667200 46.699650 -9.250650
-10.425650 46.422600 -9.231700
-10.429050 46.126850 -9.272250
-10.669000 45.790400 -9.361650
-10.674150 45.412800 -9.347950
-10.475650 45.037450 -9.318500
-10.272200 44.609500 -9.244000
-10.296650 44.163400 -9.238950
-10.308150 43.751550 -9.166350
-10.339850 43.400900 -9.158850
-10.349050 42.995950 -9.100050
-10.350800 42.616200 -9.080200
-10.345050 42.232600 -8.999850
-10.372800 41.820350 -8.994900
-10.366100 41.430450 -8.882150
-10.393400 41.080300 -8.821050
-10.399100 40.718150 -8.746350
-10.423100 40.325400 -8.685700
-10.428650 39.973650 -8.575450
-10.451100 39.605200 -8.515700
-10.441550 39.250950 -8.422700
-10.928550 38.772800 -8.453650
-10.910100 38.284250 -8.330150
-10.675200 37.775750 -8.223700
-10.632150 37.354400 -8.168100
-10.581200 36.925350 -8.084150
-10.471400 36.616800 -7.982650
-10.445650 36.259750 -7.965050
-10.361950 35.941400 -7.879750
-10.305100 35.592200 -7.786500
-10.242200 35.312550 -7.708500
-10.225150 35.026950 -7.612350
-10.188850 34.762850 -7.574450
-10.139000 34.505650 -7.467600
-10.101750 34.248300 -7.437600
-10.039250 33.926800 -7.369900
-9.976400 33.617200 -7.307150
-9.915750 33.314450 -7.242750
-9.856350 33.010150 -7.183850
-9.790700 32.710200 -7.103300
-9.730050 32.414350 -7.028550
-9.150200 32.182550 -6.831000
-8.834000 31.981550 -6.741300
-8.487500 31.846600 -6.576150
-8.191850 31.645700 -6.463000
-7.877250 31.488800 -6.343100
-7.623200 31.261900 -6.281900
-7.279250 31.098900 -6.117850
-7.245700 30.886000 -6.107450
-7.182950 30.695750 -6.054700
-7.127800 30.477200 -6.010200
-7.046500 30.226750 -5.959800
-6.967750 29.963950 -5.901650
-7.135450 29.654250 -5.916400
-7.293900 29.336850 -5.920250
-7.459400 29.017900 -5.931500
-7.361200 28.645950 -5.823950
-7.240150 28.289300 -5.717250
-7.149600 27.907500 -5.638450
-7.032500 27.566750 -5.529700
-6.917500 27.231600 -5.455000
-7.088450 26.855850 -5.434350
-7.512100 26.478500 -5.489850
-7.950600 26.092850 -5.545450
-8.087650 25.722050 -5.524600
-8.239450 25.287050 -5.492000
-8.356000 24.882200 -5.420150
-8.475750 24.461350 -5.378000
-8.315500 24.041500 -5.249400
-8.178000 23.601750 -5.128050
-8.025700 23.183250 -4.987300
-7.896350 22.739650 -4.894000
-7.753800 22.326050 -4.754000
-7.659750 21.954050 -4.651900
-7.274400 21.591700 -4.423300
-6.916250 21.211500 -4.247650
-6.795750 20.914150 -4.180850
-6.722550 20.622300 -4.131250
-6.619350 20.358800 -4.058300
-6.547300 20.051350 -4.020950
-6.472400 19.745550 -3.951500
-6.389000 19.462050 -3.876850
-6.042800 19.179550 -3.712700
-5.690800 18.897950 -3.561550
-5.634150 18.625350 -3.486100
-5.574600 18.410500 -3.433600
-5.542950 18.177600 -3.413550
-5.520850 17.964200 -3.382900
-5.508900 17.762000 -3.366650
-5.479850 17.580650 -3.351900
-5.465400 17.376950 -3.352750
-5.424100 17.199800 -3.294300
-5.397200 17.004350 -3.278850
-5.076000 16.806250 -3.157000
-5.050800 16.598950 -3.171600
-5.252050 16.370700 -3.202950
-5.468550 16.097350 -3.241700
-5.659350 15.801950 -3.264900
-5.843000 15.491000 -3.293000
-6.017100 15.184100 -3.313150
-6.186700 14.861700 -3.331550
-6.040850 14.526100 -3.222450
-6.203450 14.184050 -3.251650
-6.036850 13.862450 -3.146050
-6.187550 13.505850 -3.175100
-6.335700 13.156500 -3.184650
-6.207550 12.845800 -3.105250
-6.080700 12.538100 -3.016150
-5.951450 12.222350 -2.934800
-5.817900 11.905150 -2.845200
-5.681600 11.584600 -2.769850
-5.549900 11.270250 -2.699400
-5.417350 10.959000 -2.635850
-5.289600 10.657100 -2.563250
-5.167650 10.363450 -2.486650
-4.783350 10.122450 -2.332500
-4.407900 9.890250 -2.173350
-4.030450 9.661400 -2.014000
-3.656700 9.449350 -1.845950
-3.288750 9.239600 -1.697200
-2.924050 9.041650 -1.553700
-2.867500 8.860050 -1.551950
-2.501600 8.677100 -1.412900
-2.461550 8.472800 -1.410950
-2.095700 8.303050 -1.276450
-1.733300 8.123350 -1.164250
-1.645000 7.910950 -1.132050
-1.561050 7.699700 -1.107650
-1.483850 7.494800 -1.074250
-1.410050 7.295650 -1.042400
-1.338550 7.107500 -0.993100
-1.268250 6.911300 -0.938850
-1.198350 6.714700 -0.879650
-1.129000 6.510600 -0.827600
-1.053950 6.308150 -0.775050
-0.987700 6.093000 -0.735550
-1.198450 5.837050 -0.791050
-1.133600 5.620050 -0.760500
-1.063250 5.405150 -0.732700
-0.998200 5.177550 -0.698250
-0.928300 4.951250 -0.658550
-0.866550 4.723250 -0.626400
-0.807500 4.509650 -0.598850
-0.755450 4.296350 -0.568450
-0.707100 4.092500 -0.531550
-0.659100 3.894050 -0.491500
-0.611250 3.693500 -0.460050
-0.567850 3.491200 -0.434450
-0.521600 3.293350 -0.412250
-0.469850 3.100350 -0.399050
-0.430100 2.906850 -0.399350
-0.388200 2.729900 -0.408800
-0.353400 2.553150 -0.420650
-0.313250 2.394450 -0.425650
-0.283800 2.237100 -0.443200
-0.251950 2.102500 -0.453050
0.054200 2.012800 -0.370700
0.083350 1.894200 -0.374400
0.097850 1.772700 -0.385600
0.118650 1.671600 -0.384500
0.133150 1.570450 -0.386100
0.155000 1.479450 -0.359800
0.175400 1.381350 -0.323350
-0.094300 1.244100 -0.376150
-0.373600 1.076700 -0.455750
-0.304800 1.020750 -0.408700
-0.291300 0.889250 -0.419400
-0.215300 0.849850 -0.340700
-0.181750 0.722300 -0.342750
-0.121200 0.680600 -0.244950
-0.387750 0.540950 -0.287600
-0.345050 0.469350 -0.228250
-0.301400 0.399900 -0.181100
-0.260750 0.329800 -0.147850
-0.212500 0.265350 -0.105850
-0.164000 0.193200 -0.072800
-0.109100 0.128850 -0.043050
-0.058400 0.059800 -0.024700
0.000000 0.000000 0.000000
