-46.798637 0.554143 42.817682
-46.808137 0.541143 42.864682
-46.808637 0.546810 42.878682
-47.374137 0.434143 42.838182
-47.716437 0.386143 42.786482
-47.516470 0.484976 42.921015
-47.499637 0.581286 42.887825
-47.367887 0.731143 42.999932
-47.330526 0.868921 43.015793
-47.258637 1.040143 43.079382
-47.228092 1.191598 43.061409
-47.173304 1.318476 43.064932
-47.154714 1.412297 43.012220
-47.092994 1.498429 43.035396
-47.055704 1.557410 43.010282
-46.998262 1.608081 43.010682
-46.948166 1.620261 42.999388
-46.875526 1.613587 42.990404
-46.810111 1.590248 42.958735
-46.725437 1.562793 42.937432
-46.615137 1.569043 42.930682
-46.492087 1.547493 42.900632
-46.348587 1.496593 42.870332
-46.074487 1.454543 42.811782
-45.774037 1.420643 42.789532
-45.604987 1.339643 42.698132
-45.380187 1.272393 42.665282
-45.189037 1.155143 42.548132
-45.017937 1.117693 42.480982
-44.893587 1.060943 42.350832
-44.726087 1.003493 42.275932
-44.584887 0.945093 42.152982
-44.409887 0.891393 42.075682
-44.281337 0.832693 41.944132
-44.124687 0.782543 41.874282
-43.997187 0.738093 41.758832
-43.847687 0.724643 41.674432
-43.745087 0.730493 41.571432
-43.632437 0.738693 41.503532
-43.553937 0.740293 41.424582
-43.495387 0.749343 41.346982
-43.462987 0.754143 41.272982
-43.436487 0.733093 41.220932
-43.439537 0.701543 41.217282
-43.444187 0.611743 41.173982
-43.458087 0.517793 41.161782
-43.496837 0.354543 41.117882
-43.546887 0.192793 41.125232
-43.538637 -0.058307 41.104032
-43.511887 -0.332107 41.123232
-43.508837 -0.622357 41.133082
-43.510137 -0.910957 41.186032
-43.512837 -1.199907 41.225532
-43.496887 -1.496607 41.285232
-43.503987 -1.818607 41.296032
-43.494837 -2.135757 41.352482
-43.502837 -2.462757 41.403732
-43.495937 -2.811457 41.451632
-43.489787 -3.161507 41.497932
-43.489587 -3.527557 41.536532
-43.482637 -3.896107 41.593132
-43.470737 -4.258707 41.681582
-43.463337 -4.589907 41.755832
-43.447987 -4.923407 41.794082
-43.454587 -5.250907 41.856282
-43.438337 -5.553507 41.910832
-43.407087 -5.820757 41.991382
-43.383437 -6.063557 42.030882
-43.374537 -6.306357 42.096032
-43.346087 -6.550307 42.150382
-43.460337 -6.806507 42.181382
-43.558637 -7.068557 42.218432
-43.542787 -7.314157 42.267882
-43.542637 -7.568957 42.287382
-43.542087 -7.789557 42.359882
-43.522887 -8.014957 42.418732
-43.526837 -8.249957 42.445782
-43.523437 -8.488757 42.504732
-43.535287 -8.731107 42.565032
-43.506387 -8.951707 42.663232
-43.515587 -9.167807 42.718482
-43.504287 -9.376157 42.764682
-43.518687 -9.588357 42.797832
-43.502787 -9.762257 42.893082
-43.521837 -9.950457 42.954882
-43.517987 -10.129807 43.028532
-43.533387 -10.328957 43.077482
-43.535337 -10.536757 43.152782
-43.545787 -10.766557 43.216532
-43.548137 -10.967257 43.302632
-43.440837 -11.178157 43.403482
-43.327237 -11.377107 43.480982
-43.345337 -11.605207 43.561382
-43.337937 -11.814257 43.668932
-43.330687 -12.060907 43.732532
-43.343137 -12.311607 43.793682
-43.343587 -12.566757 43.874432
-43.343437 -12.800607 43.950882
-43.338037 -13.032657 44.021632
-43.358737 -13.265857 44.066982
-43.351037 -13.500257 44.143432
-43.350687 -13.720807 44.218782
-43.316137 -13.921257 44.313432
-43.329987 -14.156107 44.352282
-43.292437 -14.333207 44.438182
-43.296437 -14.549907 44.490982
-43.268537 -14.719507 44.574382
-43.279737 -14.916357 44.606832
-43.266237 -15.062757 44.651632
-43.273287 -15.234057 44.688432
-43.247987 -15.376007 44.736682
-43.233937 -15.533157 44.794332
-43.346837 -15.714457 44.829482
-43.480087 -15.906407 44.845032
-43.440487 -16.059157 44.931832
-43.438537 -16.250007 44.988332
-43.408337 -16.408607 45.072982
-43.392787 -16.588357 45.133482
-43.364287 -16.757807 45.213132
-43.348537 -16.949507 45.262132
-43.315787 -17.129257 45.323132
-43.304437 -17.333107 45.352882
-43.305737 -17.533757 45.389932
-43.288137 -17.711457 45.435382
-43.280787 -17.902857 45.488582
-43.267337 -18.099057 45.532032
-43.276537 -18.305307 45.578732
-43.255687 -18.463657 45.656132
-43.246987 -18.659657 45.725232
-43.070737 -18.829057 45.821882
-43.065937 -19.069157 45.895532
-43.036337 -19.287457 45.931882
-42.900837 -19.506807 46.010182
-42.740387 -19.699857 46.102482
-42.766887 -19.913007 46.142232
-42.742537 -20.084557 46.202032
-42.765187 -20.307857 46.227732
-42.737987 -20.469407 46.298332
-42.767137 -20.663057 46.329382
-42.750687 -20.817757 46.399482
-42.774837 -21.007257 46.448332
-42.759737 -21.155857 46.527832
-42.784837 -21.334557 46.568732
-42.780287 -21.502857 46.648332
-42.803937 -21.681457 46.670932
-42.797487 -21.820607 46.737982
-42.814137 -22.000607 46.774582
-42.808637 -22.190957 46.841082
-42.826187 -22.403057 46.894582
-42.994637 -22.619707 46.930132
-43.013337 -22.786707 46.950932
-43.050237 -22.964807 47.032032
-43.063837 -23.112357 47.060432
-43.089187 -23.270657 47.078582
-43.093087 -23.424357 47.082382
-43.129287 -23.576057 47.100782
-43.146187 -23.703757 47.112832
-43.194187 -23.862357 47.101232
-43.190287 -23.973557 47.119732
-43.228237 -24.102307 47.110782
-43.228587 -24.192007 47.116832
-43.267537 -24.306857 47.104032
-43.251437 -24.378757 47.133832
-43.294737 -24.490957 47.111782
-43.299137 -24.570057 47.130382
-43.354187 -24.701757 47.116182
-43.355687 -24.789157 47.141182
-43.390137 -24.913407 47.131232
-43.545087 -24.975757 47.116382
-43.720537 -25.065707 47.084382
-43.876387 -25.131707 47.086582
-43.885637 -25.199707 47.082732
-44.041837 -25.270457 47.094332
-44.050037 -25.386057 47.140632
-44.049537 -25.493357 47.212282
-44.052837 -25.641107 47.253332
-44.041137 -25.759457 47.323182
-44.044037 -25.907357 47.377132
-44.042887 -26.060307 47.439882
-44.048787 -26.213607 47.499532
-44.062037 -26.365607 47.543332
-44.064537 -26.513707 47.598432
-44.088937 -26.672357 47.634532
-44.083437 -26.807357 47.698982
-44.120437 -26.972807 47.751332
-44.089337 -27.106557 47.829532
-44.114987 -27.272607 47.904632
-44.103487 -27.399907 47.968132
-43.971287 -27.587407 48.035932
-43.979337 -27.725657 48.093082
-44.001587 -27.875557 48.143582
-44.169437 -28.033907 48.185132
-44.191237 -28.187307 48.238132
-44.362637 -28.312357 48.268682
-44.394437 -28.492607 48.315432
-44.370937 -28.635607 48.387232
-44.386287 -28.808957 48.466032
-44.363487 -28.980707 48.532682
-44.371687 -29.198107 48.573582
-44.358387 -29.422907 48.675782
-44.360987 -29.673007 48.742382
-44.338487 -29.909707 48.839582
-44.334237 -30.167607 48.918332
-44.316137 -30.409407 49.024082
-44.287337 -30.658307 49.096682
-44.291687 -30.887257 49.175632
-44.272887 -31.119057 49.212832
-44.286937 -31.359957 49.293932
-44.253887 -31.591557 49.408532
-44.098237 -31.845357 49.511532
-43.924537 -32.077607 49.590082
-43.930637 -32.302957 49.656232
-43.738787 -32.556407 49.736332
-43.575987 -32.814107 49.832432
-43.534987 -33.030807 49.868382
-43.577637 -33.272457 49.906832
-43.544087 -33.489007 49.922632
-43.561037 -33.699657 49.980482
-43.556387 -33.884157 50.034382
-43.577787 -34.069157 50.050632
-43.558087 -34.235957 50.094832
-43.602037 -34.440157 50.127582
-43.781237 -34.576507 50.126332
-43.979687 -34.735907 50.101382
-44.161787 -34.878157 50.107632
-44.365687 -35.050857 50.099832
-44.556737 -35.207157 50.114882
-44.740687 -35.379707 50.111182
-44.947637 -35.536907 50.081882
-44.951387 -35.720757 50.106282
-44.961237 -35.919457 50.150282
-44.797587 -36.125907 50.203082
-44.830987 -36.301357 50.232682
-44.838837 -36.473307 50.246532
-44.874337 -36.639357 50.280732
-44.864737 -36.794407 50.313982
-44.899437 -36.962457 50.346182
-44.912287 -37.124907 50.366332
-44.714937 -37.296707 50.424682
-44.687637 -37.497857 50.439282
-44.703187 -37.724807 50.470582
-44.473637 -37.887957 50.495532
-44.091987 -38.109807 50.575782
-43.695687 -38.324457 50.643632
-43.696887 -38.518457 50.668632
-43.511937 -38.745107 50.722932
-43.327487 -38.965107 50.778582
-43.106437 -39.166607 50.823982
-42.927887 -39.389707 50.853682
-43.107087 -39.576957 50.836632
-43.103187 -39.826607 50.881432
-43.092587 -40.082007 50.915932
-43.079887 -40.350507 50.954232
-43.088037 -40.641457 50.990182
-43.064087 -40.933807 51.017282
-43.048637 -41.228807 51.083032
-43.016087 -41.537657 51.123632
-42.981837 -41.850457 51.189682
-43.163937 -42.152807 51.177882
-43.168937 -42.402657 51.235382
-43.134687 -42.635357 51.256282
-43.320737 -42.903407 51.299532
-43.489037 -43.173757 51.310182
-43.687437 -43.458407 51.347282
-43.460437 -43.759607 51.391882
-43.437637 -44.046257 51.438982
-43.378837 -44.358957 51.471882
-43.381687 -44.678707 51.548082
-43.313787 -44.984357 51.607732
-43.095487 -45.316207 51.692132
-43.046937 -45.583657 51.706032
-43.020537 -45.862507 51.746282
-42.940137 -46.119407 51.811382
-42.879687 -46.367857 51.848432
-42.848237 -46.612907 51.900282
-42.788387 -46.851257 51.932282
-42.754637 -47.092157 51.983832
-42.714487 -47.321757 52.012332
-42.669287 -47.564707 52.089882
-42.599037 -47.789657 52.123132
-42.586837 -48.040757 52.202332
-42.549537 -48.274257 52.207382
-42.512637 -48.499307 52.266382
-42.441087 -48.696557 52.294732
-42.423837 -48.917807 52.354182
-42.381487 -49.093307 52.374832
-42.372237 -49.255157 52.438882
-42.331787 -49.413357 52.439482
-42.318737 -49.570807 52.492482
-42.283787 -49.715007 52.505232
-42.247937 -49.872207 52.568732
-41.989737 -49.984707 52.612932
-42.010837 -50.117157 52.608882
-41.992737 -50.235007 52.631882
-41.972037 -50.353457 52.667932
-42.179687 -50.497557 52.634132
-42.378337 -50.629257 52.608132
-42.373487 -50.774957 52.598482
-42.350537 -50.904257 52.629082
-42.380087 -51.125307 52.621982
-42.352637 -51.301207 52.631732
-42.337887 -51.494857 52.645582
-42.325537 -51.676007 52.674582
-42.350637 -51.882357 52.657982
-42.342437 -52.058507 52.664482
-42.322387 -52.256007 52.687282
-42.291937 -52.438857 52.667982
-42.293237 -52.658507 52.667032
-42.291887 -52.854507 52.660232
-42.284687 -53.067757 52.699232
-42.295337 -53.248657 52.669632
-42.510187 -53.452507 52.646032
-42.498387 -53.648707 52.650382
-42.484987 -53.837507 52.657082
-42.474037 -54.027757 52.653332
-42.254087 -54.194407 52.702032
-42.036287 -54.361107 52.745282
-42.029137 -54.521557 52.765682
-42.040537 -54.682757 52.743132
-42.226937 -54.818707 52.731082
-42.451837 -54.985207 52.664632
-42.427787 -55.157557 52.701182
-42.443287 -55.380307 52.642832
-42.409387 -55.650107 52.662582
-42.401637 -55.923457 52.633782
-42.387587 -56.190557 52.607782
-42.408537 -56.485407 52.585932
-42.377487 -56.731807 52.590782
-42.371737 -57.026007 52.547582
-42.351987 -57.306107 52.513982
-42.351887 -57.609957 52.499932
-42.330187 -57.898007 52.503232
-42.325737 -58.227407 52.463082
-42.307437 -58.553457 52.453032
-42.318487 -58.902507 52.417832
-42.076937 -59.179557 52.436782
-42.080337 -59.475307 52.396232
-42.320287 -59.811757 52.306832
-42.325437 -60.189357 52.320532
-42.126937 -60.564707 52.349982
-41.923487 -60.992657 52.424482
-41.947937 -61.438757 52.429532
-41.959437 -61.850607 52.502132
-41.991137 -62.201257 52.509632
-42.000337 -62.606207 52.568432
-42.002087 -62.985957 52.588282
-41.996337 -63.369557 52.668632
-42.024087 -63.781807 52.673582
-42.017387 -64.171707 52.786332
-42.044687 -64.521857 52.847432
-42.050387 -64.884007 52.922132
-42.074387 -65.276757 52.982782
-42.079937 -65.628507 53.093032
-42.102387 -65.996957 53.152782
-42.092837 -66.351207 53.245782
-42.579837 -66.829357 53.214832
-42.561387 -67.317907 53.338332
-42.326487 -67.826407 53.444782
-42.283437 -68.247757 53.500382
-42.232487 -68.676807 53.584332
-42.122687 -68.985357 53.685832
-42.096937 -69.342407 53.703432
-42.013237 -69.660757 53.788732
-41.956387 -70.009957 53.881982
-41.893487 -70.289607 53.959982
-41.876437 -70.575207 54.056132
-41.840137 -70.839307 54.094032
-41.790287 -71.096507 54.200882
-41.753037 -71.353857 54.230882
-41.690537 -71.675357 54.298582
-41.627687 -71.984957 54.361332
-41.567037 -72.287707 54.425732
-41.507637 -72.592007 54.484632
-41.441987 -72.891957 54.565182
-41.381337 -73.187807 54.639932
-40.801487 -73.419607 54.837482
-40.485287 -73.620607 54.927182
-40.138787 -73.755557 55.092332
-39.843137 -73.956457 55.205482
-39.528537 -74.113357 55.325382
-39.274487 -74.340257 55.386582
-38.930537 -74.503257 55.550632
-38.896987 -74.716157 55.561032
-38.834237 -74.906407 55.613782
-38.779087 -75.124957 55.658282
-38.697787 -75.375407 55.708682
-38.619037 -75.638207 55.766832
-38.786737 -75.947907 55.752082
-38.945187 -76.265307 55.748232
-39.110687 -76.584257 55.736982
-39.012487 -76.956207 55.844532
-38.891437 -77.312857 55.951232
-38.800887 -77.694657 56.030032
-38.683787 -78.035407 56.138782
-38.568787 -78.370557 56.213482
-38.739737 -78.746307 56.234132
-39.163387 -79.123657 56.178632
-39.601887 -79.509307 56.123032
-39.738937 -79.880107 56.143882
-39.890737 -80.315107 56.176482
-40.007287 -80.719957 56.248332
-40.127037 -81.140807 56.290482
-39.966787 -81.560657 56.419082
-39.829287 -82.000407 56.540432
-39.676987 -82.418907 56.681182
-39.547637 -82.862507 56.774482
-39.405087 -83.276107 56.914482
-39.311037 -83.648107 57.016582
-38.925687 -84.010457 57.245182
-38.567537 -84.390657 57.420832
-38.447037 -84.688007 57.487632
-38.373837 -84.979857 57.537232
-38.270637 -85.243357 57.610182
-38.198587 -85.550807 57.647532
-38.123687 -85.856607 57.716982
-38.040287 -86.140107 57.791632
-37.694087 -86.422607 57.955782
-37.342087 -86.704207 58.106932
-37.285437 -86.976807 58.182382
-37.225887 -87.191657 58.234882
-37.194237 -87.424557 58.254932
-37.172137 -87.637957 58.285582
-37.160187 -87.840157 58.301832
-37.131137 -88.021507 58.316582
-37.116687 -88.225207 58.315732
-37.075387 -88.402357 58.374182
-37.048487 -88.597807 58.389632
-36.727287 -88.795907 58.511482
-36.702087 -89.003207 58.496882
-36.903337 -89.231457 58.465532
-37.119837 -89.504807 58.426782
-37.310637 -89.800207 58.403582
-37.494287 -90.111157 58.375482
-37.668387 -90.418057 58.355332
-37.837987 -90.740457 58.336932
-37.692137 -91.076057 58.446032
-37.854737 -91.418107 58.416832
-37.688137 -91.739707 58.522432
-37.838837 -92.096307 58.493382
-37.986987 -92.445657 58.483832
-37.858837 -92.756357 58.563232
-37.731987 -93.064057 58.652332
-37.602737 -93.379807 58.733682
-37.469187 -93.697007 58.823282
-37.332887 -94.017557 58.898632
-37.201187 -94.331907 58.969082
-37.068637 -94.643157 59.032632
-36.940887 -94.945057 59.105232
-36.818937 -95.238707 59.181832
-36.434637 -95.479707 59.335982
-36.059187 -95.711907 59.495132
-35.681737 -95.940757 59.654482
-35.307987 -96.152807 59.822532
-34.940037 -96.362557 59.971282
-34.575337 -96.560507 60.114782
-34.518787 -96.742107 60.116532
-34.152887 -96.925057 60.255582
-34.112837 -97.129357 60.257532
-33.746987 -97.299107 60.392032
-33.384587 -97.478807 60.504232
-33.296287 -97.691207 60.536432
-33.212337 -97.902457 60.560832
-33.135137 -98.107357 60.594232
-33.061337 -98.306507 60.626082
-32.989837 -98.494657 60.675382
-32.919537 -98.690857 60.729632
-32.849637 -98.887457 60.788832
-32.780287 -99.091557 60.840882
-32.705237 -99.294007 60.893432
-32.638987 -99.509157 60.932932
-32.849737 -99.765107 60.877432
-32.784887 -99.982107 60.907982
-32.714537 -100.197007 60.935782
-32.649487 -100.424607 60.970232
-32.579587 -100.650907 61.009932
-32.517837 -100.878907 61.042082
-32.458787 -101.092507 61.069632
-32.406737 -101.305807 61.100032
-32.358387 -101.509657 61.136932
-32.310387 -101.708107 61.176982
-32.262537 -101.908657 61.208432
-32.219137 -102.110957 61.234032
-32.172887 -102.308807 61.256232
-32.121137 -102.501807 61.269432
-32.081387 -102.695307 61.269132
-32.039487 -102.872257 61.259682
-32.004687 -103.049007 61.247832
-31.964537 -103.207707 61.242832
-31.935087 -103.365057 61.225282
-31.903237 -103.499657 61.215432
-31.597087 -103.589357 61.297782
-31.567937 -103.707957 61.294082
-31.553437 -103.829457 61.282882
-31.532637 -103.930557 61.283982
-31.518137 -104.031707 61.282382
-31.496287 -104.122707 61.308682
-31.475887 -104.220807 61.345132
-31.745587 -104.358057 61.292332
-32.024887 -104.525457 61.212732
-31.956087 -104.581407 61.259782
-31.942587 -104.712907 61.249082
-31.866587 -104.752307 61.327782
-31.833037 -104.879857 61.325732
-31.772487 -104.921557 61.423532
-32.039037 -105.061207 61.380882
-31.996337 -105.132807 61.440232
-31.952687 -105.202257 61.487382
-31.912037 -105.272357 61.520632
-31.863787 -105.336807 61.562632
-31.815287 -105.408957 61.595682
-31.760387 -105.473307 61.625432
-31.709687 -105.542357 61.643782
-31.651287 -105.602157 61.668482
