-2.672857 -0.193363 37.768682
-3.496857 -1.078363 38.202682
-2.667857 -0.304363 38.158682
-3.576857 -0.824363 38.049682
-3.052857 -0.430363 37.980682
-4.145857 -1.037363 37.919682
-3.429857 -0.407363 38.101682
-5.025857 -1.257363 38.365682
-4.642857 -0.770363 38.297682
-5.849857 -1.434363 38.476682
-5.451857 -1.319363 38.170682
-6.842857 -2.105363 38.343682
-6.180857 -1.949363 37.998682
-6.808857 -2.738363 37.931682
-6.575857 -2.568363 38.105682
-7.435857 -2.854363 38.179682
-7.250857 -2.838363 38.099682
-8.068857 -3.188363 38.145682
-7.945857 -2.918363 38.153682
-8.441857 -2.992363 37.928682
-8.695857 -3.340363 38.270682
-8.753857 -3.254363 37.933682
-8.552857 -3.569363 38.096682
-8.412857 -3.461363 38.334682
-8.679857 -3.498363 38.222682
-9.104857 -3.378363 38.495682
-9.148857 -3.732363 38.427682
-9.437857 -3.459363 38.530682
-9.575857 -3.636363 38.750682
-9.668857 -3.470363 38.518682
-10.432857 -3.998363 38.804682
-10.180857 -3.586363 38.454682
-10.467857 -3.955363 38.580682
-10.339857 -3.581363 38.457682
-10.889857 -4.263363 38.640682
-10.779857 -3.790363 38.574682
-11.607857 -4.651363 38.939682
-11.179857 -3.710363 38.646682
-11.756857 -4.448363 38.907682
-11.405857 -3.915363 38.829682
-12.296857 -4.807363 38.783682
-12.105857 -4.044363 38.781682
-12.967857 -4.552363 38.809682
-12.328857 -3.862363 38.834682
-13.215857 -4.664363 39.095682
-12.753857 -3.878363 38.873682
-13.525857 -4.648363 39.098682
-12.698857 -4.042363 39.251682
-13.520857 -4.652363 39.048682
-12.908857 -4.082363 38.888682
-13.553857 -4.822363 39.221682
-12.981857 -3.946363 39.210682
-14.183857 -4.771363 38.888682
-13.524857 -4.151363 38.933682
-14.282857 -4.611363 38.874682
-13.669857 -4.494363 38.858682
-14.669857 -4.892363 39.068682
-14.217857 -4.505363 38.981682
-15.449857 -4.776363 39.045682
-14.943857 -4.500363 39.268682
-15.629857 -5.293363 38.755682
-15.355857 -4.970363 39.288682
-15.817857 -4.324363 38.928682
-16.018857 -4.658363 39.434682
-16.679857 -5.553363 39.621682
-16.298857 -4.350363 39.469682
-17.059857 -5.410363 39.693682
-16.675857 -4.259363 39.319682
-17.447857 -5.472363 39.571682
-16.719857 -4.269363 39.764682
-17.446857 -5.446363 39.988682
-17.314857 -4.660363 39.672682
-17.904857 -5.824363 39.736682
-17.540857 -4.494363 39.363682
-18.016857 -4.739363 40.279682
-17.822857 -5.679363 39.691682
-17.930857 -4.780363 39.360682
-18.258857 -5.604363 39.569682
-18.110857 -4.888363 39.510682
-18.478857 -5.898363 39.859682
-18.311857 -5.356363 39.651682
-18.918857 -5.844363 39.526682
-18.565857 -5.435363 39.229682
-19.371857 -6.273363 39.889682
-18.999857 -5.692363 39.636682
-19.856857 -6.031363 39.618682
-19.353857 -5.712363 39.527682
-20.428857 -6.008363 39.900682
-19.885857 -5.532363 40.060682
-20.820857 -5.880363 40.363682
-20.332857 -5.651363 40.412682
-21.139857 -5.612363 40.575682
-20.688857 -5.908363 40.486682
-21.493857 -5.244363 40.756682
-20.556857 -5.580363 40.694682
-21.625857 -5.416363 40.628682
-20.885857 -5.854363 40.761682
-21.852857 -5.403363 40.725682
-21.137857 -5.549363 40.603682
-21.138857 -5.549363 40.758682
-21.308857 -5.670363 40.759682
-22.159857 -5.407363 40.984682
-21.434857 -6.184363 41.065682
-22.400857 -5.614363 41.150682
-21.947857 -6.309363 41.197682
-22.763857 -5.629363 40.913682
-22.410857 -6.363363 41.291682
-23.464857 -5.901363 41.102682
-22.410857 -5.728363 42.116682
-22.991857 -6.263363 41.102682
-23.712857 -6.109363 41.382682
-22.878857 -5.923363 41.138682
-23.890857 -6.244363 41.684682
-22.961857 -6.116363 41.346682
-24.547857 -6.213363 41.533682
-23.685857 -6.887363 41.657682
-24.797857 -5.898363 41.950682
-23.993857 -6.911363 41.850682
-24.835857 -5.891363 41.797682
-24.166857 -6.878363 41.547682
-25.535857 -5.929363 40.974682
-25.552857 -7.114363 41.210682
-25.629857 -5.998363 42.275682
-25.505857 -7.109363 42.042682
-25.650857 -6.046363 41.606682
-25.645857 -6.804363 42.012682
-25.818857 -7.132363 41.949682
-26.282857 -6.618363 41.162682
-25.983857 -6.141363 42.030682
-26.456857 -6.758363 41.880682
-26.547857 -7.234363 42.431682
-26.985857 -6.787363 41.976682
-26.463857 -7.031363 43.101682
-27.682857 -7.671363 42.740682
-27.087857 -7.025363 42.641682
-27.565857 -7.149363 42.213682
-27.100857 -7.535363 42.468682
-28.061857 -7.268363 42.002682
-27.228857 -7.053363 42.411682
-28.091857 -7.835363 41.884682
-27.280857 -7.444363 42.688682
-28.522857 -7.729363 42.466682
-27.523857 -7.600363 41.508682
-28.453857 -7.907363 42.128682
-27.758857 -7.760363 42.341682
-28.745857 -7.970363 42.255682
-28.857857 -7.636363 42.046682
-28.455857 -7.752363 41.852682
-28.381857 -7.455363 41.934682
-29.376857 -8.344363 42.271682
-28.021857 -7.745363 41.989682
-29.993857 -8.406363 42.944682
-28.354857 -7.497363 41.986682
-30.436857 -8.513363 42.931682
-28.924857 -7.685363 42.089682
-30.052857 -8.507363 42.928682
-29.365857 -7.609363 42.410682
-30.509857 -8.460363 42.526682
-29.856857 -7.691363 41.962682
-30.516857 -8.348363 42.956682
-30.655857 -7.994363 42.934682
-31.315857 -8.655363 43.190682
-31.615857 -8.287363 42.838682
-31.191857 -8.401363 43.025682
-31.808857 -7.833363 42.952682
-31.549857 -8.456363 43.082682
-32.271857 -8.629363 42.647682
-31.636857 -8.586363 43.307682
-32.493857 -8.237363 42.997682
-32.191857 -8.380363 43.767682
-33.412857 -8.600363 43.881682
-32.701857 -8.216363 43.109682
-33.348857 -8.308363 43.331682
-32.315857 -8.174363 43.277682
-33.910857 -8.835363 43.529682
-33.215857 -8.439363 43.250682
-34.473857 -8.996363 43.615682
-33.453857 -8.629363 43.765682
-34.748857 -9.202363 43.655682
-33.581857 -8.498363 42.943682
-35.044857 -9.294363 43.734682
-34.180857 -8.811363 43.458682
-35.356857 -9.458363 43.675682
-34.352857 -8.249363 43.189682
-36.019857 -9.159363 43.986682
-34.933857 -8.659363 43.673682
-36.221857 -9.019363 43.445682
-36.621857 -9.037363 43.993682
-35.336857 -9.053363 44.326682
-36.482857 -8.520363 43.311682
-37.942857 -9.578363 44.895682
-36.939857 -8.970363 45.057682
-38.200857 -9.626363 46.011682
-37.185857 -9.111363 44.497682
-38.797857 -9.371363 45.368682
-38.698857 -9.111363 44.646682
-38.481857 -9.353363 44.618682
-38.907857 -9.248363 44.776682
-38.981857 -9.228363 45.276682
-39.243857 -9.437363 44.976682
-39.098857 -9.335363 45.461682
-40.428857 -9.741363 45.492682
-39.892857 -9.201363 45.830682
-41.210857 -9.390363 45.784682
-40.283857 -9.233363 46.098682
-42.167857 -9.394363 46.122682
-40.910857 -9.145363 46.083682
-42.605857 -9.715363 46.454682
-41.904857 -9.264363 46.330682
-43.598857 -9.963363 46.502682
-42.128857 -9.358363 46.059682
-43.805857 -9.953363 46.495682
-42.415857 -9.190363 45.875682
-44.466857 -10.174363 46.868682
-42.929857 -9.631363 46.631682
-44.936857 -9.844363 47.071682
-43.308857 -9.438363 46.333682
-45.051857 -9.222363 46.626682
-43.797857 -9.362363 46.281682
-45.904857 -10.105363 47.289682
-44.449857 -9.289363 46.254682
-45.816857 -9.944363 46.880682
-44.943857 -9.998363 46.877682
-46.582857 -10.504363 46.971682
-45.472857 -9.845363 46.156682
-46.675857 -10.086363 46.848682
-46.161857 -10.060363 46.990682
-47.329857 -10.184363 47.110682
-46.941857 -9.106363 47.177682
-46.692857 -10.505363 47.003682
-47.239857 -9.829363 46.446682
-47.008857 -10.167363 47.788682
-48.065857 -10.697363 47.020682
-47.311857 -9.804363 46.915682
-48.104857 -9.306363 47.271682
-48.091857 -10.554363 47.295682
-48.445857 -9.706363 47.714682
-48.116857 -10.305363 46.819682
-48.976857 -9.300363 47.483682
-48.094857 -9.756363 47.829682
-49.221857 -9.644363 47.645682
-48.387857 -10.427363 47.369682
-49.301857 -10.129363 47.380682
-48.416857 -10.170363 46.980682
-48.876857 -9.149363 47.305682
-49.094857 -10.105363 47.622682
-49.391857 -10.098363 47.452682
-49.689857 -10.436363 47.859682
-49.944857 -10.418363 47.840682
-50.132857 -10.335363 47.204682
-50.279857 -10.447363 47.555682
-50.411857 -9.745363 47.619682
-50.375857 -10.528363 47.690682
-50.168857 -9.273363 47.137682
-50.762857 -9.874363 47.891682
-51.157857 -9.421363 47.252682
-50.987857 -10.277363 47.868682
-52.575857 -10.004363 48.195682
-51.173857 -9.769363 47.970682
-52.941857 -9.591363 48.646682
-51.867857 -9.703363 47.987682
-53.286857 -10.439363 48.177682
-52.048857 -10.166363 47.607682
-53.576857 -10.428363 48.031682
-53.046857 -10.122363 47.969682
-54.332857 -10.328363 48.725682
-53.777857 -9.923363 48.297682
-54.843857 -10.118363 48.627682
-54.065857 -9.759363 47.819682
-55.576857 -10.275363 49.530682
-55.682857 -10.789363 48.320682
-56.247857 -11.143363 47.680682
-55.893857 -9.554363 47.479682
-56.692857 -10.241363 49.929682
-56.683857 -9.996363 48.078682
-57.273857 -11.299363 49.108682
-56.862857 -9.862363 48.025682
-57.797857 -9.672363 49.497682
-57.566857 -10.223363 48.433682
-57.839857 -9.575363 48.904682
-57.876857 -9.588363 49.457682
-58.232857 -9.559363 49.046682
-58.386857 -10.271363 49.612682
-58.775857 -9.840363 48.757682
-58.968857 -9.669363 49.478682
-59.155857 -9.750363 48.770682
-59.330857 -10.764363 50.526682
-59.111857 -9.654363 49.002682
-59.734857 -10.404363 50.530682
-59.610857 -9.211363 48.850682
-60.122857 -10.096363 50.878682
-60.268857 -8.828363 49.245682
-60.874857 -9.927363 51.059682
-60.979857 -8.465363 48.082682
-61.168857 -10.210363 51.407682
-61.659857 -9.156363 49.354682
-62.472857 -10.198363 51.432682
-62.067857 -9.112363 49.876682
-63.187857 -9.890363 51.480682
-62.908857 -8.586363 48.873682
-63.992857 -9.379363 51.354682
-63.375857 -8.875363 50.636682
-64.275857 -9.361363 51.937682
-64.031857 -8.617363 51.485682
-65.059857 -9.264363 51.645682
-64.936857 -9.094363 51.273682
-65.528857 -9.386363 51.264682
-65.377857 -9.497363 51.208682
-66.190857 -8.313363 51.228682
-66.085857 -9.801363 52.207682
-66.313857 -8.966363 51.134682
-66.930857 -8.367363 54.400682
-67.792857 -7.005363 52.595682
-68.743857 -9.069363 52.153682
-67.076857 -9.431363 52.544682
-69.321857 -8.713363 51.571682
-67.543857 -9.253363 52.515682
-69.668857 -9.414363 51.916682
-68.010857 -9.279363 52.898682
-70.165857 -8.995363 51.707682
-68.947857 -8.962363 52.872682
-70.432857 -8.937363 51.898682
-67.588857 -10.200363 51.909682
-71.460857 -9.307363 52.067682
-68.309857 -10.210363 51.911682
-72.174857 -9.162363 51.661682
-71.730857 -9.307363 53.926682
-73.321857 -9.017363 52.463682
-72.814857 -8.883363 53.613682
-73.947857 -9.290363 52.258682
-74.128857 -9.063363 53.676682
-75.023857 -8.906363 52.262682
-75.233857 -9.115363 53.389682
-75.129857 -9.021363 52.457682
-75.710857 -9.132363 53.394682
-75.793857 -9.297363 52.646682
-76.258857 -8.899363 53.451682
-75.767857 -9.167363 52.479682
-74.276857 -10.239363 52.107682
-76.154857 -9.420363 53.048682
-77.712857 -9.124363 52.703682
-76.625857 -9.385363 52.973682
-78.398857 -9.091363 52.751682
-77.294857 -9.432363 53.304682
-79.199857 -9.269363 53.053682
-77.549857 -9.163363 53.170682
-79.584857 -8.844363 52.749682
-77.908857 -9.086363 53.335682
-79.963857 -8.863363 52.663682
-78.295857 -9.362363 53.624682
-80.704857 -9.144363 52.816682
-78.678857 -9.053363 53.396682
-80.985857 -8.713363 52.655682
-79.326857 -8.942363 54.046682
-81.508857 -8.484363 52.667682
-79.345857 -8.357363 53.663682
-81.513857 -8.486363 53.096682
-78.348857 -10.066363 52.305682
-82.673857 -8.285363 52.989682
-81.185857 -8.285363 54.598682
-83.461857 -7.776363 53.492682
-81.993857 -8.038363 54.866682
-84.103857 -7.644363 54.124682
-83.172857 -7.429363 55.361682
-85.203857 -7.073363 54.757682
-84.851857 -6.893363 56.524682
-86.382857 -6.826363 56.207682
-85.043857 -6.136363 56.728682
-87.437857 -5.715363 55.641682
-86.726857 -5.869363 57.697682
-87.713857 -5.521363 57.236682
-88.157857 -5.436363 58.151682
-88.218857 -5.284363 57.571682
-88.864857 -5.111363 58.533682
-89.263857 -4.745363 58.523682
-90.121857 -4.312363 58.801682
-89.245857 -4.367363 58.452682
-90.914857 -4.079363 59.212682
-90.362857 -3.979363 59.606682
-92.016857 -3.478363 59.863682
-91.179857 -3.636363 60.316682
-93.210857 -2.917363 60.411682
-91.977857 -3.363363 60.775682
-94.218857 -2.723363 60.671682
-92.760857 -2.996363 60.569682
-94.799857 -2.267363 60.353682
-92.915857 -2.852363 61.118682
-95.132857 -1.840363 60.962682
-93.740857 -2.407363 61.505682
-96.027857 -1.421363 61.468682
-94.127857 -2.103363 61.834682
-96.835857 -1.351363 61.777682
-94.940857 -1.570363 62.245682
-96.716857 -0.945363 61.526682
-95.841857 -1.578363 62.335682
-97.149857 -1.506363 62.189682
-97.052857 -1.258363 62.539682
-98.275857 -0.766363 62.569682
-97.611857 -0.929363 63.025682
-98.722857 -1.212363 63.278682
-98.889857 -0.983363 63.215682
-99.047857 -0.653363 63.710682
-98.823857 -0.365363 63.495682
-98.496857 -0.124363 63.523682
-99.347857 0.368637 63.610682
-98.542857 0.037637 63.892682
-99.660857 0.750637 63.534682
-99.431857 0.148637 64.384682
-99.653857 1.027637 63.546682
-99.367857 0.424637 64.484682
-97.514857 -1.566363 62.100682
-100.343857 0.712637 65.245682
