31.844650 102.929300 -23.899800
32.729650 102.105300 -23.465800
31.955650 102.934300 -23.509800
32.475650 102.025300 -23.618800
32.081650 102.549300 -23.687800
32.688650 101.456300 -23.748800
32.058650 102.172300 -23.566800
32.908650 100.576300 -23.302800
32.421650 100.959300 -23.370800
33.085650 99.752300 -23.191800
32.970650 100.150300 -23.497800
33.756650 98.759300 -23.324800
33.600650 99.421300 -23.669800
34.389650 98.793300 -23.736800
34.219650 99.026300 -23.562800
34.505650 98.166300 -23.488800
34.489650 98.351300 -23.568800
34.839650 97.533300 -23.522800
34.569650 97.656300 -23.514800
34.643650 97.160300 -23.739800
34.991650 96.906300 -23.397800
34.905650 96.848300 -23.734800
35.220650 97.049300 -23.571800
35.112650 97.189300 -23.333800
35.149650 96.922300 -23.445800
35.029650 96.497300 -23.172800
35.383650 96.453300 -23.240800
35.110650 96.164300 -23.137800
35.287650 96.026300 -22.917800
35.121650 95.933300 -23.149800
35.649650 95.169300 -22.863800
35.237650 95.421300 -23.213800
35.606650 95.134300 -23.087800
35.232650 95.262300 -23.210800
35.914650 94.712300 -23.027800
35.441650 94.822300 -23.093800
36.302650 93.994300 -22.728800
35.361650 94.422300 -23.021800
36.099650 93.845300 -22.760800
35.566650 94.196300 -22.838800
36.458650 93.305300 -22.884800
35.695650 93.496300 -22.886800
36.203650 92.634300 -22.858800
35.513650 93.273300 -22.833800
36.315650 92.386300 -22.572800
35.529650 92.848300 -22.794800
36.299650 92.076300 -22.569800
35.693650 92.903300 -22.416800
36.303650 92.081300 -22.619800
35.733650 92.693300 -22.779800
36.473650 92.048300 -22.446800
35.597650 92.620300 -22.457800
36.422650 91.418300 -22.779800
35.802650 92.077300 -22.734800
36.262650 91.319300 -22.793800
36.145650 91.932300 -22.809800
36.543650 90.932300 -22.599800
36.156650 91.384300 -22.686800
36.427650 90.152300 -22.622800
36.151650 90.658300 -22.399800
36.944650 89.972300 -22.912800
36.621650 90.246300 -22.379800
35.975650 89.784300 -22.739800
36.309650 89.583300 -22.233800
37.204650 88.922300 -22.046800
36.001650 89.303300 -22.198800
37.061650 88.542300 -21.974800
35.910650 88.926300 -22.348800
37.123650 88.154300 -22.096800
35.920650 88.882300 -21.903800
37.097650 88.155300 -21.679800
36.311650 88.287300 -21.995800
37.475650 87.697300 -21.931800
36.145650 88.061300 -22.304800
36.390650 87.585300 -21.388800
37.330650 87.779300 -21.976800
36.431650 87.671300 -22.307800
37.255650 87.343300 -22.098800
36.539650 87.491300 -22.157800
37.549650 87.123300 -21.808800
37.007650 87.290300 -22.016800
37.495650 86.683300 -22.141800
37.086650 87.036300 -22.438800
37.924650 86.230300 -21.778800
37.343650 86.602300 -22.031800
37.682650 85.745300 -22.049800
37.363650 86.248300 -22.140800
37.659650 85.173300 -21.767800
37.183650 85.716300 -21.607800
37.531650 84.781300 -21.304800
37.302650 85.269300 -21.255800
37.263650 84.462300 -21.092800
37.559650 84.913300 -21.181800
36.895650 84.108300 -20.911800
37.231650 85.045300 -20.973800
37.067650 83.976300 -21.039800
37.505650 84.716300 -20.906800
37.054650 83.749300 -20.942800
37.200650 84.464300 -21.064800
37.200650 84.463300 -20.909800
37.321650 84.293300 -20.908800
37.058650 83.442300 -20.683800
37.835650 84.167300 -20.602800
37.265650 83.201300 -20.517800
37.960650 83.654300 -20.470800
37.280650 82.838300 -20.754800
38.014650 83.191300 -20.376800
37.552650 82.137300 -20.565800
37.379650 83.191300 -19.551800
37.914650 82.610300 -20.565800
37.760650 81.889300 -20.285800
37.574650 82.723300 -20.529800
37.895650 81.711300 -19.983800
37.767650 82.640300 -20.321800
37.864650 81.054300 -20.134800
38.538650 81.916300 -20.010800
37.549650 80.804300 -19.717800
38.562650 81.608300 -19.817800
37.542650 80.766300 -19.870800
38.529650 81.435300 -20.120800
37.580650 80.066300 -20.693800
38.765650 80.049300 -20.457800
37.649650 79.972300 -19.392800
38.760650 80.096300 -19.625800
37.697650 79.951300 -20.061800
38.455650 79.956300 -19.655800
38.783650 79.783300 -19.718800
38.269650 79.319300 -20.505800
37.792650 79.618300 -19.637800
38.409650 79.145300 -19.787800
38.885650 79.054300 -19.236800
38.438650 78.616300 -19.691800
38.682650 79.138300 -18.566800
39.322650 77.919300 -18.927800
38.676650 78.514300 -19.026800
38.800650 78.036300 -19.454800
39.186650 78.501300 -19.199800
38.919650 77.540300 -19.665800
38.704650 78.373300 -19.256800
39.486650 77.510300 -19.783800
39.095650 78.321300 -18.979800
39.380650 77.079300 -19.201800
39.251650 78.078300 -20.159800
39.558650 77.148300 -19.539800
39.411650 77.843300 -19.326800
39.621650 76.856300 -19.412800
39.287650 76.744300 -19.621800
39.403650 77.146300 -19.815800
39.106650 77.220300 -19.733800
39.995650 76.225300 -19.396800
39.396650 77.580300 -19.678800
40.057650 75.608300 -18.723800
39.148650 77.247300 -19.681800
40.164650 75.165300 -18.736800
39.336650 76.677300 -19.578800
40.158650 75.549300 -18.739800
39.260650 76.236300 -19.257800
40.111650 75.092300 -19.141800
39.342650 75.745300 -19.705800
39.999650 75.085300 -18.711800
39.645650 74.946300 -18.733800
40.306650 74.286300 -18.477800
39.938650 73.986300 -18.829800
40.052650 74.410300 -18.642800
39.484650 73.793300 -18.715800
40.107650 74.052300 -18.585800
40.280650 73.330300 -19.020800
40.237650 73.965300 -18.360800
39.888650 73.108300 -18.670800
40.031650 73.410300 -17.900800
40.251650 72.189300 -17.786800
39.867650 72.900300 -18.558800
39.959650 72.253300 -18.336800
39.825650 73.286300 -18.390800
40.486650 71.691300 -18.138800
40.090650 72.386300 -18.417800
40.647650 71.128300 -18.052800
40.280650 72.148300 -17.902800
40.853650 70.853300 -18.012800
40.149650 72.020300 -18.724800
40.945650 70.557300 -17.933800
40.462650 71.421300 -18.209800
41.109650 70.245300 -17.992800
39.900650 71.249300 -18.478800
40.810650 69.582300 -17.681800
40.310650 70.668300 -17.994800
40.670650 69.380300 -18.222800
40.688650 68.980300 -17.674800
40.704650 70.265300 -17.341800
40.171650 69.119300 -18.356800
41.229650 67.659300 -16.772800
40.621650 68.662300 -16.610800
41.277650 67.401300 -15.656800
40.762650 68.416300 -17.170800
41.022650 66.804300 -16.299800
40.762650 66.903300 -17.021800
41.004650 67.120300 -17.049800
40.899650 66.694300 -16.891800
40.879650 66.620300 -16.391800
41.088650 66.358300 -16.691800
40.986650 66.503300 -16.206800
41.392650 65.173300 -16.175800
40.852650 65.709300 -15.837800
41.041650 64.391300 -15.883800
40.884650 65.318300 -15.569800
41.045650 63.434300 -15.545800
40.796650 64.691300 -15.584800
41.366650 62.996300 -15.213800
40.915650 63.697300 -15.337800
41.614650 62.003300 -15.165800
41.009650 63.473300 -15.608800
41.604650 61.796300 -15.172800
40.841650 63.186300 -15.792800
41.825650 61.135300 -14.799800
41.282650 62.672300 -15.036800
41.495650 60.665300 -14.596800
41.089650 62.293300 -15.334800
40.873650 60.550300 -15.041800
41.013650 61.804300 -15.386800
41.756650 59.697300 -14.378800
40.940650 61.152300 -15.413800
41.595650 59.785300 -14.787800
41.649650 60.658300 -14.790800
42.155650 59.019300 -14.696800
41.496650 60.129300 -15.511800
41.737650 58.926300 -14.819800
41.711650 59.440300 -14.677800
41.835650 58.272300 -14.557800
40.757650 58.660300 -14.490800
42.156650 58.909300 -14.664800
41.480650 58.362300 -15.221800
41.818650 58.593300 -13.879800
42.348650 57.536300 -14.647800
41.455650 58.290300 -14.752800
40.957650 57.497300 -14.396800
42.205650 57.510300 -14.372800
41.357650 57.156300 -13.953800
41.956650 57.485300 -14.848800
40.951650 56.625300 -14.184800
41.407650 57.507300 -13.838800
41.295650 56.380300 -14.022800
42.078650 57.214300 -14.298800
41.780650 56.300300 -14.287800
41.821650 57.185300 -14.687800
40.800650 56.725300 -14.362800
41.756650 56.507300 -14.045800
41.749650 56.210300 -14.215800
42.087650 55.912300 -13.808800
42.069650 55.657300 -13.827800
41.986650 55.469300 -14.463800
42.098650 55.322300 -14.112800
41.396650 55.190300 -14.048800
42.179650 55.226300 -13.977800
40.924650 55.433300 -14.530800
41.525650 54.839300 -13.776800
41.072650 54.444300 -14.415800
41.928650 54.614300 -13.799800
41.655650 53.026300 -13.472800
41.420650 54.428300 -13.697800
41.242650 52.660300 -13.021800
41.354650 53.734300 -13.680800
42.090650 52.315300 -13.490800
41.817650 53.553300 -14.060800
42.079650 52.025300 -13.636800
41.773650 52.555300 -13.698800
41.979650 51.269300 -12.942800
41.574650 51.824300 -13.370800
41.769650 50.758300 -13.040800
41.410650 51.536300 -13.848800
41.926650 50.025300 -12.137800
42.440650 49.919300 -13.347800
42.794650 49.354300 -13.987800
41.205650 49.708300 -14.188800
41.892650 48.909300 -11.738800
41.647650 48.918300 -13.589800
42.950650 48.328300 -12.559800
41.513650 48.739300 -13.642800
41.323650 47.804300 -12.170800
41.874650 48.035300 -13.234800
41.226650 47.762300 -12.763800
41.239650 47.725300 -12.210800
41.210650 47.369300 -12.621800
41.922650 47.215300 -12.055800
41.491650 46.826300 -12.910800
41.320650 46.633300 -12.189800
41.401650 46.446300 -12.897800
42.415650 46.271300 -11.141800
41.305650 46.490300 -12.665800
42.055650 45.867300 -11.137800
40.862650 45.991300 -12.817800
41.747650 45.479300 -10.789800
40.479650 45.333300 -12.422800
41.578650 44.727300 -10.608800
40.116650 44.622300 -13.585800
41.861650 44.433300 -10.260800
40.807650 43.942300 -12.313800
41.849650 43.129300 -10.235800
40.763650 43.534300 -11.791800
41.541650 42.414300 -10.187800
40.237650 42.693300 -12.794800
41.030650 41.609300 -10.313800
40.526650 42.226300 -11.031800
41.012650 41.326300 -9.730800
40.268650 41.570300 -10.182800
40.915650 40.542300 -10.022800
40.745650 40.665300 -10.394800
41.037650 40.073300 -10.403800
41.148650 40.224300 -10.459800
39.964650 39.411300 -10.439800
41.452650 39.516300 -9.460800
40.617650 39.288300 -10.533800
40.018650 38.671300 -7.267800
38.656650 37.809300 -9.072800
40.720650 36.858300 -9.514800
41.082650 38.525300 -9.123800
40.364650 36.280300 -10.096800
40.904650 38.058300 -9.152800
41.065650 35.933300 -9.751800
40.930650 37.591300 -8.769800
40.646650 35.436300 -9.960800
40.613650 36.654300 -8.795800
40.588650 35.169300 -9.769800
41.851650 38.013300 -9.758800
40.958650 34.141300 -9.600800
41.861650 37.292300 -9.756800
40.813650 33.427300 -10.006800
40.958650 33.871300 -7.741800
40.668650 32.280300 -9.204800
40.534650 32.787300 -8.054800
40.941650 31.654300 -9.409800
40.714650 31.473300 -7.991800
40.557650 30.578300 -9.405800
40.766650 30.368300 -8.278800
40.672650 30.472300 -9.210800
40.783650 29.891300 -8.273800
40.948650 29.808300 -9.021800
40.550650 29.343300 -8.216800
40.818650 29.834300 -9.188800
41.890650 31.325300 -9.560800
41.071650 29.447300 -8.619800
40.775650 27.889300 -8.964800
41.036650 28.976300 -8.694800
40.742650 27.203300 -8.916800
41.083650 28.307300 -8.363800
40.920650 26.402300 -8.614800
40.814650 28.052300 -8.497800
40.495650 26.017300 -8.918800
40.737650 27.693300 -8.332800
40.514650 25.638300 -9.004800
41.013650 27.306300 -8.043800
40.795650 24.897300 -8.851800
40.704650 26.923300 -8.271800
40.364650 24.616300 -9.012800
40.593650 26.275300 -7.621800
40.135650 24.093300 -9.000800
40.008650 26.256300 -8.004800
40.137650 24.088300 -8.571800
41.717650 27.253300 -9.362800
39.936650 22.928300 -8.678800
39.936650 24.416300 -7.069800
39.427650 22.140300 -8.175800
39.689650 23.608300 -6.801800
39.295650 21.498300 -7.543800
39.080650 22.429300 -6.306800
38.724650 20.398300 -6.910800
38.544650 20.750300 -5.143800
38.477650 19.219300 -5.460800
37.787650 20.558300 -4.939800
37.366650 18.164300 -6.026800
37.520650 18.875300 -3.970800
37.172650 17.888300 -4.431800
37.087650 17.444300 -3.516800
36.935650 17.383300 -4.096800
36.762650 16.737300 -3.134800
36.396650 16.338300 -3.144800
35.963650 15.480300 -2.866800
36.018650 16.356300 -3.215800
35.730650 14.687300 -2.455800
35.630650 15.239300 -2.061800
35.129650 13.585300 -1.804800
35.287650 14.422300 -1.351800
34.568650 12.391300 -1.256800
35.014650 13.624300 -0.892800
34.374650 11.383300 -0.996800
34.647650 12.841300 -1.098800
33.918650 10.802300 -1.314800
34.503650 12.686300 -0.549800
33.491650 10.469300 -0.705800
34.058650 11.861300 -0.162800
33.072650 9.574300 -0.199800
33.754650 11.474300 0.166200
33.002650 8.766300 0.109200
33.221650 10.661300 0.577200
32.596650 8.885300 -0.141800
33.229650 9.760300 0.667200
33.157650 8.452300 0.521200
32.909650 8.549300 0.871200
32.417650 7.326300 0.901200
32.580650 7.990300 1.357200
32.863650 6.879300 1.610200
32.634650 6.712300 1.547200
32.304650 6.554300 2.042200
32.016650 6.778300 1.827200
31.775650 7.105300 1.855200
31.282650 6.254300 1.942200
31.613650 7.059300 2.224200
30.900650 5.941300 1.866200
31.502650 6.170300 2.716200
30.623650 5.948300 1.878200
31.226650 6.234300 2.816200
33.217650 8.087300 0.432200
30.938650 5.258300 3.577200
