0.193363 -2.672857 37.768682
1.078363 -3.496857 38.202682
0.304363 -2.667857 38.158682
0.824363 -3.576857 38.049682
0.430363 -3.052857 37.980682
1.037363 -4.145857 37.919682
0.407363 -3.429857 38.101682
1.257363 -5.025857 38.365682
0.770363 -4.642857 38.297682
1.434363 -5.849857 38.476682
1.319363 -5.451857 38.170682
2.105363 -6.842857 38.343682
1.949363 -6.180857 37.998682
2.738363 -6.808857 37.931682
2.568363 -6.575857 38.105682
2.854363 -7.435857 38.179682
2.838363 -7.250857 38.099682
3.188363 -8.068857 38.145682
2.918363 -7.945857 38.153682
2.992363 -8.441857 37.928682
3.340363 -8.695857 38.270682
3.254363 -8.753857 37.933682
3.569363 -8.552857 38.096682
3.461363 -8.412857 38.334682
3.498363 -8.679857 38.222682
3.378363 -9.104857 38.495682
3.732363 -9.148857 38.427682
3.459363 -9.437857 38.530682
3.636363 -9.575857 38.750682
3.470363 -9.668857 38.518682
3.998363 -10.432857 38.804682
3.586363 -10.180857 38.454682
3.955363 -10.467857 38.580682
3.581363 -10.339857 38.457682
4.263363 -10.889857 38.640682
3.790363 -10.779857 38.574682
4.651363 -11.607857 38.939682
3.710363 -11.179857 38.646682
4.448363 -11.756857 38.907682
3.915363 -11.405857 38.829682
4.807363 -12.296857 38.783682
4.044363 -12.105857 38.781682
4.552363 -12.967857 38.809682
3.862363 -12.328857 38.834682
4.664363 -13.215857 39.095682
3.878363 -12.753857 38.873682
4.648363 -13.525857 39.098682
4.042363 -12.698857 39.251682
4.652363 -13.520857 39.048682
4.082363 -12.908857 38.888682
4.822363 -13.553857 39.221682
3.946363 -12.981857 39.210682
4.771363 -14.183857 38.888682
4.151363 -13.524857 38.933682
4.611363 -14.282857 38.874682
4.494363 -13.669857 38.858682
4.892363 -14.669857 39.068682
4.505363 -14.217857 38.981682
4.776363 -15.449857 39.045682
4.500363 -14.943857 39.268682
5.293363 -15.629857 38.755682
4.970363 -15.355857 39.288682
4.324363 -15.817857 38.928682
4.658363 -16.018857 39.434682
5.553363 -16.679857 39.621682
4.350363 -16.298857 39.469682
5.410363 -17.059857 39.693682
4.259363 -16.675857 39.319682
5.472363 -17.447857 39.571682
4.269363 -16.719857 39.764682
5.446363 -17.446857 39.988682
4.660363 -17.314857 39.672682
5.824363 -17.904857 39.736682
4.494363 -17.540857 39.363682
4.739363 -18.016857 40.279682
5.679363 -17.822857 39.691682
4.780363 -17.930857 39.360682
5.604363 -18.258857 39.569682
4.888363 -18.110857 39.510682
5.898363 -18.478857 39.859682
5.356363 -18.311857 39.651682
5.844363 -18.918857 39.526682
5.435363 -18.565857 39.229682
6.273363 -19.371857 39.889682
5.692363 -18.999857 39.636682
6.031363 -19.856857 39.618682
5.712363 -19.353857 39.527682
6.008363 -20.428857 39.900682
5.532363 -19.885857 40.060682
5.880363 -20.820857 40.363682
5.651363 -20.332857 40.412682
5.612363 -21.139857 40.575682
5.908363 -20.688857 40.486682
5.244363 -21.493857 40.756682
5.580363 -20.556857 40.694682
5.416363 -21.625857 40.628682
5.854363 -20.885857 40.761682
5.403363 -21.852857 40.725682
5.549363 -21.137857 40.603682
5.549363 -21.138857 40.758682
5.670363 -21.308857 40.759682
5.407363 -22.159857 40.984682
6.184363 -21.434857 41.065682
5.614363 -22.400857 41.150682
6.309363 -21.947857 41.197682
5.629363 -22.763857 40.913682
6.363363 -22.410857 41.291682
5.901363 -23.464857 41.102682
5.728363 -22.410857 42.116682
6.263363 -22.991857 41.102682
6.109363 -23.712857 41.382682
5.923363 -22.878857 41.138682
6.244363 -23.890857 41.684682
6.116363 -22.961857 41.346682
6.213363 -24.547857 41.533682
6.887363 -23.685857 41.657682
5.898363 -24.797857 41.950682
6.911363 -23.993857 41.850682
5.891363 -24.835857 41.797682
6.878363 -24.166857 41.547682
5.929363 -25.535857 40.974682
7.114363 -25.552857 41.210682
5.998363 -25.629857 42.275682
7.109363 -25.505857 42.042682
6.046363 -25.650857 41.606682
6.804363 -25.645857 42.012682
7.132363 -25.818857 41.949682
6.618363 -26.282857 41.162682
6.141363 -25.983857 42.030682
6.758363 -26.456857 41.880682
7.234363 -26.547857 42.431682
6.787363 -26.985857 41.976682
7.031363 -26.463857 43.101682
7.671363 -27.682857 42.740682
7.025363 -27.087857 42.641682
7.149363 -27.565857 42.213682
7.535363 -27.100857 42.468682
7.268363 -28.061857 42.002682
7.053363 -27.228857 42.411682
7.835363 -28.091857 41.884682
7.444363 -27.280857 42.688682
7.729363 -28.522857 42.466682
7.600363 -27.523857 41.508682
7.907363 -28.453857 42.128682
7.760363 -27.758857 42.341682
7.970363 -28.745857 42.255682
7.636363 -28.857857 42.046682
7.752363 -28.455857 41.852682
7.455363 -28.381857 41.934682
8.344363 -29.376857 42.271682
7.745363 -28.021857 41.989682
8.406363 -29.993857 42.944682
7.497363 -28.354857 41.986682
8.513363 -30.436857 42.931682
7.685363 -28.924857 42.089682
8.507363 -30.052857 42.928682
7.609363 -29.365857 42.410682
8.460363 -30.509857 42.526682
7.691363 -29.856857 41.962682
8.348363 -30.516857 42.956682
7.994363 -30.655857 42.934682
8.655363 -31.315857 43.190682
8.287363 -31.615857 42.838682
8.401363 -31.191857 43.025682
7.833363 -31.808857 42.952682
8.456363 -31.549857 43.082682
8.629363 -32.271857 42.647682
8.586363 -31.636857 43.307682
8.237363 -32.493857 42.997682
8.380363 -32.191857 43.767682
8.600363 -33.412857 43.881682
8.216363 -32.701857 43.109682
8.308363 -33.348857 43.331682
8.174363 -32.315857 43.277682
8.835363 -33.910857 43.529682
8.439363 -33.215857 43.250682
8.996363 -34.473857 43.615682
8.629363 -33.453857 43.765682
9.202363 -34.748857 43.655682
8.498363 -33.581857 42.943682
9.294363 -35.044857 43.734682
8.811363 -34.180857 43.458682
9.458363 -35.356857 43.675682
8.249363 -34.352857 43.189682
9.159363 -36.019857 43.986682
8.659363 -34.933857 43.673682
9.019363 -36.221857 43.445682
9.037363 -36.621857 43.993682
9.053363 -35.336857 44.326682
8.520363 -36.482857 43.311682
9.578363 -37.942857 44.895682
8.970363 -36.939857 45.057682
9.626363 -38.200857 46.011682
9.111363 -37.185857 44.497682
9.371363 -38.797857 45.368682
9.111363 -38.698857 44.646682
9.353363 -38.481857 44.618682
9.248363 -38.907857 44.776682
9.228363 -38.981857 45.276682
9.437363 -39.243857 44.976682
9.335363 -39.098857 45.461682
9.741363 -40.428857 45.492682
9.201363 -39.892857 45.830682
9.390363 -41.210857 45.784682
9.233363 -40.283857 46.098682
9.394363 -42.167857 46.122682
9.145363 -40.910857 46.083682
9.715363 -42.605857 46.454682
9.264363 -41.904857 46.330682
9.963363 -43.598857 46.502682
9.358363 -42.128857 46.059682
9.953363 -43.805857 46.495682
9.190363 -42.415857 45.875682
10.174363 -44.466857 46.868682
9.631363 -42.929857 46.631682
9.844363 -44.936857 47.071682
9.438363 -43.308857 46.333682
9.222363 -45.051857 46.626682
9.362363 -43.797857 46.281682
10.105363 -45.904857 47.289682
9.289363 -44.449857 46.254682
9.944363 -45.816857 46.880682
9.998363 -44.943857 46.877682
10.504363 -46.582857 46.971682
9.845363 -45.472857 46.156682
10.086363 -46.675857 46.848682
10.060363 -46.161857 46.990682
10.184363 -47.329857 47.110682
9.106363 -46.941857 47.177682
10.505363 -46.692857 47.003682
9.829363 -47.239857 46.446682
10.167363 -47.008857 47.788682
10.697363 -48.065857 47.020682
9.804363 -47.311857 46.915682
9.306363 -48.104857 47.271682
10.554363 -48.091857 47.295682
9.706363 -48.445857 47.714682
10.305363 -48.116857 46.819682
9.300363 -48.976857 47.483682
9.756363 -48.094857 47.829682
9.644363 -49.221857 47.645682
10.427363 -48.387857 47.369682
10.129363 -49.301857 47.380682
10.170363 -48.416857 46.980682
9.149363 -48.876857 47.305682
10.105363 -49.094857 47.622682
10.098363 -49.391857 47.452682
10.436363 -49.689857 47.859682
10.418363 -49.944857 47.840682
10.335363 -50.132857 47.204682
10.447363 -50.279857 47.555682
9.745363 -50.411857 47.619682
10.528363 -50.375857 47.690682
9.273363 -50.168857 47.137682
9.874363 -50.762857 47.891682
9.421363 -51.157857 47.252682
10.277363 -50.987857 47.868682
10.004363 -52.575857 48.195682
9.769363 -51.173857 47.970682
9.591363 -52.941857 48.646682
9.703363 -51.867857 47.987682
10.439363 -53.286857 48.177682
10.166363 -52.048857 47.607682
10.428363 -53.576857 48.031682
10.122363 -53.046857 47.969682
10.328363 -54.332857 48.725682
9.923363 -53.777857 48.297682
10.118363 -54.843857 48.627682
9.759363 -54.065857 47.819682
10.275363 -55.576857 49.530682
10.789363 -55.682857 48.320682
11.143363 -56.247857 47.680682
9.554363 -55.893857 47.479682
10.241363 -56.692857 49.929682
9.996363 -56.683857 48.078682
11.299363 -57.273857 49.108682
9.862363 -56.862857 48.025682
9.672363 -57.797857 49.497682
10.223363 -57.566857 48.433682
9.575363 -57.839857 48.904682
9.588363 -57.876857 49.457682
9.559363 -58.232857 49.046682
10.271363 -58.386857 49.612682
9.840363 -58.775857 48.757682
9.669363 -58.968857 49.478682
9.750363 -59.155857 48.770682
10.764363 -59.330857 50.526682
9.654363 -59.111857 49.002682
10.404363 -59.734857 50.530682
9.211363 -59.610857 48.850682
10.096363 -60.122857 50.878682
8.828363 -60.268857 49.245682
9.927363 -60.874857 51.059682
8.465363 -60.979857 48.082682
10.210363 -61.168857 51.407682
9.156363 -61.659857 49.354682
10.198363 -62.472857 51.432682
9.112363 -62.067857 49.876682
9.890363 -63.187857 51.480682
8.586363 -62.908857 48.873682
9.379363 -63.992857 51.354682
8.875363 -63.375857 50.636682
9.361363 -64.275857 51.937682
8.617363 -64.031857 51.485682
9.264363 -65.059857 51.645682
9.094363 -64.936857 51.273682
9.386363 -65.528857 51.264682
9.497363 -65.377857 51.208682
8.313363 -66.190857 51.228682
9.801363 -66.085857 52.207682
8.966363 -66.313857 51.134682
8.367363 -66.930857 54.400682
7.005363 -67.792857 52.595682
9.069363 -68.743857 52.153682
9.431363 -67.076857 52.544682
8.713363 -69.321857 51.571682
9.253363 -67.543857 52.515682
9.414363 -69.668857 51.916682
9.279363 -68.010857 52.898682
8.995363 -70.165857 51.707682
8.962363 -68.947857 52.872682
8.937363 -70.432857 51.898682
10.200363 -67.588857 51.909682
9.307363 -71.460857 52.067682
10.210363 -68.309857 51.911682
9.162363 -72.174857 51.661682
9.307363 -71.730857 53.926682
9.017363 -73.321857 52.463682
8.883363 -72.814857 53.613682
9.290363 -73.947857 52.258682
9.063363 -74.128857 53.676682
8.906363 -75.023857 52.262682
9.115363 -75.233857 53.389682
9.021363 -75.129857 52.457682
9.132363 -75.710857 53.394682
9.297363 -75.793857 52.646682
8.899363 -76.258857 53.451682
9.167363 -75.767857 52.479682
10.239363 -74.276857 52.107682
9.420363 -76.154857 53.048682
9.124363 -77.712857 52.703682
9.385363 -76.625857 52.973682
9.091363 -78.398857 52.751682
9.432363 -77.294857 53.304682
9.269363 -79.199857 53.053682
9.163363 -77.549857 53.170682
8.844363 -79.584857 52.749682
9.086363 -77.908857 53.335682
8.863363 -79.963857 52.663682
9.362363 -78.295857 53.624682
9.144363 -80.704857 52.816682
9.053363 -78.678857 53.396682
8.713363 -80.985857 52.655682
8.942363 -79.326857 54.046682
8.484363 -81.508857 52.667682
8.357363 -79.345857 53.663682
8.486363 -81.513857 53.096682
10.066363 -78.348857 52.305682
8.285363 -82.673857 52.989682
8.285363 -81.185857 54.598682
7.776363 -83.461857 53.492682
8.038363 -81.993857 54.866682
7.644363 -84.103857 54.124682
7.429363 -83.172857 55.361682
7.073363 -85.203857 54.757682
6.893363 -84.851857 56.524682
6.826363 -86.382857 56.207682
6.136363 -85.043857 56.728682
5.715363 -87.437857 55.641682
5.869363 -86.726857 57.697682
5.521363 -87.713857 57.236682
5.436363 -88.157857 58.151682
5.284363 -88.218857 57.571682
5.111363 -88.864857 58.533682
4.745363 -89.263857 58.523682
4.312363 -90.121857 58.801682
4.367363 -89.245857 58.452682
4.079363 -90.914857 59.212682
3.979363 -90.362857 59.606682
3.478363 -92.016857 59.863682
3.636363 -91.179857 60.316682
2.917363 -93.210857 60.411682
3.363363 -91.977857 60.775682
2.723363 -94.218857 60.671682
2.996363 -92.760857 60.569682
2.267363 -94.799857 60.353682
2.852363 -92.915857 61.118682
1.840363 -95.132857 60.962682
2.407363 -93.740857 61.505682
1.421363 -96.027857 61.468682
2.103363 -94.127857 61.834682
1.351363 -96.835857 61.777682
1.570363 -94.940857 62.245682
0.945363 -96.716857 61.526682
1.578363 -95.841857 62.335682
1.506363 -97.149857 62.189682
1.258363 -97.052857 62.539682
0.766363 -98.275857 62.569682
0.929363 -97.611857 63.025682
1.212363 -98.722857 63.278682
0.983363 -98.889857 63.215682
0.653363 -99.047857 63.710682
0.365363 -98.823857 63.495682
0.124363 -98.496857 63.523682
-0.368637 -99.347857 63.610682
-0.037637 -98.542857 63.892682
-0.750637 -99.660857 63.534682
-0.148637 -99.431857 64.384682
-1.027637 -99.653857 63.546682
-0.424637 -99.367857 64.484682
1.566363 -97.514857 62.100682
-0.712637 -100.343857 65.245682
