-130.21337822614177 11.172950128496291 312.221854405815 -0.890482609701747 2.145922172974517 -0.23059431098851324
-131.85605415036562 16.26458928805621 347.5417950422149 -1.1238914210079214 2.8480449013644913 -0.2313672363232077
120.41708390018768 -14.490017753151747 -315.59538933039164 2.6663044745667492 1.0845941151917553 0.6383646938828222
-130.07613575249914 16.84145077469911 347.4483585938448 -1.1312582541839051 2.8279670857572925 -0.207197397633342
-117.65326675840996 15.273045638573775 308.2169699864039 -1.0973341584898473 2.769672699475472 -0.15560856206240212
-128.63564182882433 17.476677121506246 341.87921761548483 1.200805265533581 -3.0146197122309633 0.2064221849005314
121.12728978155523 -16.63150592432501 -317.8956846138045 2.6391449760710466 1.079890284737724 0.6722200167432213
-126.76206543921364 18.059804713810518 333.82327963053996 -1.1268545678881339 2.789495607055663 -0.20185829929692262
-128.17648550831666 18.82241653190915 337.3700480536675 -1.1159740195652066 2.797970627127247 -0.21818472399950758
-130.1068514802874 19.711909836144855 345.76073419284194 -1.1202715678129727 2.8622053640839775 -0.20599993161041574
121.44116863927414 -17.99168588916262 -320.36298547970785 2.638331133105606 1.081065152529632 0.6588502553020199
-109.34593622849127 14.719525235651464 306.52912102380594 -1.1192647908775948 3.0369971985846553 0.2155251198039382
-125.12978368275964 20.66773907105172 336.932343169996 -1.0644349685752847 2.8214253507539793 -0.28843085180706773
-106.98556549279428 15.678601993388492 305.0771973441798 -1.1309944450256204 2.9775108797054255 0.22558212342744083
-123.54464795336517 18.71313432485187 329.98259588825795 -1.019374583176863 2.4370466075085933 -0.1668787442455305
-122.70937848751988 21.912928376782137 346.6842981581188 -1.1582498687949585 2.816434529680749 -0.17180580948085117
-122.28418834955801 22.043339940378097 346.65713881794096 -1.1382513047365854 2.789229651075473 -0.22925164166970244
-121.03899561715461 21.858324070820597 345.1242321335745 -1.1237305677424836 2.8105452751592805 -0.22278187556911389
-119.08365099145597 21.276776631788735 340.2758298376039 1.2391174487194925 -3.0127460034257583 0.23505508234860611
-106.02740512147815 21.777977130950713 318.01052265199473 1.0940399577470894 -2.7856899143308245 0.07915796587993294
-105.92702972254064 21.239170998694455 317.7724726333575 -1.232755873948852 2.986998204636343 0.06435089570519648
-117.40909421818975 25.077850024885134 336.9384365549237 1.246143028500618 -3.0038584319050776 0.23198359302720123
-117.55070317255363 25.4435813377999 336.88000195477184 1.2707123346884839 -3.023758020899227 0.2013676427678813
-104.10780356954434 24.585064941411517 314.91216006996405 -1.1816697233107354 3.067277709380112 -0.01961726160579146
-112.1603902589623 27.183428442215597 325.58587933792313 -1.1955806045931363 2.812879291960855 -0.12613772590221062
-115.90471596751861 29.204878667965442 336.91651822121486 1.2514253118497654 -3.0139403187334453 0.2460021674915879
108.94905249272097 -27.004498324603368 -314.88159086003014 2.5924273257116752 1.1019675600399197 0.4933691837114374
-114.53864628910186 29.8916478063549 334.2976994213643 -1.1353074518462751 2.7633101359210896 -0.19788131977365891
-114.21410024779664 30.472548229098706 335.22694042309774 1.2964180224429465 -3.0114827435312965 0.22437068370597277
-113.20020084157963 29.874018256169254 309.60346136151725 1.4222222800190374 -3.4460066856149636 0.6891694874426785
-96.95945927227906 27.22900488945844 303.8588244782009 1.1037718112437527 -2.822889466123762 -0.1855664701037136
-112.46331968110509 34.43170759217572 320.3091181817747 -1.0085195860311793 2.4598911275552355 -0.5447395190365024
-112.55748256565089 34.85054090688319 325.34820322105895 -1.0329469422323991 2.4403452472958795 -0.41332468736762923
-111.44514891441455 30.500321480107967 318.72959982006296 -1.0763537035245787 2.177418132579675 -0.13057759562415916
-101.71325800714789 36.85562252265925 325.21193368337083 -1.172412458609991 2.8993505814090654 -0.3128839984470592
102.01738420824809 -35.367792402777816 -318.0586098596987 2.638857171243811 1.1624672970386745 0.42292334821746735
-108.20142925447718 39.21370671597101 341.58325532624576 -1.1704376137223027 2.7534179276362774 -0.33950244305315064
100.421311999888 -36.63742866479654 -314.89109293228086 -3.056489909396577 -1.2822282571046388 -0.44895057873275906
-105.95382776043526 40.264190567017046 338.221584617034 1.2359964752014418 -2.9943358634889767 0.35964435705094494
-101.7348111397275 30.51586743204419 309.4264945401618 -1.0795521664800076 2.2818237972981796 0.011396605631590806
97.79595609657493 -37.138169271872755 -312.35213826638636 2.720976593451997 1.1779295326350836 0.3554878514317965
-104.26324244479017 40.997556026219556 339.6478891205491 -1.1499790502542462 2.7620837585684592 -0.36820949155710886
-103.29227606841317 41.044186640115406 336.26302995898595 -1.151093974021484 2.735491914730844 -0.3937638927869838
-103.30824450962244 42.11513399180058 337.9793377863818 -1.1174320847012604 2.7671733057181322 -0.4143800690821157
-102.92834283399255 42.09701121446535 340.18231577479094 -1.1421033826161224 2.7684132563393105 -0.37232764821343056
-100.22276975679934 43.08880834539168 342.2583335760383 -1.0951495113033662 2.9267342647839767 -0.4254929904507975
-105.19221899468873 43.96877729034715 353.22496526388386 -1.1086930209232093 2.7967206594303096 -0.43399749644326346
-101.16262928733472 42.262189645890075 337.58803045815864 1.1925284697839127 -3.013482720398463 0.5147618081921765
-103.70520808039198 44.16931542968226 351.16982382599224 1.1719598519717702 -2.978343397557011 0.4835807558912316
-105.43379939034597 46.71201450650651 360.1884128949872 -1.074392380220996 2.8729127712168743 -0.5259166331893291
-104.67448276739204 46.49271642070654 358.03416532790624 -1.0694547813831117 2.8710013775879237 -0.4825589148124491
-104.25561573792609 46.80727134770533 358.2597929973345 -1.0748504042277258 2.8874190084186435 -0.5010306606168979
-102.22717710732125 44.6398686348707 348.7781747493938 1.1778075749921768 -2.985173808370897 0.46046830985684056
-101.94138911060497 44.7039041488928 348.7203909935339 1.1440505726093484 -2.9879164565081324 0.47248688493351315
-103.50762471776815 46.301506573966876 358.0672396342382 -1.071620465152887 2.8846641642696214 -0.5156341499929148
-102.98232217086793 45.33076914064893 357.138673202056 -1.0601538041111915 2.8840854095166875 -0.48825191986657934
-99.63359006756056 42.243484084271785 340.0592086482191 -1.0366447758534563 2.7874968548168666 -0.5048350437573197
-101.14515220624273 35.266815102029085 329.7894296323683 -0.9665843426762195 2.4452319648076264 -0.21219096066393495
-100.68489803693814 40.78323742921857 343.5028598890968 -1.0172761002219728 2.805042180947657 -0.5430796987021531
-100.68572275786543 39.134226451941394 342.9442652703245 1.1388711628601151 -3.01102360782757 0.5114708750836297
-103.29851539546853 40.124549470009484 356.8953082122144 -1.0337316454707401 2.9155430023934894 -0.5013258997426855
-99.34816055869129 36.843133770754555 337.91937821878037 -1.0024874393023744 2.7941723225029476 -0.5178874508684971
-102.11066784986151 37.27300035833519 350.28965069945673 1.068378884918444 -3.007390663665981 0.5119556845910122
-100.3716110543383 36.47200310137034 346.34256241096443 -1.0424211787124409 2.840346337144706 -0.46867204843636223
-100.3545297409144 36.53233925610673 347.37900801556617 1.0938059248413077 -2.992204328815358 0.5058887736251694
-100.31544664970863 36.494296739577926 348.40564621422334 -1.0347856918786578 2.838072938155231 -0.47800952247272227
-99.99573295129375 36.18859478460372 347.5625355961696 1.0784912301283403 -3.004247840647744 0.5288266056087265
92.79761958101767 -33.18308134091718 -318.8226199758 2.879613861722599 1.1305973699097305 0.4321616560045264
-97.12549877338284 33.57523528382992 340.7690483041161 1.1020173111331375 -3.0295626773198974 0.4408136083115508
-99.14709172157778 34.974173549239936 349.23003825355306 1.075949085062871 -2.994444233317527 0.5207332123896841
-99.19828942316629 34.958721297648246 351.2758845904257 -1.0154461118350857 2.845960882830901 -0.5241622318737951
-98.85758802778975 34.39953730024677 350.9747375927937 -1.0148430364395105 2.836844559646568 -0.5389438441749118
-95.10106466556698 31.543561939937163 338.28033224031725 1.089555583072354 -3.041811987774995 0.471852408431125
-97.28877151965462 25.2303474076762 336.4406823313195 -0.9645624909136074 2.5481089310484863 0.00011292702415857079
-95.22397811521495 31.399959410578063 338.2545581786924 1.0791652890691013 -3.0147873708527384 0.5704651574946442
-97.06740048161906 31.7943807862012 349.0051060985267 1.045830880734354 -2.9731099560242744 0.5440910274629374
-96.36432548481473 30.752179023742045 348.60444833673637 1.0556638813756252 -2.9791998280812693 0.516219420774954
-94.68112491931161 28.748725604034263 343.4177035184616 -0.972549786838284 2.839774020180268 -0.42997169488050674
-94.40724133148956 28.976900223641792 346.3921156413451 1.0544981062816008 -3.0015595039685694 0.47951863434550146
-93.10133338190818 19.737051041553045 326.8147254655643 -0.9219909883478863 2.4509125287760685 0.054266942915142044
85.05273292702255 -23.568148534879263 -314.63590346561176 -3.01475596617769 -1.077630626541209 -0.4669012243304748
-90.4822079961752 25.412755591983196 339.2527260794332 1.0544945269263601 -3.042675115653732 0.4166611285870537
-92.02858158531778 25.97575044636143 347.6321599049284 1.0459790814706438 -2.9965668948109796 0.49460446566264765
-90.70127233993826 15.95948854662371 324.9553542906565 -0.9145273531236702 2.4394119620300154 0.046729179169100916
-90.17275701013203 14.373801137688753 323.246580242845 -0.9138820934933148 2.409908891277985 0.06325637004401162
-90.14377072293597 14.309035592857848 322.3351642902841 -0.8831028187385983 2.4108514405107524 -0.023169729714715797
-87.79985361620605 20.566830109199344 332.29163230059714 -0.9905233140998798 2.807935881627064 -0.49856349748843193
-88.08652684535126 12.06958787905739 321.3384701346202 -0.9562272083482082 2.4613240505669225 0.013322938947886368
81.04167836498102 -16.32037869089195 -305.1938840004205 2.925991162844808 1.1329698151849543 0.36610940066317443
-85.86673233413346 16.94798437727858 330.5634435015633 -1.044997069153351 2.821980553243924 -0.4119309429725105
-87.78560983461712 16.386412728412587 342.4980713428531 -1.0513726464643054 2.871046990443997 -0.37833832153526403
-87.1680738367144 15.611603734976915 340.3182276132757 1.1061276407228904 -2.998644397269436 0.3950827477637815
77.77552623247647 -11.155898082272826 -305.5304803382861 -3.021328171442357 -1.160848532333271 -0.48685125541166063
-84.58625247614654 13.717516856317047 329.95057365062377 -1.0431461379408988 2.812341291795108 -0.3831533210906072
-85.78828108482148 12.93307820820103 339.65619451429353 1.123326914066042 -2.9992531867668277 0.3660114599083582
-81.82035106738688 10.29242374575352 325.38530401001225 -1.05571851211966 2.8220049801075993 -0.23029346249924873
77.23760345335714 -8.32445433711109 -307.96426339486385 -3.0019390075145864 -1.129267787475996 -0.5077705117587347
-82.4148660438365 10.154592668958797 326.6982227385569 -1.063091166456234 2.8133271961865947 -0.37351234038973685
-84.18926586558526 9.076992152623927 338.65816417715286 1.133524693065976 -3.0068728179029605 0.3379956132451613
-81.75416595333736 8.238757590458974 326.97682867695306 -1.061131723556956 2.7923686872155646 -0.3338541901709219
76.36077417339476 -7.0036443025517015 -300.5309871504385 2.9467507209381147 1.1520549015125343 0.35090328018682126
-82.97186146164367 7.057174500845491 336.8995645134754 -1.0624339064551849 2.8440174026977414 -0.2715901159832663
-82.02009177963988 6.554094689102227 334.0664552836537 -1.058985185489489 2.834563198736074 -0.2395270820862909
-82.00825413897174 6.935624826179508 335.19243596571005 -1.0577292740535835 2.82881970187416 -0.26549481718640927
-80.74651217127362 6.5838997562226576 332.70112760218547 -1.059260903220718 2.8388146892220454 -0.23370895316154605
-80.39179988409535 6.331595914580213 331.7719827785375 -1.0527828764099567 2.818255718839459 -0.20567493063251596
-79.82196483735771 6.405135313511367 331.73809218426004 -1.0582499370060088 2.834655609831838 -0.21037860647411125
-75.61503390623247 4.804065374396413 313.54465222429985 -1.0183262368625763 2.7681552109488643 -0.09826594545137345
-79.65519783463147 6.832295996716123 332.6401311422888 -1.0455341722056124 2.8255576001736276 -0.20575921157216576
-75.86630249117971 6.7594648943777145 310.99847953815816 -1.0198200354761904 2.7438887854544385 -0.25436964342827767
-78.46728362611184 6.4097102178225125 330.24039656556715 -1.064253069264853 2.7985305518882906 -0.14695765937225758
77.36068490879471 -6.391379500598074 -326.71725776382175 -3.0466128972624396 -1.1541145768380425 -0.41379386662028017
-73.38585628045222 4.6361658308297145 308.0823649763268 1.1104770647046776 -3.1252267155453572 0.03152737340286995
-75.06364763327676 6.704587408669673 313.0393665372935 -1.0204667759477617 2.7425318286918667 -0.18993685597714963
-76.6298182074131 6.352971145567884 325.6213332575065 -1.032773623677954 2.81109463354953 -0.13817237897402418
-76.86496079283057 6.229586532548881 329.12929898632075 -1.0475006680637593 2.8148127930667455 -0.09117176039990521
75.91054691730885 -5.668186955611486 -324.46181315063313 -3.0856627900856655 -1.1517873284852342 -0.3553761656548773
-75.27039304851478 6.389516424554762 315.489110679722 -1.0069704548068006 2.749004403920749 -0.2103624794707693
-73.41766388058608 5.43504209662283 307.1314191701511 -1.0274657286775877 2.7766133739062706 -0.10186350898853001
-74.76829940446305 5.507665618827261 313.6203204700153 -1.018527749564816 2.716574392935423 -0.17721592813340695
-74.84929421523485 5.780603417587391 314.79595046404194 -1.0210392726182878 2.7273517688665687 -0.18706605762427755
-74.17890130791336 5.620744722311912 312.4769651063343 -1.0393101887486615 2.7294987878873815 -0.15897093155899236
-74.09691218695706 4.245787778669317 316.49312773326795 1.1187494351033902 -3.141801983084417 0.043047941714855785
69.41565475686058 -5.226373746192942 -287.60612820707104 2.8818762966577 1.0810866671346762 0.16461599228837562
-76.28354537386856 6.8954572931095734 330.0139173391778 -1.0437027389712588 2.800055605909776 -0.1263272865956428
-77.53965853712046 6.509485538231355 341.426009761479 -1.0636211060689371 2.826479049762669 -0.045942942478927676
-77.03380842570121 6.373590474783783 341.52642707840556 -1.0678046946702082 2.827339733291803 -0.03910709200112947
-76.079070446179 6.196755944112877 338.6938081026878 -1.0724748944670508 2.8074149354021083 -0.027350199781708762
-75.34178461436993 6.294413770299766 338.62764088851 -1.0695092377866862 2.8191574395052306 -0.0012094475746593895
-73.22628113369085 6.888684313172575 332.44909757293505 -1.0653282638378794 2.8304316197397017 -0.06099991645936152
70.32065033539645 -7.059462089675997 -320.36386730585787 2.7487247155896823 1.0149724432525995 0.27533640146382604
-71.28413388219674 7.716370380525194 328.33229113235785 -1.0637928312209413 2.7953941802202924 -0.006496248881661073
-71.21259642706632 7.973051871162573 330.2904254157959 -1.0875060428361412 2.797897009993264 -0.003300195818036353
-70.41441598218262 8.079189729226972 328.0244972967745 -1.0762033927583925 2.786090676015592 -0.005511187678716757
-70.32881568660181 8.159870948778329 329.93940083453 1.192370188183929 -3.062180500517741 -0.007746563398178883
-67.80380580682747 9.170904421833644 319.89566555474164 -1.0833736614656342 2.8211887441779457 -0.09709182960130328
-69.30701819921325 8.778422358153831 329.2553451302791 1.1782165547142198 -3.055096476942584 -0.005155230032563923
-68.64461145333162 9.079910751330823 326.9558100521882 1.1962096149140167 -3.0636800761991543 0.0036590305541759098
66.26073316406716 -8.872642110814407 -316.259722391182 2.691283794280365 1.0222377693541578 0.22056189421052283
65.7912225300258 -9.358167186891851 -316.4810476211622 2.687371809047273 1.0137434946590869 0.2254297354948318
65.13046418878139 -9.892225889403347 -313.6995677807583 2.6784714287690026 1.0156632392779896 0.22990239157509823
-66.51491124577382 11.063581956781016 321.60776248565935 1.212430578592671 -3.0660199423824093 -0.04689532122591725
-65.64855439601926 11.412107620798912 317.8684292232951 -1.0775192642573126 2.7275507030293453 0.16417852451351936
-66.1985480447027 12.265855681339403 322.78316748327103 -1.0931450565234344 2.761690620402456 0.06512700819923782
-62.58904032075161 12.941217286453176 309.45860242720994 -1.072943112844397 2.7761216343365036 0.15344147085192725
-65.02714844801665 13.048888491856669 321.53066133061367 -1.108051272965196 2.7585637901221336 0.10320968399148957
-64.0346169768984 13.367995677423282 318.2173897859627 -1.1042463309449022 2.755440628899355 0.07767972447589531
-63.5232928298984 13.2597197655125 317.3551714244203 -1.1028780625958572 2.703913945134573 0.23006173542301706
-63.50332433567531 14.14884512591168 320.6048406933413 -1.1021898214708763 2.743570811675874 0.11542379455398237
-63.410322537300054 14.592669614309365 324.7910681839681 -1.1093676618655368 2.7783572636773965 0.13894440556420423
60.559628136681354 -13.922066370219289 -307.4116166596943 2.611787945718514 1.0031555384991657 0.1130596583485221
-62.52403843171607 15.377418358254651 324.8839177352454 -1.1110948391461362 2.7648117828045464 0.1573861367067907
-61.627969694869165 15.68083680173468 320.60553165849734 -1.1010462453944276 2.7506630760209054 0.11000861944484058
-61.439513511475376 16.01812610979757 322.08913363476745 -1.1071667981707625 2.747513598104556 0.12429217508357086
-61.15948650444646 16.431429724547517 324.02383085437583 -1.1181532302765183 2.7629015740589593 0.13792740013329796
-60.401676479839196 16.742655060316494 319.44159678198724 1.245449807851364 -3.0568510623125786 -0.1447205311597688
58.20472628375353 -16.36687615982374 -306.39305357459654 2.5621391901266084 0.9969902180028607 0.07639576391397439
-60.13597677611598 18.831307133437864 321.69396325864216 -1.0788323098379267 2.7078864160524416 0.21126513953894596
-59.20911350362827 19.914347057626625 319.1150434506342 -1.1016857268854539 2.7071143263898545 0.22648689773402922
-57.194127036287604 22.13283014147699 312.0000352033788 -1.1248014494558647 2.802147101683906 -0.024713298605676077
-55.73739598492885 22.054706370156662 306.67913145109475 -1.1334493887067323 2.7086913703064868 0.1969924717712092
-55.11855346190643 24.01704018007759 306.9271275743122 -1.1465677910748042 2.776773622765523 -0.041035282651823934
-52.916300255187934 24.01626591456552 299.3803611417531 -1.1182089871555905 2.70897289039087 0.15062558900750436
-53.41205431513071 25.95598568721122 307.49943813137116 -1.1518567805524207 2.7762913446104664 -0.0330890307818865
-53.86354196159831 26.02738705004453 315.16614081683093 1.2754428383538672 -3.0404049326451785 -0.12697501927778335
-51.88409175286918 27.517751791047502 308.8904330912905 -1.1458703094289127 2.7912971504565856 -0.031676001089342834
-52.81231006533909 27.847050888374923 318.2358374434534 1.2879915957722772 -3.0369204181775475 -0.09051700322329721
-51.92876204923556 28.505767102005322 316.76433590439206 1.2718070352104347 -3.0399396580412 -0.0711177008771753
-50.34314314287888 29.63218693578262 313.65094710371466 -1.1688396342917213 2.7928430874878574 -0.01285195901913106
-49.26122129143425 30.464275276188065 312.27969844576575 -1.1536881709424074 2.8058852358070165 -0.03317293311701228
-48.76968898952855 30.960896913157214 313.2439368825643 -1.1687714628703667 2.7922888151574656 -0.026093319290064476
47.15103402654296 -28.789999546101793 -299.6843202352979 2.5581270030620487 1.049023279536151 -0.03918090286738262
-48.83562863038369 31.357435858197046 319.0331314674555 -1.1608480170084159 2.752656774460392 0.04353511825557876
-48.32294552141519 31.605883472136547 319.0093633230251 1.2807200565936392 -3.026304796755224 -0.05114001201087647
-48.609735674506204 32.17320646023423 326.0140681955845 -1.1807231030016698 2.765671159073993 0.07258633929116448
-47.570895706300746 32.24363655296085 321.5885782425899 1.2820325188589725 -3.013308232734734 -0.06005620930147563
45.71062902750775 -31.091263018558426 -306.72708367120373 2.585819478432444 1.0528979322205547 -0.04852081948548751
-46.64879265452411 33.10798050413284 320.67709273809595 -1.1636316447817059 2.762076285653746 0.0016536973417950191
-46.2636738748112 34.15705917027204 322.7564034122587 1.2559115240581045 -3.0225104376431795 -0.006021363227179977
-46.3625378806327 34.83243193033663 329.9233414125638 1.2882796534220886 -3.01444331142669 -0.10471731493567375
-45.887585226952375 35.19571876038374 329.28486159242397 1.27749091583338 -2.9963907879559843 -0.023525010887809096
42.86633378881853 -34.00932861037507 -313.4610594099851 2.601397384539247 1.0787820000796629 0.09590267999624827
-44.84313463772411 35.65560036739387 329.4049519559194 1.2726528428869117 -2.986679649532864 -0.01624638247901899
-44.44304100977622 35.943592609263256 330.73947512982477 -1.1859217981618722 2.786167243444248 0.008805677890484365
42.44854904341636 -34.32576162627833 -313.2963032024374 2.5968840795398447 1.0780617004142738 -0.06718296949310075
-41.859061157396525 36.837664147609026 317.2519505686012 -1.165823214825369 2.8174154414420536 -0.1620649063786373
-42.33290101174522 37.065216217187796 323.05227497821534 1.2630419001612168 -3.01457422266539 0.05512525574041572
-42.10267861705232 37.73734909602165 327.95081475385444 -1.1885158834428904 2.795571728830269 -0.016937853803726855
-41.707289271101445 37.494203013937 326.42432639974976 -1.1864616073776737 2.7955627984156544 -0.009950129041465038
-41.98756778068308 37.51699698266489 329.1030605516457 -1.1745485060356793 2.8020131128901995 -0.028064692305674422
39.59365794446313 -35.708517134855356 -313.1949017883289 2.6372940157963223 1.0956485810330474 0.07974814328566023
-42.00302952221556 36.85269676264827 331.46291130088235 1.2758736059853344 -3.0133428666688062 -0.045604934391108055
-41.52902221266815 36.70764255229805 331.4915024321854 1.267912561840068 -3.001822198044665 -0.037350829896914045
-40.841442086190085 36.84725360021091 331.51988058972086 1.2693380179151035 -2.9945426154381893 -0.02959717592575024
-38.329564584379 36.57380478225955 314.4005707554689 -1.1551863602282215 2.841519553143134 -0.21406307212366735
-39.48475350050084 36.63823345557591 329.9427425589008 1.276315392148922 -2.9881870046078096 -0.008462288657096426
-39.332257409284345 36.31677018670725 332.44977444311576 1.2724260487657764 -2.9920405003415755 -0.01166932618624206
-37.16516353943037 32.121798865825966 298.7020983848856 -1.1084806850553137 2.7656085205603382 -0.07528938112285856
-38.90992632885611 34.300334193895964 324.53434127717173 1.252637916186341 -3.003139641302551 0.1730611696436204
-37.066362632856524 30.614442664747934 296.4224025002209 -1.0621517003929886 2.7898359068678817 -0.027397453356825426
-38.8125699033243 32.936248439401254 324.3924848474585 1.2248324069863854 -2.9851848525404416 0.1897917935751129
-38.77734100146431 32.836445661915235 326.38928678661847 1.1982325439510955 -2.9831977795520728 0.18502271996892786
-39.23125228749728 32.707334161300736 331.6946685606951 -1.1574415630825374 2.818306715390404 -0.15314343619879092
-38.487091057503 33.135325236277026 332.1585827388196 -1.1508936838635304 2.850583544742102 -0.16399881477905365
37.63823457852892 -32.07199049188512 -321.66538709146437 2.7608447846553967 1.104170758752426 -0.01907696100558494
-37.652304842000774 33.26181342139775 330.6428419995172 -1.1449737187329314 2.8442942163585916 -0.18695840128072036
-37.13342095277642 33.40118221021065 330.39860474645866 -1.1446588250914673 2.8498270157284096 -0.18405927066516564
-36.773447586611034 33.57266584990579 330.78190044230325 -1.1427207539425364 2.8471908660778174 -0.1747429403290827
-36.600091388757534 33.35061608625568 330.07564978222 1.2151052440207748 -2.9772582916474577 0.15846955823841796
-36.545108514208515 33.4569277855201 329.86447003048113 -1.151787100323718 2.8292204784847246 -0.1788759509755822
-35.78355333929383 33.33802872699031 323.44517896929483 1.2009665505001004 -2.991885752430381 0.22333945832647759
-35.46522482788514 33.97484406788542 329.91688904923416 -1.1383204776731088 2.839876105785843 -0.17788290459291833
-33.880958944624204 32.61388742284004 306.0418872824479 -1.0983017360991176 2.781433055448593 -0.29537697060991525
-33.6812317132678 34.75043716128109 322.36337584274673 1.1948469154623296 -2.974959571361423 0.244665008925013
-33.10549685216378 35.105651934265055 322.4634446200694 1.1963670080935866 -2.9824245882974703 0.2417652103722631
-32.544700689865955 35.37049980337063 320.3312629888684 1.212948357179681 -2.9818337991063872 0.2524979602684424
-32.372255816464424 36.424273808056405 330.0434104017914 -1.1334711521524874 2.852430198192276 -0.2100835786989387
-31.929713203276872 36.73602176234963 330.54268076416747 -1.135543734018635 2.8537152412984095 -0.214766094530494
-31.510563477268658 36.75429039987642 329.9237205825515 -1.1341311255348288 2.852066997946244 -0.20992192937563342
-31.138674470816856 37.157704085649236 330.9242843328971 1.1755443940378199 -2.963437401902774 0.23571615412739957
-30.04265166882923 37.33113034944043 328.2794596111171 1.1368320176138065 -2.9399280314685465 0.2713687076875972
-30.48174977115094 37.26141073337677 330.238064156346 -1.1442061386293552 2.842748855851439 -0.26208472890180573
-30.202073170279736 37.54112173512229 332.2668022861075 -1.1296935691228451 2.8569650776611635 -0.26599996958988703
-29.342175721093223 35.951136481960404 322.30738143822856 1.1796330995380133 -2.97719306810456 0.2575879861437736
-28.781051656026385 35.3408048253705 319.9568919066599 -1.131834536934382 2.819039073646945 -0.2493627935095237
-28.655544065800978 36.73928195977087 331.2933882684813 1.1838295783189081 -2.9589812841912786 0.24463485891115297
-27.870079536031824 34.88525917259032 321.4717430843526 -1.1328015047793225 2.8354420654725017 -0.24096120075883476
-27.416036795276685 33.35836289641666 306.4936389897456 -1.1020209633012508 2.778815989145634 -0.3105643908848868
-26.73449414587616 34.45667222903793 324.2224738430039 1.1824052449000177 -2.96899675597677 0.2615584197158812
-26.06041360218543 33.757260375374116 321.86759772375393 -1.1297622694170906 2.827409968198853 -0.24930544832552148
-22.881525668436833 34.37121825129293 301.8320741381506 -1.1240493090618553 2.9465992017819436 -0.5226557760394939
-24.690687229406393 32.22067538404354 308.1485211287249 -1.1031500777327943 2.778043818109019 -0.3461561524997724
-23.54983096481395 33.648519986475804 329.20421365450255 1.1508242365136305 -2.9231311411452827 0.3031128385040472
-23.489436661446607 31.93200467845657 322.17771323393316 -1.135353093630934 2.832256470725026 -0.32979124509396474
-24.59141724256124 27.172316014814466 295.48972444319554 -1.0387891862967977 2.629449912536837 -0.2767098906234696
-22.93795735584245 31.783657821729282 329.4787125938213 -1.1287772888139824 2.865145679759364 -0.35654975427004165
-21.64656308961347 27.629694578268193 307.8564026797865 1.1644293167012763 -2.996915502741727 0.2409659175612614
-22.164236403723336 30.644748912593297 327.27680613177836 -1.1241814713032465 2.8858856302644638 -0.34915080965996836
-21.86391829708716 30.328439988603755 326.74438018741324 -1.1155804350708618 2.8739471430370744 -0.3536690045710523
-21.101429308993986 28.24945384458105 314.8228228106487 1.1890351854887116 -2.9728019953772526 0.3333464732985694
18.538484778990018 -22.372024723484664 -279.4549482184192 -3.0516878407425923 -1.154860689669968 0.1295691513241377
18.455676886480656 -21.890247157375907 -280.1756020396926 -3.0375997272221493 -1.1385278427984094 0.15353897954605072
-19.776230383104757 27.94690548124811 325.2966719083977 -1.1247071833461224 2.875294019751086 -0.3756065151911183
-18.64172109643843 26.453048244530724 321.0633426789467 1.125346144944177 -2.9410784698512074 0.34235789960359925
-18.73705676431969 25.7382148725844 317.12604334576184 -1.1173714314264693 2.843730380972152 -0.3747546183151489
-18.260265227043863 26.418356141148568 327.04127945836547 -1.1229874723893476 2.8731561747376255 -0.40846190901479773
-17.106265376299792 24.617794400744245 320.4395265295689 -1.1103498133391858 2.881524467307715 -0.3482816306141778
-17.219124673487013 24.509090016325228 320.7269838161221 -1.1121099464783435 2.842818525691032 -0.3985148680882055
15.13053170210169 -18.397495775074457 -281.68710892009284 -2.996437666254595 -1.1293398975311275 0.1419037054281222
-15.869820173034539 23.13334143365561 322.4046529146176 1.0966657474677144 -2.9437470095484497 0.3621423522339407
-15.838967413601363 23.501753353158513 326.0818653896881 1.1254360762065139 -2.938915550907382 0.40622286262581975
-14.995055918859885 20.514116993952495 309.41995679463486 -1.0783807666221128 2.8514549433438026 -0.27505988783063084
-14.366948383170547 20.02433153528964 309.895824984811 -1.0790518072991984 2.8535158087580137 -0.3014812645286628
-14.813789217411369 14.566115253846547 296.145923454457 -1.0294572476742048 2.698331165392632 -6.171711706480283e-06
12.590448915990518 -15.306580658743677 -284.1539306164572 -2.9508641366594093 -1.0940744091456502 0.10313476817402426
-12.944900848016475 16.468319187641022 307.9515049851276 -1.0534312047686516 2.864349018325218 -0.2772495907398595
11.89210101358055 -13.617260834560167 -287.3656404665371 -2.9305948179600163 -1.0640750832719248 0.13911905575981925
-12.20674962583433 16.76525429847066 322.6938765021477 1.1222464458803771 -2.9528171729340036 0.4317320723304182
-11.293176650909098 13.944509858006946 307.9369682333027 -1.0467053013088359 2.845846657059007 -0.31988044334912136
-10.86512352783027 15.087010225103809 320.47772483638283 1.1377629806530467 -2.9508450019928416 0.4307137298454717
-10.564064204009446 13.944017472655863 317.75903721697676 1.143290228758562 -2.9711190834751657 0.40202115279333295
-9.592777268928353 13.619121427586188 322.6841805484672 1.085634402956993 -2.9612791422721703 0.37473226555910744
-9.245077675630917 13.426793596034765 323.4464964857874 -1.08385303977963 2.8786967186287127 -0.37636420677717247
-8.367089009867815 12.90181757125587 321.7767156163822 -1.0898372324443912 2.901536924270351 -0.33772366417927957
-7.805385914396315 12.702428497653878 321.6801520440962 -1.0995078952562525 2.9059177493545727 -0.3253314299344284
-7.989208803240682 12.892321447696302 327.1494362185623 -1.0858511217853768 2.8668467405492475 -0.34009068870231
-7.285343773850127 12.08921151621613 325.31235513909104 1.148781228777904 -2.974386045710613 0.3373369659216038
-6.970083533715391 11.416278034196788 321.81587049853175 -1.1088234148044458 2.885510026393552 -0.34897518715603293
-6.838986541952894 10.640573206968519 322.83370911697864 -1.113344102750571 2.8734798856694126 -0.3596729042833884
-7.155702701671685 8.69881138754732 312.2024942455725 1.1482159565453516 -2.985149322877027 0.3408692389004091
-7.063619351309376 7.405601177726962 311.3334385523588 1.1628420375969954 -2.997739375548708 0.3177259708930778
-5.819245546537339 7.07028172247389 318.66742968034316 1.1365193031652987 -2.952386109544901 0.31605569790239824
-5.369638306214441 6.602465766859947 318.0960543870744 -1.106925564608598 2.8733677876954467 -0.2982185550616571
-4.657907575706968 6.411728528481324 320.43024829920273 -1.1187166833150686 2.8731192595539126 -0.29850641764137953
-3.936577320766818 6.187290136791349 321.2819151035282 -1.114082631736567 2.859664151703028 -0.31015312318512817
-3.5344655784157983 5.71701295996673 320.96256342798654 -1.1177984790463993 2.8466857137242796 -0.30439312339250074
-3.1065947726229473 5.011516375794064 321.8147827788949 -1.1319505424259642 2.831567355734415 -0.2753290302837925
-2.506605169938333 4.156921226347774 317.52008328761127 1.1733268468449567 -2.957703812140134 0.32564584105526023
-1.5064152201033845 3.013366875993076 315.5816265153372 1.1633075798598418 -2.9335199934578235 0.2961723898518202
-1.019260286264798 2.063905698400318 321.7588420354331 1.1962142559153468 -2.9796495017163145 0.3085509342174773
-0.020501117817818607 1.3030364107610473 320.7628026772641 1.1983528510939676 -2.970006565544055 0.28427943729320104
0.3653330930094889 -0.6839410307798938 300.66499967487465 -1.102107252177315 2.8194876420653587 -0.16540836859658883
1.956165740273903 0.14331934407453695 314.6810013789274 1.1714806097177706 -2.980845995122544 0.2648364235858271
3.0327670344639244 -0.005352359927519476 313.7139966441861 1.164991425265626 -2.9994148282570787 0.24947560603164154
4.149731083787106 0.18477615789459942 311.9691968193902 -1.1419271603680108 2.828870585571761 -0.24150438041683944
5.44905799062272 0.6012650707060025 313.51045024085136 -1.1738124106766261 2.8454462593821552 -0.22589927111648508
5.934878403593173 1.0577234477860245 315.3938889109357 -1.1788978338751444 2.8347531345348362 -0.2561691481873358
6.791301798932666 1.5172520271738659 315.4005573953807 -1.1817925142937855 2.8305048198418166 -0.23771567273472302
7.639512583051382 2.1063686593857707 312.30530812188096 -1.2058367249883741 2.801572054851337 -0.23217825430422526
8.960287790511272 2.645329636783426 313.7833458743768 1.2494289869727113 -2.9490867503629783 0.24072762906805711
10.088126887677538 2.3078305316884675 312.4477575553336 -1.2157453209864217 2.8191172649248712 -0.1858099835305347
11.134574267077248 1.905606058179432 311.9936080474961 -1.2114555260501825 2.810972048042076 -0.16761752878023542
12.084087323468028 1.3523996484577043 312.36873239213196 1.2855213504382035 -2.938695871663348 0.1722727136386567
13.083830178831052 -0.031728864423053255 291.70978778869113 -1.2303364979708507 2.695992780162208 -0.047641366542103644
16.4792340058806 0.8694288899278935 300.20106485709874 -1.2062545703854477 2.792435721340245 -0.03565108767760011
21.0711149383312 0.8699328540743825 293.8943655684789 1.2520046623370373 -2.7478593633554618 -0.16059341418737744
19.25587846468516 2.1180958833448136 297.1967430907012 -1.1831203053428048 2.7093299821038626 -0.06573427722305263
18.338650318947074 5.472775852644627 280.5555313619039 -1.2353011443406188 2.698762326305451 -0.07423616496530455
21.422163986853604 5.544552320928175 302.9965544781085 1.383992362365552 -2.9523304316248944 0.10581509551343234
21.86023155886168 4.97022986452981 273.9186157903211 1.3257523903096402 -2.9414511998999613 0.014783663618824166
22.77814609342736 7.2046107962350385 292.7002256771699 -1.2827492549749502 2.791309740192425 -0.010858999410850358
19.0492236270635 7.939328097169389 279.7344908868407 -1.1812851878540214 2.579511296359568 0.04900658816045312
23.527530842351233 12.494876660315933 301.6219279759474 -1.28634117790946 2.7514427999488125 -0.10483935017508644
23.88484452256531 12.634597238437774 300.8663707955097 -1.2849409447220332 2.753650871907897 -0.09447226023666125
24.27161632496903 12.842057887240541 301.4967242871296 1.374368932873054 -2.933610191208883 0.10587829239600315
24.471949641886795 12.81857700958391 302.36385393146844 -1.2840771306353547 2.7426309170744116 -0.09826773956573256
24.468947923259716 12.68588250234892 300.2151551949451 1.3809843711470686 -2.944436351921303 0.1293399427260623
24.78009625008103 12.533694700507562 301.2803988175651 -1.2902669688428097 2.7533677831179637 -0.10896112212068261
24.901459420034726 12.440105256687415 301.8762458643341 -1.275505376309705 2.739503243819223 -0.10345865182475072
25.18473731288436 12.697114055439888 301.10155127081606 1.3685848490213866 -2.9329376503043267 0.10976005665283645
25.449163145681347 12.837911843674483 302.9811239159677 1.3899630987138902 -2.979583677060281 0.06723555732979744
25.68047646450725 13.159848258379608 300.34269797133425 1.3805936857928818 -2.945780498375155 0.10440192692174224
26.194535558653914 13.536768040055438 302.0114223561025 -1.2669783812067386 2.6954380914417153 -0.06394725627172496
24.653822217377392 13.960654426518163 287.6045332433834 -1.3022955251263943 2.7307831171288877 -0.16066974017180033
25.57364985211418 14.388153777081847 292.5416291877335 -1.3000929874601344 2.720716539709884 -0.12903410589489667
27.150656431854266 15.037854683319654 299.7814845761863 -1.2866438555703767 2.731836594224523 -0.09190780053097718
25.762410585030853 15.499858212144895 286.67235241366274 1.4053290495187691 -2.9271174700409532 0.1754906390176225
28.069188956587553 16.107619725368462 302.50473549994905 -1.2719014445993826 2.701641392269205 -0.07308553891585413
26.028331803324463 16.194519943999172 286.37404433318636 -1.3206214937920966 2.707758065022713 -0.1619373636883685
28.37301427820208 16.940664940201483 302.2181220142319 -1.2739609098381408 2.6934066703073545 -0.06992815296492956
28.7820051830788 17.401425167534303 304.39552229313557 1.420376342936581 -3.0016532495469668 0.04134538373454525
28.77792491179373 18.059461582477013 301.7969495101735 -1.2625468303540666 2.6721626497755886 -0.026950979745427404
25.456137779903955 18.250102458259665 275.33017662743094 -1.2591945535804536 2.6592450956846365 -0.01215313053441509
29.2240208258712 19.473861152899524 298.94803035534574 1.4085600488345507 -2.9595020787309956 0.06127917008578385
29.529536844569233 20.282665530872023 300.2067660865473 -1.2899243561664608 2.7237355755953114 -0.09403543218068616
30.145639139767027 20.333906019405475 306.9387298836565 -1.265815871196207 2.6940815096783597 -0.0445008832711477
30.03352894518536 20.404935457294954 302.9377956050195 -1.2774267303988023 2.7224415087230875 -0.08298357275391799
27.150669331700573 20.220877308898906 280.7880080530549 -1.216146530144801 2.7101019612863992 -0.029095587360782705
29.99192350448375 20.719032186004007 302.45722347711865 -1.2784026404197095 2.737863496500955 -0.08515863066950859
30.10798618233796 21.05956364704027 302.8712401905529 -1.2689855568828887 2.7257341962466226 -0.09327629387343392
28.38757443540438 21.226894055268954 290.64288655759333 -1.2941950225011303 2.713646238231992 -0.16971403828886297
30.37712050663452 22.05969403117341 305.1521726212571 -1.2575035538423338 2.661978733714915 -0.06595381556673871
30.515621141268397 22.86185360075314 306.43287138106444 1.4168367429515991 -3.0131643268242856 0.07342568904165261
30.81676502395984 25.369728640905407 301.08053713441075 -1.2802931826751762 2.726905346131261 -0.09766811353965422
31.24749205246036 26.660025686504795 302.9155373711263 1.429966090244768 -3.0067760652368234 0.09339075475560132
31.915650020454045 28.10415710844654 300.9116015697132 -1.297001855981311 2.7304184044037254 -0.14711974890130114
32.37762550220975 29.096743827305968 301.58722884240694 -1.2892684981476288 2.7380562430051567 -0.16261040618989134
32.764512079364565 29.911675453216503 304.41243944407006 1.4139928181293786 -2.9835089856804586 0.1572514180176292
33.202199539672556 30.12588486192798 305.86187791923186 -1.2776695116537076 2.717735116730269 -0.14583967323466182
33.55853540745123 30.505397513275945 306.57271671281154 -1.2727890443952932 2.712472784191415 -0.16125980096749687
33.96185934672326 30.81628452112386 307.1086410577707 -1.2775731903874064 2.72028045042095 -0.180830256849671
34.25605934400131 31.037347214324974 308.0592400148927 -1.2845835362532272 2.724475512039745 -0.19757077594281375
34.55221876817859 31.223595382783465 308.2991276115062 -1.2775611799169317 2.7266163854153653 -0.2197277654285924
34.971409893466195 31.50201326082615 309.3793280141762 -1.2767069311213972 2.718549144528328 -0.2237772029663953
35.16157684641325 31.741108251677964 308.81389345502527 -1.2752108580580792 2.721790747572188 -0.23403905595947047
35.27117941102091 32.00029429314827 309.07373654700643 -1.2732437452181367 2.7112062074706893 -0.24849256900858704
35.5455811418097 32.34023205724895 309.1244368171646 -1.2808770675950858 2.7217055175967007 -0.24927543531273633
35.540924905848215 32.503310416648816 309.79501860761866 -1.281462496252437 2.72349209296555 -0.25492850291843666
35.35693864644077 32.68399143000716 309.5057118297564 -1.2766102119323397 2.715417270391452 -0.271153370280927
35.612849216167376 33.00426658908364 310.17080901422827 -1.2721823261774141 2.7361498999055276 -0.2795210828945224
35.55402219046437 33.16121300257453 310.36886244637975 -1.2755186725956245 2.7245199848095205 -0.28139744015670326
35.720514800251046 33.31059163504433 310.93610046161285 -1.2803365651682788 2.72227415893647 -0.29080483574567206
35.76433907421667 33.166620190367986 311.16325009990885 -1.280387765918291 2.7405454342513806 -0.2875765142319243
35.886667672899016 33.01405448845159 311.5997715060612 -1.2845515028115229 2.744332551756477 -0.2958093718166958
35.83480015197647 32.693998078662595 312.81936734226656 -1.2766141444088728 2.730283209232967 -0.306738232232841
-33.53991842375015 -29.672076240255624 -298.7191432116104 -2.746120622286934 -1.156807440809127 0.7410098005461001
36.2388427290636 31.932319167854438 316.4434669495349 -1.2724944301970091 2.7272647465736757 -0.3163686336855177
36.06605166684885 31.69247471278631 315.3335133050102 -1.2744140774319388 2.714234469502953 -0.3299406519934537
36.27500605582043 31.632942292900832 315.5755544057901 -1.278468036211812 2.730183286818794 -0.33835928685818145
36.40797188187387 31.680101895729127 316.0684512113952 -1.274709431274169 2.731117346200346 -0.338051858889174
36.782226902546704 31.915514042279224 317.0604182243794 -1.285348252084718 2.73028568761194 -0.3509207071249306
36.83930074379215 31.883305470894758 316.3310123794071 -1.2741379691319112 2.728177170090865 -0.3425438971590065
36.877731190818864 31.946018171760137 315.7410386676603 -1.2794962571224546 2.728723505899667 -0.34793402809440194
37.212463635979 32.1343281722145 318.5929935019427 -1.2743031760886314 2.696185236128304 -0.33274803356724647
37.211879799268715 31.93310824565065 316.7173687890269 -1.2915672561606497 2.73338610860229 -0.34379503836363867
35.794813407855194 30.57778900722445 311.3966942818412 -1.230000392845418 2.706282995070597 -0.33387142408407494
36.78740674642293 29.85849694387918 307.21855316238555 -1.2609112004630523 2.805024884853307 -0.2787222478672631
36.09454494761804 29.674667442363187 311.0688091459475 -1.2404084899690424 2.727945449117768 -0.31948207596768546
36.42568726557407 29.763838236094948 314.51531144128984 -1.2473451296190414 2.7277297916744985 -0.32184584203507355
