198.19875605241526 37.79131490171176 58.861596744123794 -14.464341171783406 120.9981082025982 16.919379381546083
197.73718031006132 37.640998508997484 59.10138581533905 -14.711070280270786 121.71257825571156 17.230999177483167
197.27430295983913 37.39770241805947 59.195611798689924 -14.881649611471648 122.30986655350985 17.50187918146796
197.26354788771366 37.36568184631369 59.178540418285436 -14.871803033248149 122.65380110164138 17.541836613059296
197.85418596435295 37.843831410051216 59.244618941750105 -14.59888689725479 122.66752712481261 17.245145725769213
198.6530398440728 38.66593533754436 59.43069326134251 -14.229354714127085 122.43634365470908 16.805011455533396
199.31946219827194 39.47399652401068 59.64344680524368 -13.998049924888246 122.24504860035591 16.508901210814813
199.461975676419 41.221349586060555 58.649493132379185 -14.596155494097438 123.05216595117962 17.090691813139046
198.72931481839933 45.2337871305067 55.272564940195934 -16.70266565882411 125.3789851081302 19.18209176746462
197.53722906414674 50.31725952581055 50.95733744650916 -19.63487101846166 127.8486431246292 21.98650412336686
196.590790764671 54.46920249334937 47.37058414425161 -22.379024190997107 129.06855947087894 24.38844798193802
196.04860119649172 57.07252152946219 44.8800457449234 -24.606216530826337 128.83250980238657 26.060486664088025
195.66016859678106 58.1184299997476 43.51997240488045 -26.219312589067236 127.83666372048924 27.132076040039948
195.30764028233634 57.98768610447783 42.985447109348684 -27.23319041327382 126.91137441074756 27.803856810663397
194.95142885668514 57.47352220611699 43.043589421597005 -27.703309445181404 126.25156536553465 28.142880646918904
194.3591335646085 57.090869056057116 43.46599315508458 -27.800957537298014 125.82406732636184 28.291534774072808
193.45156005184197 56.88806062536936 43.84120561579755 -27.796942675055462 125.57646210596508 28.415374736580937
192.48250305666778 56.74552463810369 43.97273884112418 -27.8178513036267 125.51462265522619 28.57219344214551
191.64276026851073 56.5253487736332 43.775257094374766 -27.891362070240973 125.73673304536811 28.792559686603276
191.11001543965563 56.20719821905239 43.02767848434951 -27.983311248067853 126.47715910327318 29.063091241331247
191.0341589976969 55.99202921576213 41.788659441186404 -28.01259449185745 127.65615875071457 29.26698022516024
191.19985334171292 56.14884544127966 40.56336105837691 -27.97858588969182 128.58832325894153 29.27649742624959
191.37684702255882 56.613007821013454 39.7641336880138 -27.92245020131518 128.92518614537605 29.119020569042718
191.51012104092374 57.15350816065124 39.48284581617114 -27.862738261105488 128.78442107243308 28.87549532386203
191.5193228665937 57.567501888856796 39.53214304886565 -27.843442424612594 128.32534159974512 28.611402445622183
191.35335517322991 57.66897181663572 39.56219473798892 -27.922164602257844 127.79257849685919 28.422119779037242
190.96714104450646 57.54272369630587 39.50950529924742 -28.058475647147688 127.34153369845203 28.284558399192512
190.1973269368625 57.4216483663524 39.56263602913968 -28.167375900927297 126.89069427045351 28.05926459753183
188.54839802761364 57.379489383827604 39.810172905771154 -28.28474450479934 126.14070182111105 27.46224205119215
186.29287492445195 57.53019868747866 40.37877456124393 -28.454603889341733 125.33039502733126 26.2990827910332
184.8750881146604 57.853872291084734 41.25834541331651 -28.710926690650325 125.17098266319515 24.995623042879256
184.65805651169177 58.23722803961719 42.31141411965999 -29.125408273943194 124.95470953618387 23.9786487349438
184.92427178988976 58.76766014543935 43.350796199171185 -29.690495994287566 123.45853085804802 23.184290641985704
185.32581159208044 59.19379304148224 43.849877656400665 -30.388882093487172 121.15511661957629 22.60253215749124
185.74825488398136 59.25785768980681 43.61964611315057 -31.11915343711548 119.08642486890588 22.27246604986685
186.10787369325737 59.17709920697513 43.038830186816924 -31.684473980496996 117.56295962469056 22.082151873883408
186.3829404725555 59.14201659206193 42.40606924419517 -32.012796343281565 116.49278874651141 21.923459737388292
186.55198519497236 59.20974243334792 41.854995215875675 -32.094498662160916 115.90508449588916 21.777127733142642
186.4007010108048 59.386286797641205 41.481912616238716 -31.95799870767735 115.92331430619313 21.722630183641762
186.4688312981277 59.89772412041525 41.621388578928475 -31.65748022995572 116.12624605370266 21.670775899255005
187.22239669634925 60.78483793555611 41.910188631486726 -31.303375239648297 116.22517539989516 21.5021711275558
187.99560403608294 61.65023519884417 41.56051888426957 -31.05556346717844 116.36639707911672 21.34089010353278
188.30757739313765 62.361236981503055 40.72779418575334 -30.931719359389348 116.33616827361831 21.23183123304497
187.5633719367845 62.65170006469175 39.36417841891229 -30.95297707667985 116.35601493977126 21.26603780425271
185.83952970787354 62.3358433139626 37.41003024128627 -31.130539705030195 116.78525258935318 21.51360450302407
184.2199543232143 61.88667233770378 35.42104605246787 -31.314548027573593 117.24465345290318 21.743432485076973
183.31939897577564 61.87124826475678 33.88044108904354 -31.284688996760394 117.30360439903923 21.71623297551249
183.16217021792636 62.34673584812974 32.91488063053963 -30.986900784142748 116.96390459655426 21.455361262490527
183.37897385767494 62.90840219480815 32.27114793468729 -30.62966265089559 116.49149133269563 21.171447845515264
183.58981941411915 63.311137569346506 31.59511726718654 -30.359512083731392 116.21938208281324 20.984145408815003
183.75832871227453 63.69485568330205 30.59735994013682 -30.06738259869235 116.57500329119604 20.835303644327823
183.96297053743447 64.2317811712401 29.311374411630425 -29.63767208875113 117.63977644455065 20.651527758131046
184.07980896775496 65.10058497893763 28.24259975479577 -29.007356672814474 119.03751400152187 20.448111575964326
183.8324637040628 66.48389222931985 27.874648227641636 -28.120892016577145 120.34964979661478 20.274237694067423
183.2653618502311 68.25114226392684 28.170515185646334 -27.070783608537745 121.26096456581652 20.119825882922036
182.8076988677886 70.11782673356096 28.7806661810691 -26.00109434747094 121.7705226126038 19.927039876283104
182.47005365375156 71.82367159918181 29.35771764891128 -25.050498325899227 121.93564755746073 19.705882440526352
181.98830235757347 73.27423202463339 29.659298125086007 -24.284354483361128 121.7267578486788 19.461128272545913
181.36341047469426 74.37327193606163 29.640010060341176 -23.734746303599458 121.367474312926 19.221101816864334
180.74190795084945 75.21185289841559 29.58058184514691 -23.344628526512274 120.79360126555954 18.96269462131927
180.3738275606254 76.18948107279155 29.8045006600914 -22.92148015268087 119.65775429850373 18.53475959361352
180.4019963441525 77.41792386962823 30.20461727297826 -22.38784517728043 118.38898279319102 17.96047976043668
180.75955012400007 78.84054030758163 30.49132273670778 -21.719628518406452 117.88987657773976 17.388948573981917
181.218937245782 80.20580387142141 30.447585545002624 -20.99782559047344 118.66917555531899 16.97695115411528
181.60213121510307 81.2934787067395 30.108792564384448 -20.340501038513302 120.46806032297273 16.778930938587617
181.79459110593746 82.19302573360224 29.691998919287496 -19.727449522190568 122.69079201773087 16.71490201415223
181.64783595876574 82.84653358388749 29.180856251007775 -19.200559330891018 125.02607171355564 16.76533693892747
181.1138990443883 83.27969628969295 28.870635677552798 -18.733407863175103 127.23761819733161 16.915927219175533
180.31622269360457 83.756770278462 29.275577435933307 -18.11792249318819 129.27475420573643 17.09132918679292
179.61255360926563 84.33645279083387 30.227858819129217 -17.338374886330698 131.09217323960684 17.203883570632946
179.45728706266738 84.97325670919008 31.20514346534599 -16.555218655889774 132.66642465728603 17.188902845264263
179.90205010772203 85.64293744338903 31.917475481990433 -15.876848729706072 134.0168567210866 17.079092691500698
180.417370375755 86.16277501648187 32.327376444650746 -15.44147809940964 134.69110638209028 17.015446255998384
180.66941321861435 86.44879983155256 32.54935643991166 -15.292485782183128 134.41094040097474 17.054645988353506
180.78030614535226 86.57583929923612 32.61315992685055 -15.314353358916126 133.63310842417476 17.132864960787817
