221.1704876274873 31.98540882434316 61.485521411139246 -14.001208284957084 134.60976802130426 14.960481643275745
221.02550786827572 32.02324151865686 61.14143772990104 -14.208331851812503 134.20640337156019 15.069682912134878
220.89761133118154 32.23064202719182 60.80690470293835 -14.350599531584944 133.7310775038543 15.122723340807669
220.71284279871378 32.52739650470207 60.58255655369577 -14.416569997784663 133.18799059573615 15.08650620935386
220.36091633333172 32.70626433840136 60.324583375651386 -14.556511922479274 132.51062836428278 15.043541908181165
219.9643006058252 32.84799289626456 60.08138375153733 -14.680987177535187 132.27357011318676 15.077261978041525
219.63675653773623 33.11928151765848 59.9937030202596 -14.670447431639007 132.7753172425486 15.227972163330772
219.31277878600815 33.52387827734158 59.945552484595 -14.654626254130498 133.4380936252002 15.489473484233322
218.94901141374854 34.02237113362649 59.694738313060824 -14.78780858168522 133.73276779447846 15.812330915094929
218.52862569136656 34.44917147238729 59.11599962120354 -15.151050390307391 133.6571430606678 16.221288598620756
217.92120586139401 34.854138393017955 58.18841306660505 -15.668978617766438 133.41481492580976 16.685159578022052
217.00177884908254 35.522132791009 57.03750620132723 -16.106118799362232 133.02203515811573 16.993373747524313
215.76231568216238 36.501709948864985 56.184023607095895 -16.310113836873334 132.15775359141452 17.061194080388752
214.1089940016811 37.590996861471766 56.04837298140629 -16.328385296197244 130.71067375109686 17.07328895605064
212.46077583144165 38.64307916350464 55.959635239564264 -16.3118917569386 129.67977151593936 17.18226695754738
211.49416536311946 39.730692095721054 55.04297019189242 -16.304951858856548 130.03489942355253 17.314214771336385
211.01960602560945 40.790368578328916 53.50881667064193 -16.29144247430122 131.50769353515466 17.46508075476317
210.65087212523684 41.742503617130865 51.921231823546435 -16.28696107763259 133.29124467063616 17.654583891785247
210.28562344474778 42.688313813725244 50.56222544439753 -16.264566376524165 134.84436570038196 17.814333862258394
209.83310386221672 43.64882096688365 49.529365573549676 -16.21436519773413 136.0907480424646 17.969550283855746
209.3793508113447 44.55351821154101 48.69892552389091 -16.220926437341866 137.01165046035612 18.145428151671332
208.89850158636216 45.32788680035796 47.97291898047625 -16.32727449207945 137.49773948109788 18.333119407038755
208.15046890506187 46.17945673865097 47.13922018654385 -16.46794992879895 137.67191824688666 18.509145921649804
207.17270475126813 47.434210302345846 45.95014509333561 -16.640241888938576 137.55533740028648 18.607970812951873
206.24662634358538 48.79366713661905 44.59723772862981 -16.921702102957084 137.2581670643518 18.696614176395816
205.54753747360576 49.790843124893854 43.42052538476078 -17.276310596559743 137.07601779627896 18.833159243068685
205.02200808922876 50.39893937041749 42.64321356390842 -17.58169797072753 136.77170476282566 18.894821138686737
204.56953087457327 50.76473729751196 42.351910388895014 -17.773257815554135 136.30934247677757 18.869468471779243
204.02225005359634 51.132707501883786 42.55095216341167 -17.817129434869003 135.93812626066273 18.858883371920363
203.14165623058145 51.63114575740185 43.14478201603293 -17.70783397545275 135.66485226894426 18.92027400002379
202.01710129415034 52.14041146336167 43.841714814331496 -17.516807785753635 135.4033253859756 19.003452332382658
200.76027819421125 52.4563592118921 44.410479600912645 -17.339148322184563 135.19822097562746 19.081426519842637
199.4460686392179 52.47016964376718 44.76021592807618 -17.225449521067688 135.437293495306 19.23492309482895
198.34409375305736 52.309887777610115 44.89851797483105 -17.18039268510605 136.1239012052153 19.425169194850575
197.3496039011008 52.087338934105475 44.90458857303963 -17.181401772123767 137.12395777289254 19.691480070547314
196.67090056155104 52.10129110905725 44.8187905730518 -17.153046022110672 138.3795707689215 19.998765840364854
197.13860628279153 52.79582696379339 44.64951517694369 -17.035165196500177 139.34721694778028 20.003115564175992
198.2725887952892 53.8096997903654 44.43061623081351 -16.88560429638341 139.77454339217644 19.740683007772706
198.80764617906166 54.41509032353045 44.16355446848957 -16.80674513342012 139.89528439556668 19.542181675981098
198.51661522480725 54.511646183628244 43.854949674055625 -16.8251111990976 139.83188497867502 19.47394502691619
197.8879588707891 54.36146638813153 43.5359210637323 -16.90188789816037 139.64444589164668 19.459755601731608
197.48485923291872 54.26827098135324 43.24379606181622 -16.96129911428747 139.38015825352244 19.386885074235202
197.270407299979 54.329052971985234 43.09494182893356 -16.953119296064237 138.8714702986403 19.22746691443792
197.04973636305934 54.40445086035177 43.038600160013644 -16.918522869767813 138.2672363881755 19.078695990886196
196.9690557035688 54.429832603672516 42.915206056981916 -16.90681136063079 137.9181922904834 18.978799637627056
196.96585711780511 54.48416094304051 42.826181215498394 -16.87012878581241 137.7651290056639 18.886279448727784
196.90871062476418 54.6056264888213 42.85388494671246 -16.755075943161664 137.8932787635553 18.81181956311533
196.7220281951508 54.678957151739255 42.89131939719137 -16.61939724670894 138.3949697980202 18.82011902570548
196.35637906884648 54.64307754480231 42.86749278766847 -16.525021605039363 139.00785888756016 18.934964160767002
195.86829330971733 54.43498205951562 42.66111346241706 -16.507258688307964 139.55500290889879 19.12157926856903
195.45979814760253 54.180547744017105 42.318161309054105 -16.535276899337067 139.81122200836404 19.227909841501805
195.2206226071312 54.09302092268415 42.07924605830731 -16.54720957218587 139.60075890993073 19.182340405193017
194.97636970922989 54.08303781282303 42.025409098339445 -16.529293373157465 139.27318841114393 19.118092360420455
194.42977518547974 53.99893611759714 42.09627372260371 -16.4368870970864 139.41042396359302 19.162649695397498
193.3665494532343 53.75424363172544 42.139812534615075 -16.28615245684619 140.16092981852813 19.359283931541817
192.0937897725804 53.42558239928755 42.04349954983836 -16.14256069667355 141.11770790969683 19.60396287811016
191.18571426539444 53.19343617782722 41.79255281779335 -16.030665990615656 141.81467819424614 19.731512726678858
191.05257813917854 53.24849503730061 41.47834610824391 -15.95248228364476 141.78025401308616 19.59074545451056
191.7318159101069 53.671210295200794 41.280189665368155 -15.874507947806585 140.87285128907112 19.149288336742945
192.91088388739684 54.251756713256654 41.236045317057645 -15.7702223279421 139.86059705369775 18.657254315298136
194.35110014172372 54.83275735995158 41.27268728629056 -15.650412040429417 139.1673413684303 18.258104466430794
195.98448483855873 55.32596791079744 41.01491324545758 -15.619418187827554 138.41355030428326 17.82194625027133
197.63389221205605 55.496250239440265 40.01486451759085 -15.777626076855384 137.95007964366923 17.400626016781324
198.91368204909537 55.30992578729139 38.59841143507484 -16.04124743151759 138.23150950498786 17.166026323846342
199.71736878240716 55.081985351722025 37.423760749027025 -16.239219743760625 138.8965871994256 17.067699148496363
200.09828969156092 54.99600565779575 36.72897627934583 -16.28093531154756 139.74907338180395 17.0364165460826
199.94189162224146 54.91071610978536 36.39402075941539 -16.216842101944536 140.82723711199526 17.13184739027392
199.38951640209447 54.79428382520014 36.25855434050338 -16.11506022639184 141.86131831814737 17.319572039712387
198.74187527518137 54.72348420166436 36.2460520091451 -15.984482982425881 142.6219650279632 17.491432796053033
198.17698601327322 54.67810872324418 36.25908897705698 -15.872290985624526 142.99372841045846 17.587379436302825
197.76001341098947 54.630615714995656 36.224491937832006 -15.838863355074473 142.9826255325684 17.62681189519372
197.46083425550756 54.61956857334586 36.158228321222005 -15.86832333376539 142.79624747666753 17.655671518583283
197.18642974119527 54.72853645056104 36.0656136077198 -15.914217276236874 142.5268928606073 17.66133458300971
196.70884100547585 55.07647795253515 36.06398311596327 -15.917669097031968 141.89324137766815 17.621033055184988
195.94969858442107 55.73688894287915 36.38145876417296 -15.813753072982891 140.56096692998028 17.511440074782016
195.24520829256642 56.608225539136726 36.95254985283803 -15.590169779243386 138.93977284820096 17.327291026740593
194.84992036123109 57.54096043385862 37.52151615593084 -15.281077562885983 137.57487680117703 17.06949301657761
194.65974298193746 58.42911675120396 37.96402202477671 -14.971130588370329 136.3214022004264 16.727779008528724
194.55234451821485 59.22674081736662 38.29155246669262 -14.723140613161384 135.0861561388549 16.354922145554866
194.4522694449107 59.86362497487333 38.47898357763803 -14.57301357066461 134.06522924019444 16.03414228598133
194.3001557668209 60.30899173441384 38.53226843994631 -14.540532163872985 133.29564539573857 15.80516772214726
194.09207400934764 60.67405150466307 38.488114645403016 -14.57514070094955 132.9144821234526 15.687091763638147
193.83973281243078 61.036773545595494 38.3108162530527 -14.624811088059518 132.74299889144913 15.599854141135253
193.66317134775545 61.413629632560074 38.069801430703706 -14.669745039893652 132.33662781923803 15.44497771435779
193.74976532845028 61.84719986416498 37.86791675281519 -14.684596062821761 131.77936244977857 15.236822921508042
194.06864161604028 62.31737184302543 37.71057838419931 -14.655062177830278 131.25341102620519 15.006526656163562
194.486685648753 62.66185126637211 37.3770013232013 -14.70015116471762 130.825401892633 14.80079835433809
194.88450163707938 62.91734768790268 36.810537365269205 -14.883662871115309 130.40983057619914 14.644014448004414
195.04942205098484 63.34189223380538 36.413164620479634 -15.038810232027757 129.70683614281435 14.496645511253426
194.92889464150807 64.03496080435848 36.40582555213454 -15.060937548229628 128.5641515665995 14.3190074166599
194.74894352600754 64.95240325740252 36.64383597619722 -14.990945556069018 127.09104355554015 14.080096490089144
194.71690937659025 65.918891113268 36.89328761289374 -14.881195845623626 125.81353330244656 13.818247196782437
194.80234004249886 66.78587693349533 37.054763492657315 -14.769795596040412 125.06784686697208 13.60956390781708
194.82989438943997 67.43403522561464 37.05279571812122 -14.740462359189369 124.63991159567317 13.481084191814073
194.5932426421603 67.69681959546597 36.80993478844422 -14.834293471762559 124.60221574819525 13.475116484216379
194.05187945176795 67.82698202000984 36.54551553309113 -14.972088713724805 124.67370876969547 13.54012690315043
193.47106369330828 68.25281482034583 36.454435787283266 -15.090099418555313 124.23252506424089 13.531925736136387
193.18028864435706 68.93298181757385 36.40435675414332 -15.179495929593468 123.43978860385995 13.400163812413489
193.2515953679089 69.58334571138809 36.25001482349059 -15.2595068956451 122.57471331485539 13.16406252001267
193.55163820827772 69.97499381773282 35.8541513399997 -15.37762617921635 122.17310244155931 12.944634907250068
193.92666250523567 70.07884656916573 35.166742344034276 -15.532077176300202 122.89649680086947 12.856227790094024
194.25556680802526 70.15492253740346 34.50525016435898 -15.631891428552251 124.21001644707559 12.816270533846904
194.50917639317237 70.40981581536408 34.1422589982984 -15.621556627718338 125.12423083099034 12.707596542027733
194.7771968151185 70.84640104663897 34.02887421762956 -15.520791972368375 125.56845489023547 12.551065107563879
194.87800483805714 71.54228688128475 34.15908374532933 -15.340996112415702 125.77553740189512 12.446843986821026
194.48466192729973 72.654644964773 34.65807891179992 -15.048361601649457 125.51734993457279 12.381600912863155
193.84960631485637 73.99847819469406 35.35899637999985 -14.682605004836384 124.920196884324 12.258673068871882
193.32854439065318 75.13869405404031 35.917858521090494 -14.374684371322234 124.47822515640603 12.10462079899793
192.94084669681774 75.76067683489119 36.02079109077884 -14.301860118383534 124.51254571570044 12.028414789452919
192.56649632495186 75.97017382917959 35.696503811774704 -14.473798197773613 124.90347174002099 12.039107971079147
192.1828766099984 76.07738622185585 35.27945428591672 -14.689958011531186 125.39970459151345 12.069022212102281
192.0754573604753 76.06334675440561 34.6972785067922 -14.928340497106985 126.279153391987 12.110634719507757
192.0646110889294 76.0687379772393 34.15672118003333 -15.134855107850893 127.19882331982211 12.15140851837918
191.69093513801624 76.442618675645 34.169298796473676 -15.126647328403388 127.33156898094772 12.110129542592647
191.3753775953765 77.11295837857963 34.407014816094915 -15.02638427606816 126.81288376961105 11.919818669555319
191.61546835859332 77.7433085122542 34.25702005160766 -15.096639851389885 126.28766294926322 11.653903656005443
192.12911486731122 78.17351722243406 33.764579271354386 -15.320088891971245 126.09063130176203 11.448666633780686
192.50964808155624 78.40179711047003 33.20091833638444 -15.55015369450393 126.31914405667891 11.354360080535393
192.7775816974842 78.56912697873122 32.67271451155841 -15.723552880240158 126.92813960814894 11.338395605876148
193.0448990869653 78.93176891273032 32.244177595284434 -15.840226813625748 127.62228283458244 11.36939974549946
192.8888088212675 79.59271024402247 32.114226959007 -15.886804340514352 127.84405198488241 11.485360457933705
192.06546986750442 80.4291608182381 32.43294473804229 -15.804623307277293 127.46443998254571 11.679909861610064
191.24927690421183 81.06820938293515 32.73630095410627 -15.697868078632215 127.48020594709203 11.899007598525198
190.9885004551109 81.21614310677158 32.55297823466631 -15.736655461698694 128.50885325675748 12.12004431612474
191.05481658415812 81.18837218843893 32.27340957898965 -15.801485923262916 129.50341055622226 12.259527540715483
191.18913972577064 81.30631987902773 32.269605932391116 -15.751730446500527 129.82293484273637 12.29208880608547
191.1698559181649 81.41888825012214 32.40509814121664 -15.651725402799116 129.941490786425 12.334310923687745
190.8330847947125 81.57658721970476 32.74075295288297 -15.50954592379772 129.50886030526848 12.36430283559531
190.57213100310798 81.94448851265207 33.287506803335525 -15.320092423156606 128.37834190209233 12.29867019733538
190.64166115432562 82.2433168981321 33.64519461975531 -15.201728789153034 127.50132035897724 12.219590507660078
190.73698722150783 82.22442012811806 33.643468933761184 -15.224467318012092 127.07143536088981 12.19533079908308
190.62115940460453 82.1996550116645 33.72672048156582 -15.237133335704959 126.41937889552486 12.16937081543032
190.32842190386413 82.31672057915345 34.06031221423756 -15.156665884781575 125.72357619408842 12.162689288510355
190.01105432927477 82.35271914170242 34.318992458461885 -15.071801056623524 125.62142012833039 12.234345357361688
189.99924616879497 82.19944240476127 34.21857605324454 -15.08080014666513 126.12942174836104 12.317100383512166
190.43953468700425 81.79959775375187 33.63396199544757 -15.271013457200077 127.06484640133499 12.38208183452894
190.88651613091298 81.44779874947255 33.08232556671124 -15.495978503340481 127.6010857889714 12.408872007591075
190.94010935766784 81.54071595110753 33.16290931178866 -15.54564917282704 126.78932520355306 12.32445316716272
190.77770964552144 81.93614318876644 33.65028704603236 -15.447091062662377 125.32713923066842 12.183096382961129
190.68134985697782 82.34533848415765 34.125599525846226 -15.292089366811265 124.2339292725809 12.06532528183633
190.66312799520085 82.66509981777762 34.47110569061814 -15.135959322172235 123.59132142101083 11.987310746266381
