212.60218325949776 28.174699276467102 57.86700716377888 -16.112760569919914 129.26795573955664 17.412240870999298
212.10265994007386 27.94871443294928 58.10941189628603 -16.1836209156036 129.48610067745162 17.58898673459788
211.308706002829 28.16460276020649 58.9080838957651 -16.075257799527748 129.999114244191 17.727283944989054
210.30168505409893 28.880791921141643 59.97765197113664 -15.847935136258055 130.72737004280404 17.834088305853797
209.25155911352772 29.876313024477383 60.83738443837686 -15.680524618722874 131.57904909551644 17.962754341952596
208.21689064391776 30.9402113044427 61.417959843804944 -15.632125034658202 132.29791195568265 18.125390232910533
206.75431115985833 32.027289726020214 61.45329608993219 -15.78344848957559 133.18126081068243 18.545967939687607
204.386443052162 33.30187141772849 60.53195388672633 -16.249657426706584 134.83806802745562 19.491770630765323
201.47281202955014 34.67678460166166 59.01638214117722 -16.93510679987472 136.9028705387732 20.753188173985883
198.88569674995836 36.05797876543506 57.74274690718681 -17.56133563522066 138.4553404975209 21.84139409356548
197.0217505944043 37.79127429419472 56.73158825733889 -17.961959094111048 139.06095720138563 22.54095557800344
195.891559085494 40.13970256454023 55.31894344741889 -18.224641820856995 138.66440744133277 22.883752191120948
195.38817202283698 42.65668695636663 53.12350053500987 -18.63025879007101 137.33200538180145 22.960873019155763
195.0263761099088 44.762427393581376 50.19636521095881 -19.358239179704334 135.3560037925217 22.951932148165177
194.5081827422312 46.21330521581308 47.1171489903474 -20.295469886838287 133.27097670516915 23.02123213801645
193.96683598344543 47.234000820038595 44.435730433108105 -21.24988682434931 131.50997168311534 23.238431019367493
193.4496539916863 48.29910339068675 42.276796161071076 -22.12601792725436 130.09013144001358 23.584652660391544
192.7710680020146 49.512092712037045 41.03620188364876 -22.825058597129633 128.88077536162828 23.97803759711865
191.76202208207394 50.68800144646325 41.04633979610735 -23.279685222527327 127.87750535958659 24.372696208748387
190.59372516115178 51.605941205696965 41.745826197900925 -23.544295077029577 127.17694178221402 24.722600121063564
189.79085082762435 52.36296682240554 42.17981009984932 -23.67293404000309 126.7869852052398 24.89617293387242
189.71245320785414 53.23414267112368 41.91114545960087 -23.71746665722648 126.47256346755128 24.810999654590415
190.19722441471492 54.210040231987776 41.21418333725798 -23.72709795269392 126.012018449697 24.531156685293787
190.91121257505546 55.148918010404564 40.42633099259082 -23.688919362980727 125.53167322760805 24.1722180859772
191.52218166836147 55.8297996526171 39.673474265965105 -23.69344600692721 125.12383224360212 23.90098407766849
191.82473896232642 56.15330192286502 39.240584336245355 -23.83039523781592 124.61268999532322 23.835618154037455
191.94293811124749 56.1468238111476 38.94262088545114 -24.024930671704368 124.34339247212465 23.967471047291625
192.02256088897306 55.88195922233476 38.33302526499491 -24.20131719798303 124.6650606033205 24.207906161595254
192.06605320902668 55.637416380136656 37.52830061785271 -24.316706882632403 125.22680644927493 24.40894067971398
192.11924033871333 55.67517828209431 36.72164054956881 -24.387567559611874 125.62857851955998 24.452734641634606
192.23693689780384 56.06417155835813 36.041901769888604 -24.474798975142047 125.6480370353011 24.312937308637572
192.34956221137867 56.55722714297012 35.62942129602148 -24.593778808904126 125.50693829962503 24.127243123333912
192.30234754288256 56.88800994130956 35.580558578854856 -24.743268586917836 125.44758825519911 24.025205529695818
192.03850378258304 57.12380667695865 35.85101567660396 -24.85784214820564 125.40745542851923 23.96040667447688
191.69004596532625 57.39584339474138 36.10738098559517 -24.84069495257987 125.61112028402356 23.87654494144531
191.32926258254645 57.7458213374743 36.20853794648907 -24.707125364113036 126.15700286545609 23.77628130342408
190.89160107787797 58.13583047460766 36.32409443087535 -24.54662611263565 126.78651650204009 23.697328186173827
190.35563317464408 58.519367323432974 36.60157476775359 -24.413566106646748 127.23753540927018 23.666355676093215
189.7544432745533 58.91499724202902 37.05584928075447 -24.32734434131732 127.34486851196803 23.65891247270177
189.2220035500019 59.3147945721914 37.44337337053436 -24.28480828590947 127.21454046206502 23.625660608431584
188.72120890352252 59.70828617835977 37.470803490101204 -24.272119066648475 127.11273781889668 23.546303456515847
187.92485909563771 60.083265377833754 37.156978640392495 -24.29230658818451 127.16394480089568 23.49134318280131
186.78697777987094 60.36783032619013 36.769864465431375 -24.33484769006152 127.32460017666502 23.5427452116637
185.78016981708657 60.604276979425805 36.384275143590344 -24.376950899944713 127.48325184408026 23.612455083681617
185.3319309611266 60.942768263968574 35.918033324613916 -24.388507903503072 127.59247754364836 23.55511718547354
185.2039925430227 61.39772539029301 35.541953815509125 -24.341873848431447 127.59731099266638 23.400625882548347
185.03892750804732 61.91770543165424 35.35527246496307 -24.238594389020932 127.40650686127644 23.187888609304462
184.87530671939675 62.61675212828221 35.287360499100025 -24.06401005951244 126.92250768061365 22.812900856183873
184.5218759345702 63.73954275304827 35.24977723111943 -23.766760402689144 125.96703988406406 22.179419870663075
183.85009251254633 65.25850533110189 34.81653928420494 -23.29483439774299 125.03116501404067 21.35745464851368
183.2032265843461 66.79640602363642 33.936142419602156 -22.67810804920812 124.71313976197318 20.550408172625332
182.9152156004017 68.311057588705 33.20476863526547 -21.888626546682858 124.6183940702972 19.761904755877886
182.89349984482828 69.87309230261496 32.8939490820666 -20.967456355899408 124.17644603858773 18.928438409423855
182.70686662160574 71.0779322561961 32.93311213337943 -20.253916084904763 123.19932885238242 18.25116574904972
182.30593691027764 71.7747630367307 33.20660468178102 -19.888485742406292 121.96719865808349 17.857805609013493
182.10173746799634 72.43155745963118 33.435664898011225 -19.640479069425567 121.0467476461785 17.60948103897711
182.30841854041233 73.27122789171312 33.215473513342104 -19.38774268485949 120.91272511475539 17.422560563224394
182.72516641128715 74.02931737279918 32.5717837820269 -19.234126004450147 121.40267367881847 17.33818803518405
183.0564613449346 74.53687835091233 31.936906688038754 -19.24388812032894 121.93883298607841 17.369707828437388
182.9915828746282 74.84353388212085 31.508279036607636 -19.42075100726384 122.14684644683722 17.50547074937348
182.46641150678124 75.20453050356558 31.302323253182713 -19.68865003545656 121.80158460556984 17.637131677015702
181.86169940904796 75.73823226705065 31.20565126894276 -19.922628285816177 121.22416174595827 17.682992925213433
181.4565015238647 76.40627307144831 31.025773669988915 -20.070184901425314 120.81109814287922 17.64874497922586
181.29815337398276 77.42865358256387 30.819480371814247 -20.026977626611107 120.37143017321294 17.441475577496625
181.4444579791541 78.68426652072009 30.87663205327569 -19.839323955589165 119.57750384540282 17.069073794711517
181.93229137965605 79.88275469821576 31.147920318436633 -19.68020010426767 118.51544767287079 16.64044571367151
182.51108268108538 81.32602394467452 31.302026473654646 -19.508950286077855 117.67494179246728 16.177509915042492
182.7427770450975 83.1039263362149 31.350295892332856 -19.299685051170066 117.36160659565422 15.78852985715683
182.57242987272178 84.7530959071849 31.419544757469858 -19.138631072108957 117.3330641020909 15.55795878632497
182.2346602524021 85.79508908467564 31.43976165033148 -19.095407664134214 117.3265792323757 15.479766019966831
181.92664969562537 86.04052262406465 31.285230499281948 -19.185130235872577 117.45124195279182 15.547780529908058
181.88747624317614 85.84594150454687 31.070344486028965 -19.331722108820742 116.8192305919737 15.497591417986982
182.44531808930242 85.80914646713981 30.996232437781103 -19.416091190319257 114.03548894140744 14.941147226013062
183.5684597928898 86.12055208441386 30.912051884529625 -19.409832790675033 109.79750591158398 13.979468448822105
184.56121932050644 86.34804836910357 30.84868710806378 -19.582790565109967 106.11451262195315 13.306808848310759
184.87326402682217 86.18695930385945 31.172975548564715 -20.130400170319064 103.96909044027382 13.378890222763754
184.67602404209237 85.90472040227874 31.781745667930736 -20.78960400826133 103.05142240007473 13.872856308513487
184.3295759574963 85.78838614100368 32.30319412456438 -21.245434272466373 102.91392942614098 14.371446598082896
183.8896254066376 85.84200252592197 32.67344880581373 -21.442500150868902 103.37107018171017 14.811383547391511
183.35725757390577 85.88110176613071 33.01746762863983 -21.511077991115044 104.07526987316089 15.222778123420195
182.9713063094696 85.80855376186878 33.31742662125434 -21.590451130612504 104.56929712304648 15.542037794354176
182.85287060862004 85.6337361182171 33.41191497053642 -21.74897555761806 104.6116855328641 15.704722717432436
182.8794670232718 85.30868045342578 33.25838626182598 -21.991646741768985 104.37927256110117 15.772989349972601
182.89662365012117 84.9114067546733 32.94525422529554 -22.22898899434267 104.16867539888386 15.810725145868547
182.84884826630716 84.68961081373041 32.46806915552769 -22.32616698667797 104.07556896187066 15.767738148023298
