194.66666227331828 48.13253933966454 58.13757073503791 -13.27095147194732 146.43328147332298 23.619487555706527
194.92023917557557 48.04335112927401 56.3162926232056 -14.19865696778829 145.55525803422796 23.7183264802877
195.2795118082912 48.52687408424552 53.36256054729367 -15.590783911258082 144.04852709007324 23.606394570283825
195.53652234693283 49.61871581083992 49.23961035365231 -17.51675234678083 142.09981644461726 23.486513404527525
195.85451650018405 51.13543864224384 45.77536918527033 -19.40645718796011 139.82696573103806 23.387053637728684
196.02446581707756 52.37759233704233 44.24949329765549 -20.820071438653876 137.70422659293155 23.379636101771172
195.2487393930036 52.6806320070259 43.86290551679754 -21.693691342305712 136.82356074065726 23.63587194734809
193.64994247142255 52.43032040225157 43.86394268513371 -22.10830982652044 137.3311053762596 24.128044119259627
192.04971745610086 52.36924028066694 44.071370605410635 -22.273207865853763 138.32295586777923 24.66633413133347
191.02919450238215 52.672478344149894 44.192290832661115 -22.294292746846715 139.28881347090993 25.052540590151736
190.65082603842222 53.10459326188895 44.210138564831055 -22.238350917314012 139.98011247644033 25.28426053593492
190.63817406011037 53.35243007621571 44.102596772448926 -22.244541674021008 140.32288209605338 25.49208159867863
190.81552814785826 53.38688552480366 43.85978438359269 -22.338018363295706 140.40962872271933 25.687452859790632
190.9795220782019 53.37362420860248 43.73757558491544 -22.468344417123475 140.13210911807815 25.837466832776016
190.99516569995478 53.352367162493536 43.84157192730877 -22.627214269189352 139.50711956593315 25.961944429387835
190.92978334520893 53.41093212423426 43.840011339709164 -22.773682605569448 138.97747494681434 26.038797505444087
190.82213532642675 53.66916031532164 43.37402469905903 -22.872401539390342 138.88493152464952 26.036320741272295
190.63395403160206 54.03907889713586 42.644422864158216 -22.94012672593753 139.03790954321192 25.994408736978734
190.39393367155137 54.467175805135824 42.07041871355465 -22.96662588608556 139.20383770156275 25.946041519766403
190.19403457343685 54.988272995209 41.783599390480575 -22.936126484333204 139.38096915248906 25.886469808403703
190.0956089401406 55.477290945806075 41.609116195384125 -22.870355482075595 139.69186472015963 25.82009684728029
190.07305718286105 55.79665047172138 41.316372718747594 -22.794934336987797 140.28486577252187 25.77317065074175
190.00351916071543 55.92952992019647 40.8764399382151 -22.753825253507863 141.1023885892867 25.787842878026574
189.7719042149254 55.94738224324631 40.44058782602939 -22.776780853878343 141.87018947744323 25.85786304089752
189.39400720681178 55.98155006186052 40.14863662794629 -22.82680408923953 142.32606182713562 25.910174943218976
189.01085404805588 56.09055660220662 39.874876663389315 -22.857478168355918 142.6088719117603 25.901444466024312
188.65242069251735 56.299761063209345 39.54233142578363 -22.822839200557382 142.98345853181513 25.847017680896183
188.16906925206513 56.60748444001307 39.31848771667826 -22.706150871240986 143.34578107525527 25.773566442794337
187.5122906521896 56.96265159332137 39.154574117791526 -22.51355941632589 143.58272641123799 25.62783831817064
186.81730234309077 57.32231408893548 38.847098165197046 -22.26542112807471 143.65046585931483 25.314162061089654
186.30059766619053 57.70314599957993 38.45029174924541 -22.00736705356877 143.37554234572548 24.83247002557882
186.0256398891855 58.302062431622154 37.830334977492235 -21.756609679988223 142.06393811631142 24.040182511029354
185.95203439385241 59.12421924984905 36.54046223982077 -21.6110967589895 139.03458118627782 22.793795137295582
186.19747483830184 59.91239790735041 34.646017670246835 -21.653684685222636 135.0285753988964 21.370836659949678
186.67908811288208 60.63779073179063 32.6933581881201 -21.809712038783474 131.00649296909702 20.090694027969892
187.14219250859676 61.34573496097249 31.071206531539495 -22.01304521704393 127.26633208172362 19.055722226420016
187.42162963399932 61.9558620923015 29.89717751318103 -22.23508766622085 124.1983710528659 18.330216250516262
187.38000868483527 62.593646608346816 29.30277184877219 -22.377778210386055 121.84483751511928 17.859332966612907
187.08588681078345 63.43569568424971 29.267723547149206 -22.369078739561786 119.97429985979821 17.484569774210087
186.71866834022447 64.34460943090407 29.52573992943961 -22.2719119020693 118.59335421163485 17.17164484471834
186.3890871614709 65.32037838332405 29.977971750554126 -22.105779106991392 117.50209534819251 16.88852147363801
186.09844068965964 66.40036956939517 30.492192903190173 -21.859974543555087 116.59991262615623 16.601406820288013
185.87558682200057 67.35024311784557 30.75514879465316 -21.669003957180486 116.11015357254357 16.410917949718446
185.84928355548516 68.17004977533294 30.70985416932036 -21.624374227899946 115.78370965858343 16.31383516445552
185.88634071495053 68.87418567689532 30.5696646939082 -21.699876709248024 115.3618188980281 16.288937408413393
185.75227297279335 69.3504236223871 30.471366223764427 -21.84146741120475 115.0219375544969 16.377593063861063
185.45567311527637 69.72479106188209 30.317373029267106 -21.973682675444984 114.9358907674156 16.51895601218089
185.14638867904284 70.16368587551989 30.07158808058516 -22.09994505588688 114.94063851150639 16.6383386358876
184.93618750157873 70.67037738850507 29.8099989512433 -22.250688894250114 114.77700547974274 16.708160368585403
184.80862279806274 71.19038927146423 29.419378243401376 -22.394390171537815 114.57615945715102 16.72906597006555
184.66672775724447 71.75471240149264 28.93323348965886 -22.487252762377576 114.42937427731346 16.705767234045066
184.48192736516802 72.31831804917618 28.520590887506337 -22.584631914928416 114.31324082350105 16.712240000013416
184.36235374491946 72.81615554823779 28.175450040309194 -22.75214625189942 114.33736533101418 16.821014378166634
184.29588729818028 73.32524189073716 27.82754747547278 -22.9050381790815 114.49438163696169 16.946209209743074
184.2129565444394 73.98337878936704 27.5800656725947 -22.91559477671798 114.55873476216135 16.942814247633518
184.1703520300926 74.80310850750817 27.596794096662762 -22.78125709828678 114.36741727588937 16.78487170751528
184.0494215076708 75.5610727646196 27.88513808096299 -22.67595025150092 113.89004103783313 16.631585385939005
183.72508157593245 76.14263211292786 28.246722305362148 -22.703559431990712 113.2277448821751 16.58524115256703
183.33998987060494 76.5760330813155 28.54353663790642 -22.805832312496797 112.52681560859344 16.583002992822678
183.03884830374963 76.88572045613779 28.972840045751344 -22.904879311447893 111.87734498904447 16.599999293514124
182.86934721307136 77.09088491089855 29.480523677985026 -22.94244685465428 111.5793493369911 16.665146247504076
182.72510230865018 77.25925048403307 29.87149473324962 -22.933005557304075 111.52255923500002 16.735400101920632
182.59270872900555 77.50321458060256 30.02059085517282 -22.90102924923868 111.42119813343228 16.724614259791476
182.68386526518606 77.85757641404686 29.890615649980106 -22.81253192439383 111.3547463142389 16.599564828250607
182.94343483353344 78.30523489867264 29.714206751176413 -22.639791491179302 111.36662464508397 16.41429271923913
183.17825560095812 78.65605254879252 29.44118760003618 -22.435715790054875 111.70592692382945 16.28554588111891
183.37195141700582 78.73066830228959 29.063454926021024 -22.26816648457868 112.46909549832307 16.27959272517538
183.55047005049087 78.68678389775079 28.920261939870326 -22.081894410108582 113.41702244356318 16.35980782768926
183.68233114447037 78.6886347640327 29.220280405051945 -21.82222329886485 114.40264838102249 16.501100543898737
183.69641901306798 78.69149164097308 29.8218778053718 -21.574495681405573 115.26395655924708 16.706029466276796
183.6659256765818 78.68036300805103 30.254189678296733 -21.43064557761073 115.82484534763657 16.878931903613
183.68361498417306 78.71249838987313 30.308034443500706 -21.37272940674643 116.08371744767963 16.937892405830226
183.68951582632326 78.76215122469394 30.156656666720533 -21.370917154144692 116.12990224604621 16.921390992265536
183.70076617198146 78.76957792258409 30.11215264234393 -21.409437389217437 116.05758331110546 16.906541366336924
183.84593058799686 78.82402113073857 30.418497974557404 -21.400305080731464 115.96129725103123 16.89930663534106
184.14203644028288 78.95624457165655 30.839480803531206 -21.304333993731426 115.96060446077789 16.853257391319524
184.44283441448857 79.12129887248338 31.144328359874116 -21.150531479153496 116.04468428650904 16.754786226191477
184.5120089136556 79.26316162183734 31.461298517110414 -21.006081600946477 116.0025379838614 16.663334875317126
