204.36817787620504 42.51833821484053 75.01185600246457 -14.583141752471406 132.2675342227071 19.111085413853452
203.5383300409132 42.552495037581075 74.18787850997747 -14.923480455427464 132.4608938940724 19.393969131309685
202.3198138669357 42.54003076042572 73.00178082597434 -15.485987882291143 132.75290541960982 19.83264557187082
201.18122663270316 42.443024425408865 71.64747615565167 -16.15083746079295 133.12235784540445 20.30500417504822
200.3955441237756 41.98884273407516 70.24384999006047 -16.926890219820766 133.6091225305835 20.867411861094595
199.96742399405332 41.11249711295883 68.92933524301299 -17.87109075509062 133.79406006286663 21.544026315161645
199.8559265202506 40.21507958239163 67.77943299868177 -18.8510091869938 133.27895412268566 22.10676694760845
199.87204469016856 39.51370577847046 66.65187200051687 -19.741482654126226 132.348496145923 22.468995842030914
199.77518330159833 38.91428123936855 65.53936578229576 -20.48163115839325 131.6729585564817 22.78351936125452
199.42125956281583 38.64644762352234 64.68598209359276 -21.022976530510924 131.40989948688352 23.119124608507537
198.79656588078717 38.957763037520124 64.16681792682333 -21.391521887343202 131.5072666192652 23.493307149601694
198.16171268888306 39.73386631381077 63.91191129560186 -21.597577312932653 131.9198559187302 23.83803645674699
197.80315079673073 40.80484610941213 63.835618899421306 -21.705572411643068 132.38894897216946 24.095011252172092
197.6552534765113 41.833647383716006 63.62124157637773 -21.926369520831702 132.8141472556355 24.40635015789521
197.58900980491842 42.57171663254404 63.045473333559414 -22.310901852073478 133.15489288461248 24.77444967681005
197.48418175665665 43.12503250902908 61.69911840382956 -22.86721042555495 133.37382824069576 25.16673631286036
196.97295722890573 43.540295338687045 58.990410861490126 -23.767364884134924 133.58387922181174 25.767535018287873
196.1090011537914 44.134305095524006 55.315807115748584 -24.81935833014817 133.91695731285992 26.425393050780304
195.18304903360246 45.45993520551053 51.984472257800256 -25.644718985945484 133.96217912526987 26.794203308856304
194.17975501131434 47.367200721166775 49.812211769775885 -26.224735131769563 133.21611703346423 26.889625735604632
193.2144592585615 49.177205533375826 48.570114250508325 -26.645440253085216 132.05372338343068 26.87382691198254
192.51091574852626 50.504466064530064 47.64304929977501 -26.97025877054183 131.11497326130834 26.87247029391064
192.19682901111912 51.36146017366085 46.6151735235585 -27.2580757952644 130.70218881399558 26.943964132471656
192.16615954832093 51.94540099794874 45.652084209073664 -27.453477052953126 130.70708347996415 27.025397770758513
192.14976325894537 52.33319334129678 44.85660691571486 -27.54765307716114 131.1044379451453 27.133515157236225
192.15233334297332 52.57915925899497 44.01175013113925 -27.63389130309052 131.78882467420493 27.252639598724368
192.23973428353696 52.89128042978952 43.11976552861143 -27.753412942958775 132.2153305952705 27.245082413174742
192.20521786123683 53.23709266856301 42.09208504619144 -27.91132364295116 132.3485978373274 27.180767287882492
192.00781045654412 53.518015620538705 40.9849096733127 -28.077575323729036 132.41054609846043 27.153469538423987
192.0683820780368 54.076579253661414 40.67823208440045 -28.07015325152732 132.26711937599262 27.058269804363455
192.84736947570312 55.24676738897663 41.76438880191431 -27.73794183178301 131.9002989758946 26.770310879087752
193.72629377940183 56.416551623845194 42.980736969446426 -27.31507715746227 131.76004015183614 26.43918362736919
193.72253427054693 56.892145790249586 42.92074921821897 -27.087240780862096 132.0797567453209 26.288206582961607
193.11845601785257 56.922214204707814 41.80305287603896 -27.016414674931575 132.50191908661358 26.226588172074244
192.46476785082638 56.935499551673274 40.52585305318383 -26.97810898492523 132.5624962021938 26.131514375069717
191.84161689991234 57.07734357990365 39.592369469429556 -26.906725515069425 132.06185861911348 25.97710445091268
191.1757211656967 57.26051959102817 39.00400497014776 -26.807139518082487 131.29707504486922 25.799214228983743
190.50689206547304 57.32695095790565 38.5401404390183 -26.730121391992405 130.78158798051308 25.678492846998644
190.04394333463654 57.28485679261944 37.97824978636949 -26.688658189677952 130.72243245213502 25.603690521693327
189.66949453478378 57.25116169649045 37.401050486510066 -26.661227429443116 130.8566086877339 25.547645228192454
189.2193499687085 57.21916551826868 37.01152407920914 -26.671124295550367 130.8950811743199 25.56416427401712
188.7783121280628 57.09369925406297 36.68356250400303 -26.755773904042094 130.9013449392451 25.682125843935633
188.1445289619344 57.08293252502416 36.01230805278645 -26.74119171560941 131.28090078495217 25.789411523908775
186.92264115723668 57.63383038737581 34.97980906141642 -26.33636882030842 132.387433719381 25.768540529411332
185.44969980222035 58.76978131188278 34.02629816342242 -25.5697915337471 134.08412006442518 25.612469314994314
184.36958152746675 60.049679166063534 33.43230988785332 -24.735125728276845 135.8774788430668 25.390906248683148
183.89192843256313 61.289169872648124 33.2363416931514 -23.975332358380264 137.22938079909778 25.1353482686662
183.9189252542307 62.61230101532253 33.18774461035163 -23.29451524662968 137.67112103320522 24.789238554794192
184.1081852556767 63.95725437813607 33.031577467957106 -22.777958088517757 136.93698542198058 24.353662196466047
184.25917481560907 65.13659765158262 32.793674882712025 -22.509697636501205 135.26815617748449 23.878434965165322
184.40934749675353 66.12944258517467 32.54849237945891 -22.416418399215495 133.3317584276403 23.398136105514006
184.56913918127103 67.0284026523352 32.36993652995868 -22.351972877426785 131.71683006968829 22.966677359611587
184.62894386141636 67.94030774626853 32.252773791404046 -22.242322119051117 130.6191889752787 22.609298991753526
184.40423297483812 69.00163732865366 32.24636897451418 -22.06448008928621 129.79585682321283 22.28112313935155
183.89889413340302 70.13369924028352 32.436574501551604 -21.84674512984675 128.9775202763429 21.96251686123614
183.26075132076278 71.17051261277365 32.63171780401788 -21.71145446920782 128.11115639875237 21.685750725881313
182.5613863528667 72.20473714601872 32.59878867322869 -21.754895769062983 127.06684016266803 21.424703263509542
181.94730089843404 73.34412512310811 32.4315924564971 -21.89347827705935 125.85787143791354 21.131913032165777
181.4905221885394 74.62438319767938 32.34266217571356 -21.994095960078262 124.7875506910683 20.8476098468471
181.05934614342115 75.9971337213405 32.36489514613354 -22.039584295520807 124.05185722781346 20.641350073766457
180.63757363117656 77.26829715614504 32.28219823371633 -22.07408031749369 123.64000462072546 20.497025462495042
180.36447049158852 78.40952818058267 31.972319440193612 -22.101352445848004 123.45134562004483 20.336896019269666
180.29410194381813 79.43821822923324 31.64804729391765 -22.108778679096964 123.38056657261922 20.161271766244518
180.349559224053 80.33867963205566 31.31463384849627 -22.132586133312316 123.43277214444743 19.980882353754318
180.42296424072487 81.2835604795564 30.88774376946428 -22.161234044470092 123.5615527325114 19.732632725382217
180.36867651284342 82.2750763324337 30.56806342558193 -22.173811820071613 123.58159707095385 19.465610346908733
180.13179519104187 83.12322730601035 30.3700993500729 -22.211328379952768 123.43660853321323 19.27373922814619
179.86109617471197 83.81518973590155 30.089778121680766 -22.288235115971148 123.24537609907446 19.130864935763523
179.68422290783934 84.38724290270241 29.74540307816092 -22.401465668931266 123.03349471137118 19.020031571190735
179.57390018350466 84.83434671612952 29.47058127265632 -22.533971155507786 122.52715584117 18.929955181548678
179.48151692477427 85.1578554058189 29.374010593619964 -22.666626598034764 121.53843903006515 18.854447654823005
179.53578079256982 85.27057664318625 29.42816778832296 -22.829905851594248 120.31952053753031 18.846022562392175
179.97320211155198 85.24525885339011 29.401818546768496 -23.009215919284834 119.05618907522921 18.830438702253016
180.57615971889612 85.21971933974692 29.17625209922884 -23.193839613030903 117.73991087503757 18.751941846358847
180.97108676492022 85.09172785143396 28.738977289848428 -23.446466791463102 116.46669336935113 18.691863750931716
181.26491096776795 84.93733000124442 28.25210569996112 -23.73391099499121 115.02953641418338 18.569815801240015
181.64821775004924 84.82677458463024 28.19175559424669 -24.00255168597159 113.29161823246856 18.376854816917266
182.0751059286311 84.74918823379656 28.63678927536766 -24.197176914507725 111.55752482783501 18.180423917686657
182.42808076208706 84.91332772459666 28.95470564956436 -24.195080365033157 110.13907858907478 17.865389415781696
182.67644796306354 85.25252558930154 28.779497624323163 -24.027738202861435 109.36150187491933 17.488653553016647
182.83808918704153 85.51876801113795 28.402905485402904 -23.79355184663851 109.29009565808673 17.20128258266097
182.8812387961417 85.65254691670835 28.166474218103545 -23.493661330098828 109.76248041964533 17.02903924323917
