195.846547 44.763191 51.731559 -22.125029 129.070010 23.723561
195.846547 44.763191 51.731559 -22.125029 129.070010 23.723561
195.245113 46.941462 49.079890 -23.211004 129.222827 24.472509
194.623417 48.233499 47.456497 -23.695492 128.224456 24.509740
194.345145 50.987998 45.077439 -24.156473 127.864334 24.494954
194.204726 51.558698 43.886849 -24.469459 127.781033 24.658678
193.782818 52.155923 43.579235 -24.757876 127.227877 24.855689
192.705936 52.990122 42.871762 -26.178508 126.179711 25.949897
191.956396 52.639908 42.653743 -26.320847 126.358334 26.190611
191.654616 52.632398 42.919023 -26.579363 126.153125 26.470394
191.755677 52.829164 42.762239 -26.353006 126.260845 26.234005
191.755677 52.829164 42.762239 -26.353006 126.260845 26.234005
191.755677 52.829164 42.762239 -26.353006 126.260845 26.234005
191.755677 52.829164 42.762239 -26.353006 126.260845 26.234005
191.755677 52.829164 42.762239 -26.353006 126.260845 26.234005
191.755677 52.829164 42.762239 -26.353006 126.260845 26.234005
191.922082 53.304987 42.486714 -26.298274 126.335417 26.132037
191.894489 53.337648 41.920039 -26.345072 126.663484 26.166930
191.966330 53.651853 41.469005 -26.389043 126.563835 26.090145
191.270856 53.648598 40.499370 -27.145846 126.535333 26.674538
191.270856 53.648598 40.499370 -27.145846 126.535333 26.674538
191.449353 53.883317 40.302407 -27.136302 126.415247 26.584803
191.434085 54.672712 39.724616 -26.836943 126.596972 26.316891
191.267611 54.718506 39.577525 -26.812046 126.405777 26.272419
189.987670 55.543242 38.460677 -27.199364 121.521011 24.175479
189.987670 55.543242 38.460677 -27.199364 121.521011 24.175479
189.871933 55.532718 38.320205 -27.188998 121.506223 24.156778
189.871933 55.532718 38.320205 -27.188998 121.506223 24.156778
189.243483 56.557765 37.332784 -27.333587 121.970102 24.010257
188.009081 56.954509 36.987356 -27.091842 121.682628 23.394693
187.809993 57.048254 36.908899 -27.096889 121.695430 23.380953
187.367077 57.116703 36.644307 -27.103879 121.830482 23.420625
186.656343 58.573834 35.446685 -27.676556 119.863364 22.173109
185.623746 59.035852 34.142892 -27.440071 120.498535 22.051780
184.402514 60.878823 32.576268 -26.600323 122.377800 21.748508
184.467573 61.678387 31.936339 -26.306985 121.712915 21.385144
184.397036 62.414972 31.625758 -25.873800 122.250231 21.197516
184.514428 63.450665 31.181972 -25.588112 121.714763 20.781107
184.514428 63.450665 31.181972 -25.588112 121.714763 20.781107
184.295872 64.405939 31.004791 -25.328753 120.824720 20.298438
184.208528 65.455404 30.582531 -25.197396 119.673430 19.800501
184.248476 65.680144 30.537892 -25.181285 119.269697 19.692637
184.108736 67.211891 29.851677 -24.658943 119.105819 19.184957
183.849413 67.963141 29.909245 -24.462197 118.887659 19.064891
183.690728 68.934908 29.814981 -24.210540 118.233356 18.704178
183.576312 69.401579 29.967518 -23.943118 118.360746 18.655982
183.576312 69.401579 29.967518 -23.943118 118.360746 18.655982
183.576312 69.401579 29.967518 -23.943118 118.360746 18.655982
183.436273 70.066774 29.918170 -23.896718 117.904384 18.517358
183.389614 70.367984 29.927961 -23.718333 117.660105 18.348040
183.376382 71.735846 29.716015 -23.272393 117.438265 18.106327
183.234299 72.434962 29.660104 -23.267496 116.998114 18.009796
183.059457 72.693518 29.651871 -23.278356 116.737035 17.944534
182.883789 73.428832 29.597939 -23.348240 116.221200 17.868441
182.763351 73.791472 29.673334 -23.156704 116.168978 17.807252
182.618545 74.535274 29.661705 -23.187930 115.764713 17.730298
182.331029 74.900283 29.605394 -23.117503 115.588576 17.703207
182.331029 74.900283 29.605394 -23.117503 115.588576 17.703207
181.896787 76.776648 30.213885 -22.583783 115.928831 17.752503
181.765180 77.276650 30.218291 -22.467194 115.534952 17.593702
181.772222 77.583761 30.318320 -22.333785 115.217759 17.450132
181.666779 77.901551 30.297646 -22.342409 115.114796 17.414051
181.666779 77.901551 30.297646 -22.342409 115.114796 17.414051
181.687892 78.542513 30.291853 -22.182173 114.942855 17.231136
181.724468 78.856417 30.306141 -22.135259 114.744373 17.138036
181.706876 79.113589 30.225072 -22.137116 114.726678 17.094129
181.821723 79.454905 30.214138 -21.956665 114.921503 16.991130
181.821723 79.454905 30.214138 -21.956665 114.921503 16.991130
181.821723 79.454905 30.214138 -21.956665 114.921503 16.991130
181.821723 79.454905 30.214138 -21.956665 114.921503 16.991130
181.943681 79.754527 30.281960 -21.916884 114.655989 16.883973
181.943681 79.754527 30.281960 -21.916884 114.655989 16.883973
181.943681 79.754527 30.281960 -21.916884 114.655989 16.883973
181.943681 79.754527 30.281960 -21.916884 114.655989 16.883973
181.943681 79.754527 30.281960 -21.916884 114.655989 16.883973
181.943681 79.754527 30.281960 -21.916884 114.655989 16.883973
181.941947 79.789376 30.288290 -21.904954 114.622592 16.861794
181.941947 79.789376 30.288290 -21.904954 114.622592 16.861794
