-153.0943808167347 18.121559474571672 347.748038763233 -1.012345695322262 2.1572523790130607 -0.1835180405662269
-158.30627618459178 28.6457018142277 373.0509679943493 1.00944926037345 -2.8558133486071036 0.4941482489850884
-160.5911333987064 27.82133611093091 373.8304293494414 1.0354985142272444 -2.96033860503968 0.6900305594847511
-159.5631702980296 22.743508961871928 373.8304293494414 -1.0416691980496726 2.6967074287397206 -0.5271325271188851
-160.14869550483536 21.715315896924675 373.8304293494414 -1.1391994988120246 2.68233035668301 -0.4057038750794735
-157.51245243125248 21.844333926137185 351.4552509579385 -1.1210566982571928 2.6492279962679985 -0.3881007617245306
-142.2850442472124 18.496123416682146 351.4552509579385 -1.2158393406889363 2.899190249506131 0.052985232668097175
-152.01824465396427 25.469112176757537 350.6069078678981 1.1515034372593975 -2.8793243429823203 0.49805471372635035
-154.4065271944424 24.867978899832167 351.848873727011 1.2544871607881853 -3.066987470594702 0.44709211506437213
-153.97349185940146 24.559152593487774 350.0692101812644 -1.1233665231634746 2.7322882422405685 -0.27988191986901184
-152.3213802647703 22.876320126351605 348.8432933823689 -1.1721013120265054 2.736924855182343 -0.24363199095826735
-149.22130470021534 20.70238022760685 348.8432933823689 -1.163672639369069 2.7015441363957926 -0.18155917603575034
-152.16749986384528 20.56787647748266 348.0901240204437 1.2812005844071204 -3.020788596364979 0.265115100071803
-151.15965124598677 20.128474335383956 345.2733365148786 1.263234186519783 -3.0115482166919127 0.2435239728396511
-151.9389965829838 20.442513632018915 346.1037646885608 -1.157273497380955 2.7714825163526156 -0.1992865304405118
-152.54584215446872 21.03088440815984 346.74560500293404 -1.1646706398971394 2.767737392901299 -0.2033995826287764
-151.35531198821454 21.428166170031577 343.53393992021574 1.2732155640719438 -3.0060966869290904 0.20839649442090358
-151.84403334994724 21.928364117519813 344.72660348556445 -1.1746290317679031 2.7907984663288503 -0.19813993416122294
-150.24172040517035 22.052666933944746 341.88259827820843 1.2477844550049464 -2.9812813803399125 0.21864536047249078
-150.42847201443897 22.127118784901036 343.25605457122293 1.2559594732951302 -2.9870837367353786 0.2072327310775357
-150.3605392960018 22.34334001627377 344.34854877470235 1.2540139011124212 -2.9862863618320152 0.20419939933031891
-151.31988763087713 22.77243674812026 347.78316201075984 1.2488886709308877 -2.9908828446073583 0.18622555188278866
-139.70960623180918 21.840759113757837 317.5465790479271 -1.0777610280830299 2.7285911302849613 -0.1358048192731881
-148.69244578204103 25.25860942437213 343.7785670855647 -1.1959989216636104 2.7575330308746344 -0.1646754071325091
-148.49142665528638 26.541186648514838 345.8265723802378 1.2707321220404642 -2.965579346329323 0.16542130405386937
-148.8266332982692 27.871500647387965 347.6266190590619 -1.1663074140141485 2.7962314413245384 -0.21735369671764435
-148.0042602707908 30.46269684924522 347.6266190590619 -0.9697358177533059 2.4656942962955037 -0.668527042170497
-139.11286636026406 34.72905271578758 347.6266190590619 -1.0826243628638508 2.3760744917239873 -0.7003971553381984
-135.8506947070084 33.241068698123975 340.17331085674203 -1.2479603445925087 2.711397366980773 -0.18228300920300286
-135.5933085202349 33.77164675933675 342.63202221887184 1.3820388521798874 -2.93923152506592 0.16527159632177807
-134.8721622817524 33.82144651897094 341.47280159219207 -1.2663526087774057 2.720825910296051 -0.15487631887723027
-134.16766933209695 34.12500128474986 341.468150474329 -1.268455254734722 2.729739213802265 -0.16944795445755442
-133.1501050728644 34.50343755140986 341.00381345489666 -1.2736578835510763 2.7163387087275743 -0.15558448578660716
-130.8837208858961 33.80333854987327 341.00381345489666 -1.0327022854963426 2.16366190817269 -0.5290122310821077
-133.3873825999619 36.33190489746898 341.00381345489666 -1.0385003051387898 2.2491862634489492 -0.520666738753177
-134.19082023554 37.05066979065726 332.0159792225271 -1.094304209271 2.2839482313531985 -0.4209000614094477
-130.91578195179744 39.75636720175007 329.3075241711558 -1.1184345276396543 2.399140336404216 -0.5395322786700548
-127.15916079069285 39.75387760635096 336.90343607375013 -1.2667785426533242 2.729300329380191 -0.1717950177528995
-127.29293138485612 41.074372500059035 341.23249036008986 -1.2470435985270973 2.7708833699909343 -0.12559435157881016
-125.62926572896032 41.671732651758 334.4844120847958 -1.2095886348877243 2.6892414312262214 -0.1641176977485361
-126.60178077048519 44.54473728598069 334.4844120847958 -1.068087110835798 2.3375659332967866 -0.6400978621142085
-121.99256412620747 43.35027072188111 329.6006741176157 -1.2169020923264156 2.6733357281949877 -0.1991897511459182
-124.73841228173858 45.41862516493767 326.52889346368124 -1.107016502607834 2.371406364666998 -0.4832951395041521
-120.42146318010526 48.54272819430811 326.52889346368124 -1.0331810518639657 2.301361441573396 -0.6710592537082993
-116.84378953916368 48.85627714627943 330.0903685120136 -1.2157588709942129 2.6838632446000816 -0.23121888518801223
-116.27454940592521 49.60114196526885 332.6309725681862 -1.242003293140916 2.7268536917412494 -0.18665353366765938
-116.37378988644078 50.49074338554143 336.2542209861192 -1.2484203795016304 2.7574446861063846 -0.17663657619682904
-116.60232151875884 50.53626343440114 337.1469718952818 -1.233370486683142 2.7577345368040644 -0.16480002961574328
-116.10919323220172 50.59002214745732 335.8535601564375 -1.2162814208504742 2.775490605332078 -0.17094433238743284
-116.34003576339337 51.14900038498883 337.6255630191001 -1.2096119092535238 2.769320136368459 -0.1822484900947036
-115.24800548626476 51.63820915303126 337.15431607047304 -1.1966411642092314 2.7741961006239704 -0.18842739731087801
-114.02835629661975 51.85852396801051 334.6968043813148 -1.1846953556789894 2.7432628695560837 -0.1863517535468253
-113.87550457070942 53.15736146454091 338.94754590964135 -1.1976067804970094 2.7742811724664027 -0.18052900623400805
-111.00047505055525 52.96894144611746 332.844127170033 1.2714481114014637 -2.9782236048634 0.2274350014651525
-111.24235353611732 53.57378026066541 336.1164141648081 -1.200337466579153 2.783266653481345 -0.17908262240810213
-109.6029341456061 53.472229130586136 333.08124417753845 -1.1859709536146148 2.7727060444863976 -0.19336721942268445
-109.07166143508616 53.466116081873714 333.04967263698205 1.2789858598453916 -2.9885619623906066 0.21298770038775558
-107.80107448261128 53.24006730423253 331.2936951078266 -1.1885892428600637 2.7817168258293523 -0.19322685961301378
-105.77282583956463 52.443695083042805 326.76170117436203 -1.1877941002657615 2.7661456140553065 -0.16830776315465146
-105.58999910987139 53.27140552506163 328.80700995159265 -1.1773205680220609 2.7760961923829695 -0.20193635221119172
-105.41447758028221 53.42660935798177 330.49551086813665 -1.1753985164207312 2.7939259128218907 -0.18468542709137956
-104.23093596266393 53.52256509473504 329.0315293264692 -1.1696758955403759 2.789659296374066 -0.19130118193358436
-103.4845181803852 53.5715008778022 329.1120313221944 -1.1679023056621602 2.802066387136106 -0.19391011359170723
-103.16753182334777 53.40691401709841 329.8886465397802 1.237392269591532 -2.988843804303693 0.20957340718910616
-102.4370780952673 52.965658653825386 329.4143822587343 1.2128390417750272 -2.9895407358423967 0.19696008327758674
-101.66358396602291 51.343884255418416 326.5634630247806 -1.166777363825978 2.753494688436738 -0.17585323469921296
-100.83534233868919 51.678427855800635 327.4161045711612 1.219745876638692 -2.99271504778174 0.22649748436420547
-99.91624463534953 50.87943011301888 325.37166837474297 1.2209053691270373 -3.0095304292718037 0.21519203829433503
-100.23950913077849 50.99164393238252 327.6698723126116 -1.1427526216162303 2.8096948933853945 -0.19912618747910404
-99.99814941414765 50.84085720284864 327.40681097037736 -1.1441509703693853 2.8053674690889565 -0.19963399622161074
-99.72461249408867 50.66390012933437 326.8731283711667 -1.1390671482133652 2.8107533986647564 -0.19650132237169105
-99.25641373107953 50.44198828914609 325.89192208518284 -1.134632938937163 2.812789543989767 -0.19916976031324995
-98.95102677231193 50.316418500441486 326.0533295130201 -1.1308892119092793 2.8176206096524763 -0.2063390000936555
-98.24959703847428 49.91063250723161 324.9981363082781 1.1984011654893816 -3.0033520566373184 0.2244451064863701
-97.35946510942672 49.003561252148586 323.2823807561281 -1.1233810822784909 2.816706538193247 -0.1871391656334743
-97.5978292292753 48.558617639092176 324.9435619329856 -1.1306403703043035 2.799868644528689 -0.1821814013350367
-97.02945238720135 48.04741388199296 324.9561980057019 -1.111375192294445 2.8113325860608165 -0.1773397968342565
-96.31959816751535 47.61099061328856 324.1687547151882 -1.1153498697077406 2.8225234450154937 -0.20983036096505353
-94.99275562048958 46.39787851136748 320.5177259379083 -1.1097600050532417 2.8068376036324576 -0.21260787763186434
-95.94804039839066 46.040234879366785 325.065698352218 -1.1084644119662204 2.7959474266509856 -0.19194416951610263
-94.9805199844038 45.328255991196855 324.4679984756062 1.1668731741988099 -3.0275317899124534 0.21227893434252598
-92.84588447805783 43.63945459182719 317.9733650921122 -1.0898521424586565 2.7989985294833697 -0.2216580872306661
-93.91398832039377 44.263168578547095 325.7374522089372 1.1583693272516442 -3.0234848291987872 0.21754758531483148
-93.71170614443055 44.018811408937424 325.8058297152322 -1.0885310458325228 2.806791944615965 -0.20704873929582818
-93.523265463348 44.1174342053243 327.1566267986089 1.1748413687777512 -3.0239392696256293 0.247683051221062
-93.17359151192136 44.120679036948395 327.6890380541878 -1.079909497695584 2.842383269698826 -0.24395376354762655
-92.63218206855537 43.7694280006472 324.9953870660721 -1.0760588090006604 2.8231020202142485 -0.22718249937187793
-90.99003791760482 47.26695754083243 320.5812885431201 1.0800727024939811 -2.927371759193019 0.6280799756136425
-92.04855740529753 45.544662760494475 327.260551239447 -1.0732212369813827 2.832645057208157 -0.2764651254489342
-91.80435539588989 45.54291825730571 327.84222377880235 1.1665294675297548 -3.0282439733624056 0.26102890375846305
-90.73894227582217 44.925274828343134 324.3264265770689 1.161809470093731 -3.05177191685527 0.26873422572425826
-90.61270931351274 44.45545032564521 325.0526264185976 -1.062360935841696 2.800134396804058 -0.22727286467246127
-89.83135107385237 43.371572048029265 323.18784878016163 1.1561330694587613 -3.0737376707743995 0.23812929028271007
-88.01549668033024 41.95825733525942 318.04616548439134 1.1820329123321032 -3.059639324213629 0.242917150751084
-87.74816897181009 41.660505154352364 319.144976813841 1.1550867395845144 -3.0508561454952714 0.2320222538329579
-88.45034719865086 41.72396538423449 323.00352384759844 -1.0559945211727875 2.81788905193207 -0.22278425322730294
-86.75467328111506 40.89056104415701 317.65327867632095 -1.0378519161215451 2.82422395712741 -0.24587649492542576
-87.08881495308988 40.63294332280114 320.68660516644707 -1.05670105647767 2.819797389535047 -0.24151963220162473
-86.73958501050853 39.99291533417167 319.67736747394594 -1.0463343766556543 2.8069617728704874 -0.22855358364615774
-86.53204200807671 40.33576392947787 322.0765051305769 -1.032081970736716 2.851971147628779 -0.26023425289480245
-86.31717759026364 39.40445812692736 321.55082771214967 -1.0314545898132506 2.8177929335255736 -0.2419273118455017
-85.29769373154255 38.47818148542324 318.64946165334726 -1.0191895951011871 2.8096408903790895 -0.27231661225821735
-84.44887729070847 37.56068624135177 317.8858176612058 1.0905504261316281 -3.0478013542779414 0.29110326685677457
-85.00133640369712 36.72177834251763 321.555672155342 1.1093303575824787 -3.04849666783044 0.24948375187548757
-84.61185697081238 36.22686669660502 321.23137556217443 1.100019548755835 -3.0533452411592683 0.2565268601247631
-83.73029018509621 35.628304841490596 319.23064849558733 -1.025698774404912 2.8257559079798193 -0.2353121596892941
-83.07810171938108 35.78748872869641 318.8539042709504 1.0969707640976627 -3.0483650850536037 0.29042615266950983
-83.57057803822154 36.120094713329294 323.0113452420092 1.1009955512005245 -3.053869148608659 0.28136280856174817
-82.41344854539857 36.168974155741374 320.96253793672815 -1.0090121858917431 2.851468087262727 -0.28358727553700847
-81.44023869051833 35.87942615261996 319.4471223019254 1.0826527429453214 -3.063621742559179 0.2941278141919546
-81.20499669887234 36.19124999783615 321.4195129549605 1.08688008579037 -3.0419892867028846 0.29997478586541126
-80.44167877688075 35.73224413571673 319.1923527450182 -1.0114984216128018 2.836278686309759 -0.2688052228844438
-80.07225990987097 35.975272828319426 319.9349296859134 -1.0016455278308496 2.858714158876571 -0.27930872386351013
-80.07494140743114 35.60307012601159 321.0655983987316 -1.0257265076475368 2.8297924399367047 -0.24134602600029015
-78.85886661115146 34.86483539614095 317.51706700790095 -1.0115579568545945 2.835107732010715 -0.23937718177021083
-78.84601322727988 34.98503685756053 319.3648212098403 -1.0053436341042705 2.8482479832866976 -0.27762787707003916
-78.25282473015642 34.21088387283936 319.215056837947 1.0629946075774668 -3.0564636523925612 0.28753198937997
-77.60783685098252 32.82337322366463 317.4815387546834 -1.0185884349891883 2.8305426262433 -0.22096781828978257
-77.5783694117579 32.10053043131059 317.6642120778818 -0.9942898631549705 2.8269656848463374 -0.2540056866703315
-76.76169041102561 31.282401229523057 314.68125202591176 -0.9875154171728858 2.8306653557323735 -0.32161507191699107
-77.28147405964467 30.788751099153632 321.5911408530367 -1.0043360115899684 2.8668199163699266 -0.28594634567582594
-76.31513116718224 29.33940434883561 318.3912605719525 1.0861313901502612 -3.058248870570923 0.280378455828298
-76.81043252956086 29.086444834313387 322.5076980265661 -1.0010280626399632 2.834684271856148 -0.2713385918571293
-75.22841402291236 27.95193769158017 318.450574997574 -0.9958820409009608 2.8472430604182506 -0.27474404635356575
-75.11664145367624 27.67852491257654 320.6962548720122 -0.9989511634296228 2.8498264270385874 -0.27220897655888154
-74.12845469945366 27.064443577374348 318.99931175549165 1.0664436484909448 -3.054625966584548 0.2868994058688338
-73.33728540416432 26.980760651682377 320.0637051718796 -1.0131154220193808 2.866680686437048 -0.27178058368336266
-72.44361797794134 26.780956373874258 317.812943815468 1.066611029715421 -3.0394959081388153 0.3136121495120206
-71.45898811721278 26.43445109076184 315.94960428623574 -1.001407774673388 2.869172224919118 -0.2847200643910142
-71.64366832023231 26.19759747447445 317.5063417755964 1.0760986346566361 -3.0615178671489582 0.30430979778474115
-70.71280830179586 25.648065462134156 316.5921923041272 1.0789189437138267 -3.051902320374731 0.270084697319751
-70.55438676180142 25.65425620861345 317.5825192833848 -0.9972429572501368 2.857256197397518 -0.28109337211437785
-69.75134464141364 25.313859238366827 316.5727652638479 1.0693462872213715 -3.033140143662936 0.3039389821418269
-69.503882892207 24.6561749570682 317.3512292992101 1.0917184169552496 -3.040451877391318 0.27707487927213803
-68.70703713195506 23.966382270689873 316.0414391255002 1.1013195158998736 -3.0359709964836408 0.2626074044727823
-68.06754087474552 23.655346565735254 315.3151594440423 1.0922792637648735 -3.024333808894191 0.27197055071236775
-67.87559303641659 23.10542106331692 315.12714526579026 -1.0297827317846473 2.8444241438821365 -0.24894363155087001
-67.29532729498403 22.643276398935612 314.94248104092475 -1.0363461105651492 2.8504210514675394 -0.23715836561378484
-66.53175798295271 22.26945420828137 313.41560140844996 1.0993103256506045 -3.0400868990987253 0.26238214674005456
-66.16912360454266 21.86891696010448 314.1352814447706 1.1155556095755836 -3.02435611611706 0.25204899705515793
-65.79594628144577 21.8527739386671 314.1937034554104 1.098558594823819 -3.0225805612273002 0.26930675345663246
-65.71514652522305 21.570223804898355 314.90828213596234 1.1136835643340255 -3.031147192350535 0.26291039799683746
-64.98441239477006 21.087396499122825 312.4211690975248 -1.0443731945936028 2.8338252318070203 -0.23309391702885474
-64.62078840057424 21.017775916108736 313.3219867434064 -1.0633251524918068 2.854628641858881 -0.2332635665560809
-63.748739134035034 20.7998495638528 310.2708102917058 -1.0573693604783165 2.8632412311417306 -0.24506829531617613
-64.04055313125399 20.499311154121365 313.0468743078731 1.133531969545589 -3.019062456426771 0.2274796487889225
-63.33804978171038 20.156242414475795 311.5161727451258 1.1385834643050778 -3.0084029907485155 0.22389192901765134
-63.550236892300624 20.07287920642595 312.154479573015 -1.073314375809019 2.8301103098187648 -0.2248873720708356
-63.13026884202755 19.47456102138756 311.51388804223274 -1.084601363170498 2.8310888525649083 -0.20146535345998093
-62.68330218772243 19.213814416692305 311.18972619860216 1.1504989584780043 -3.014768523112999 0.21923408298071753
-62.05934704150431 18.767380093969507 308.70738872591494 -1.0750762549677277 2.84122849168632 -0.21442066270436833
-62.37241588103852 18.17693133119859 311.4288831349173 1.158661996166421 -3.019146153943009 0.20008994233615757
-62.22378044642142 17.957408848121805 312.0126493823772 1.161327308325421 -3.0218816283747527 0.22276633882865865
-62.08419801446262 17.263028073238566 312.673260135103 -1.0993312804268962 2.824075147646207 -0.1808323292998826
-61.643605342178844 17.32977725305734 312.0594599382678 1.1241281014538764 -3.0308649388208564 0.19719183869385054
-60.828446547435085 15.831902372427452 306.74060772361986 1.196880245257765 -3.061059906852258 0.17962059688740215
-60.59920201327263 15.670757293966659 310.59873305702376 -1.0962747312244794 2.806764403182058 -0.18559846198515584
-60.0483122843421 15.183848941627703 310.3905576278104 -1.1076190445522265 2.8127174139352844 -0.16510846811551344
-59.894659861820195 14.79062695787893 312.3084260293141 1.1777425731843303 -3.033981452086026 0.17045515077327175
-58.55118728200676 13.781696110579501 307.3226060913062 1.2016384839645218 -3.0565966729152705 0.1465890772564646
-58.445353599512636 13.927209775702057 309.33640529374645 1.198564761652504 -3.0435806446541473 0.17589343696497772
-58.13086315860824 13.667070385623209 310.4135432306829 1.2025802837395607 -3.0437279917178546 0.13632504819782304
-57.34762013389836 13.537779088932698 307.67646942471043 -1.1000915426671982 2.8025481866312623 -0.13352974990739216
-57.003898209315174 13.425715592970192 307.6141628511531 -1.0941191400592987 2.792911835457812 -0.09456197712530329
-57.01162667565955 13.525587058730194 309.6707066716774 1.1944822692429278 -3.0401415807909644 0.1260766433215441
-56.35972540347911 13.347751382787926 306.13613271251126 -1.1052585777638628 2.794176142341093 -0.10155967470492142
-56.79648505674569 13.615504905448441 311.1396287533407 -1.1016374773701174 2.8175479829593035 -0.10286939074256346
-56.24354204768537 13.556796911545083 307.9657005308259 1.1949045508007765 -3.058360277166962 0.10390449877869616
-55.94492655926978 13.701987522143378 307.4768901410603 -1.1041584087073566 2.774424009241402 -0.10665892793226457
-55.55201147083918 13.803736206900881 307.828547721563 -1.095374360770929 2.798060848906731 -0.10994716635615678
-55.74352193367561 13.681749132066583 309.7273739242782 -1.099435289574753 2.7903268925305493 -0.09587012210749944
-55.15036794413227 13.573013126101596 307.69506941078845 -1.0931418463292901 2.7960642485863687 -0.08139323674121421
-54.71594483571183 13.311755002835786 305.53612065932646 1.210584094364217 -3.063579963300417 0.08048941219996307
-54.438018353004814 13.473303731507166 306.0632589748963 -1.0869050901837236 2.7873331601900433 -0.08557563718936242
-53.9923867580234 13.293979703299714 306.1584775238835 -1.0991221881886206 2.7854900302570815 -0.07363616516582606
-53.716954582983924 13.137596157808467 305.9411194642767 -1.0973617065123624 2.768505676247407 -0.06348130636904573
-52.910435325787304 13.156360796613209 306.4243123354487 -1.0916817941667751 2.816950610788675 -0.043350028200889346
-52.254900234768066 12.813876389477956 301.8114591743368 -1.0992803753347002 2.773943390013847 -0.05352221474326872
-52.453579085535154 12.694501360392273 305.39946748521567 -1.093631897693664 2.7742628406237873 -0.037950877787278445
-52.372777824351935 12.497361423284927 305.8353863939626 -1.0942187712732183 2.745683078905438 -0.014114108542258705
-51.56834403835326 12.36006684607501 301.8715011868058 -1.096160436082908 2.7716705425561368 -0.025359381442139874
-51.54386620025404 12.44095532948913 302.3121843570498 -1.1124092062877269 2.747413475459758 0.017274274012042713
-51.30301403722523 12.960139685424519 303.4704192431977 -1.1112515357659556 2.734107930937862 0.025154486834943937
-50.645005103867796 13.10765196402132 301.27294496077974 -1.1180835045429858 2.719422104000163 0.06013047386184887
-49.77675389024861 13.588528610941177 298.26552970922455 1.2658632408778348 -3.112086027880087 -0.07371247556530752
-49.55248119341129 13.868219059109444 299.10868030404055 -1.1003297671684502 2.735289425973489 0.04353171116860613
-49.27409968226196 14.09318650753201 298.85543541649093 -1.1082180910178545 2.7236254040658783 0.05858312185583168
-48.89348825209783 14.202571081976629 298.9628115576506 -1.0969524016718786 2.7180962174281027 0.08029917354391261
-48.24343479792507 14.445176838106352 297.1733641439216 -1.0990485198160733 2.7312453810995465 0.076074567750327
-47.750955654834634 14.558297106405595 296.22512773123196 -1.0969542268939954 2.7265707828162786 0.08738878250361791
-47.59351201969177 14.526611622115073 297.0266735993791 -1.0978244968556563 2.715498733394453 0.10146646732766801
-46.93542290898899 14.653015381298713 296.040691253152 -1.0968270326835725 2.7280170506238823 0.10928256570648061
-46.482333721010356 14.980753438676674 294.2461493725087 -1.1155198242133706 2.7014068412816834 0.10339981917472241
-46.26076333375959 15.012079884466505 296.56911172853324 -1.0991984513016484 2.704902448268986 0.11108735119027711
-45.481942512789075 15.03638967895109 293.7103783718313 -1.1012842156858051 2.6985680075370735 0.12020943861735067
-45.384781196050945 15.186701149396628 294.34839152994846 -1.1040680020005784 2.6894881723612207 0.10672726637482244
-44.81535959078304 15.381910114795783 292.5368037998613 -1.1121281292897498 2.6896497848662726 0.11818864488761192
-44.43514959913645 15.696171336287364 292.80960582442117 -1.11042646221295 2.6807846625074383 0.15945670085010882
-44.0960270490858 16.034218975842023 293.5061254721433 -1.1164204619443765 2.6865837057860875 0.1696173542533322
-43.47658418124247 16.391255784094522 291.0850823488075 -1.1191445453297793 2.681332974798746 0.1630558479202562
-43.36078615689814 16.678337132502204 292.17223245406495 -1.1072983676818065 2.6884623500058797 0.15467385632289174
-43.22872700779212 16.751990537365597 291.4119765135147 -1.1103410018122322 2.6783283010616428 0.14978473778630674
-42.60620938719353 16.938619423947852 288.8474817019681 -1.109981304072921 2.6798906774861146 0.14705571061117984
-42.341827402937525 17.175793999255607 290.60424471022543 -1.1283735589694595 2.686688901922381 0.17462515122207486
-41.607326822793866 17.569272689927868 289.5634118184482 -1.1150829727695022 2.6816881345603014 0.14733710626840368
-41.47511210290672 18.049225141657313 292.32603573411905 -1.1285370993900818 2.6847502540154915 0.15831333199761516
-40.227891843305855 18.704762346195242 288.30136087949853 -1.137197128563072 2.6927401644921063 0.12576172160174504
-39.59420048275021 18.94905195164292 290.2125827307224 -1.1215698630926285 2.703395345349234 0.16725115937924215
-38.90167520814847 20.044043120296166 290.8089086977938 -1.1336986833293896 2.7146912267630783 0.12087855115825404
-38.10578130116783 20.467746486050387 289.20716054030083 -1.1124976133310174 2.6863024325820715 0.13570819560645164
-37.42103652749002 21.360982303909747 290.27463321076823 -1.1104266151404332 2.700325957474963 0.13721229383531006
-36.98467971852651 22.129092930826527 287.14990030948275 -1.146642454368605 2.6546429978755834 0.10914300112550443
-36.374607334126026 23.239856502657958 290.86353898633394 -1.1080202130685262 2.6976896136228063 0.11464053186049912
-36.09604002016164 23.463476328404493 287.61715352658126 -1.1406097554097763 2.619134966264096 0.1731774206757657
-34.892818761615956 25.240904573863563 288.3139633945309 -1.1256139782281718 2.696812482061812 0.13665748568959696
-34.59142754360018 25.95317424102706 287.22779188486726 1.3379571152807979 -3.110782631028824 -0.16308172924027656
-34.027848681595216 26.910158637608472 289.09983309762526 -1.145582020160856 2.6604526270380044 0.1512167018826841
-33.292906205094454 27.918160613248588 289.70786654632803 -1.1418992591251693 2.6785276502450777 0.13584865357019227
-32.68412389141704 28.38337584179361 287.7000874610247 -1.1733528467373302 2.69091654091991 0.1276969132439712
-32.173269868031916 29.234640841739218 290.3874986285296 -1.1383880596052112 2.6935562791094627 0.14846464730794448
-31.510636507630732 29.553001003463823 286.80407553983633 -1.1686337111570178 2.66606210973647 0.13603242523865072
-30.436671715193423 30.463351009192348 285.7133279092226 -1.151542878918477 2.661981438972835 0.13042325283395637
-29.908862905621515 31.05920885905943 286.32025677185374 -1.1755548988773201 2.6825387205593154 0.10528305491355379
-29.603990334967342 31.590736179164022 288.1821492740429 -1.1702900877390556 2.6805328986897035 0.12308451377559818
-28.947655573139144 31.78884390390705 286.57176249455904 -1.1672319870485164 2.6843072452246646 0.1170319762793846
-28.94871604169931 32.249285510298144 287.46381222873845 -1.1683035646853226 2.66643767842382 0.09766046948925444
-28.398403986280016 32.59773278682982 287.9002006466468 -1.1680727594519864 2.669931255364441 0.11777055168481204
-28.031524222377826 32.95121812992479 288.13049668020625 -1.172112726729196 2.6639738410680267 0.12135475452936387
-27.67922432586785 33.41387844759981 288.27846951726804 -1.1798585705062274 2.6757169518389383 0.10699481094500236
-27.09367682986781 33.723467544155795 288.16958475301726 -1.1711594793225877 2.6927099472186247 0.1133717572682069
-26.682029358901577 34.032174822646176 288.1385643937658 -1.1673119473277818 2.687554518919766 0.0898448263402068
-26.477098052435256 34.21552998582259 287.3821625872128 -1.1805747881450723 2.673274015015944 0.07241164497044737
-26.15841269435084 34.31371448770013 289.5712052465076 -1.1826466903502544 2.6874786427199218 0.08768922821130619
-25.68905189407128 34.35642115576319 288.75123920490296 -1.1758262230596888 2.6987405513079024 0.05297173709136941
-25.578167498969314 34.19825424464164 290.58281894503847 -1.1764689130411439 2.6907621244913695 0.08128970878188553
-25.49111974615892 34.162574832570634 291.5500497162821 -1.1734442302080976 2.6882835750522385 0.06731719557003422
-25.464113281832354 33.91515008459747 291.5266675955162 -1.171394177636142 2.6793942206555297 0.0642094508719647
-25.37560802347082 33.966520007996856 291.22330448369365 -1.1718888112214572 2.676204800559394 0.05086528411369654
-25.09600637547681 33.830805548690634 290.7723399890248 -1.1732799991516516 2.6808828472638546 0.06406382711396608
-25.05161995557154 34.016535284716895 290.47841512029703 -1.1808303468464838 2.6754006968526416 0.023307409874365744
-24.842466876004423 34.15244256208926 290.5116627258081 -1.1766328061371265 2.6818752773540124 0.014461058901033696
-24.724429201812015 34.473411654263565 292.00749294363067 -1.1917206086316503 2.703064999396512 0.017404441848661356
-24.58472485875927 34.70887627162139 291.92632961195403 -1.1852674913012677 2.6931725834540092 0.005498121264859502
-24.527469624354826 35.18126940434998 294.1436555921642 -1.182837574941474 2.7119236157696673 -0.008909114216536538
-24.272390646140433 35.59208132705345 294.327471932832 -1.1835139155077388 2.719046921815166 -0.032600259558132144
-23.788403136330036 35.812520387718045 292.7300185264179 -1.1732051799429104 2.715714892966992 -0.048413905646741154
-23.761445896275053 36.130013681223275 294.6733046789243 -1.1795241833375194 2.7013185239564734 -0.03176154553718675
-23.448060395984903 36.098876813020475 293.0983898210218 -1.1775975592475803 2.6957312312802317 -0.062462597130533086
-23.306425821224643 36.16424490664365 295.4309614947835 -1.1672462447583156 2.7044009443504207 -0.06615598628747227
-22.78930241379804 35.97236588403762 294.2317205322783 -1.1645272924122572 2.7173622489995353 -0.06823155800664871
-22.53890071983903 35.98145733619274 294.4798229129982 -1.1731136907413506 2.7151181482393247 -0.07687468511206479
-22.03609705841599 35.92998229734847 294.76708718616254 -1.167072060057574 2.7250361380528583 -0.08379962017515856
-21.554448400671372 35.83140364762558 292.9008877367733 -1.1685195305241134 2.727833259303015 -0.10344825791092949
-21.077907378808888 35.91743794915756 294.22804539378313 -1.1715334060474156 2.7260805044884253 -0.09308245788498959
-20.70825170257939 36.10577435887313 295.9840965457642 -1.1655396986953228 2.728749960702644 -0.08322334654917132
-20.19118098845571 36.28889022864528 295.02395205902536 -1.1827039974702038 2.7233217042040905 -0.10636616804035083
-19.667633325255956 36.52433606162115 295.4290260319936 -1.1885552930156495 2.731201811797473 -0.10891076632522935
-18.771099501636634 36.16906233317793 294.1704043209324 -1.1518478294444976 2.7400988861800726 -0.06679010735086577
-18.4974618241179 36.82138534075146 293.7688223085076 -1.1697666138028973 2.7346678489128915 -0.12646270852323088
-17.9356482932638 37.031927426540435 293.33781672680925 -1.1713237337712321 2.737879284111523 -0.11872897492979823
-17.43498895613219 37.367654449647894 294.3243228618063 -1.1730411616464071 2.7341271197654664 -0.13166796330611127
-17.09572501933102 37.67690270819734 295.49316864199284 -1.1792204048946078 2.7356234204470122 -0.12562968832234786
-16.65137414274201 37.68246023761076 293.88787044479835 -1.186666610644188 2.7331742011003057 -0.14520936210672963
-16.532038147387347 37.64805241259792 295.6793307004925 -1.1921544633911845 2.7256877354576323 -0.13114548037290416
-16.19364520873058 37.46888005410673 295.63557609421485 -1.2012447027033115 2.7403465025147637 -0.14058609907542818
-16.038525989157954 37.18067409674676 296.6648522998004 -1.2169492722637485 2.7476340701136235 -0.14192347715817147
-15.810607788868298 36.36376823496772 296.57396273798093 -1.1943775041875881 2.7311624588991483 -0.1263560117559225
-15.640944126246698 35.95476744856125 295.9396581253139 -1.2107755914650704 2.745903404574953 -0.15237989127372206
-15.394457248714316 35.345170901007705 295.0207086695621 -1.1922423814537588 2.732704024734505 -0.13958005857548925
-15.314589615934974 35.08389927597244 296.00336901188473 -1.2098556037039534 2.7426139386291286 -0.15224254977604534
-15.169794686767831 34.5997447167276 295.01555871097275 -1.200978529971141 2.743809180836312 -0.16337477699576097
-15.088330718706063 34.24033474547874 294.6128895402634 -1.198096840797694 2.7343024127883617 -0.16839375229637255
-14.799195237980124 33.738171649785166 291.846990641466 -1.2006810853349987 2.7556705419554057 -0.16973868121144567
-14.891363097325462 33.431134921225706 293.0296397793468 -1.2030037044807078 2.744062685616283 -0.18980283661016983
-14.855778931744624 32.79338477141234 291.85384031159975 -1.194447467735434 2.738984673897789 -0.18011627950677955
-14.549753978880991 32.36215010081221 291.4293457439355 -1.2136981154560649 2.7672088939624553 -0.17137103507179294
-14.499806331222532 31.914387063558692 292.15927679708494 -1.2141464352995102 2.762566272029234 -0.1849825589662946
-14.324546311670185 31.47996768326359 291.93946460036886 1.3023487579652913 -2.9922521151116364 0.22581483613571998
-14.066610901639125 30.871210267641853 290.3498848337005 -1.2044490278791125 2.7631408956194683 -0.21020986517043036
-14.016553511487254 30.58681234552438 291.72562060663614 -1.2087585715499378 2.7427150648954655 -0.2021539015910265
-13.880105569138783 30.03518673639037 289.876724631507 -1.1953166841727356 2.746019993967438 -0.17953793349830358
-14.100299239632916 29.70443957210194 290.4604377343588 -1.1969518685357208 2.7318028696395884 -0.18582619288359983
-14.18603641978609 29.157321659579733 289.98579869923424 -1.1900710290521126 2.7525464973805827 -0.2243857680428642
-14.150376694862087 28.520251216323427 291.7664999554973 -1.2051566624870227 2.754436570715547 -0.19201129096948183
-13.889450133040146 28.29928627792096 291.6197928897029 -1.201857411597684 2.7842021975413775 -0.20869187163417705
-13.702089155586918 28.008204646066623 292.0517457661941 -1.2122370784572736 2.7689641863816505 -0.2276568198868301
-13.4488012872812 27.508696420393726 292.4285507815503 -1.1972568794712537 2.7712013821232717 -0.21870165260814373
-13.130094372925136 27.14879063665803 290.55079109596903 -1.202323154974738 2.762446067370851 -0.2727571559866815
-12.790435887338834 26.912032022770447 289.5363604884863 -1.1855914983131128 2.776863848939936 -0.2584180822460103
-12.487516802197513 26.41206683096572 289.6880674069798 -1.2061574177362093 2.7726177039544395 -0.24506640324802692
-12.287321270909613 25.994864872607547 289.5174328624584 1.2926736375380299 -2.9890140513999945 0.2738246266004755
-12.080221398514826 25.773139302939008 289.8032110105628 -1.1673926785261894 2.776061779636238 -0.2682493740249722
-12.505205440572082 26.052015997727317 297.328315078208 1.2523980644817327 -3.006697124420903 0.2626892144246689
-11.920751549922835 25.026445034847605 287.9375608293801 1.274424294459227 -2.9815007920808916 0.37347519894545655
-11.859979193162049 24.87494255882042 294.20295251554785 -1.1634251591917977 2.7621384601308043 -0.27408586130217305
-11.284837009564917 23.869172725125114 290.36416881953363 -1.1768071730283782 2.781944252128915 -0.26706164329099547
-11.26933995040071 23.862316937837203 292.94403091252315 -1.1578490686413248 2.7711155019954203 -0.25473479749144984
-11.090470204521724 23.524401281889006 291.18310328852357 -1.1361133968891204 2.812197936419877 -0.30965772054221774
-10.77256433364987 22.598218214034087 287.43008362685964 -1.1507728683000313 2.7631170913374223 -0.36291042242860533
-10.556973373452216 21.599193300113146 287.55553412473006 -1.134128259735742 2.775142813446972 -0.3574257003080758
-10.151631640490196 20.656131032823886 286.90004461903504 -1.157362074732375 2.7610816550715103 -0.35392649039995067
-10.332468132061747 21.174017303074713 298.0041342989717 -1.1590434839696635 2.7741554698975377 -0.3898856652306229
-9.32106757653714 19.242552072843093 298.0041342989717 1.2259191771172826 -2.969149200116497 0.3982120930246929
-8.97069194708236 18.48781867722365 298.0041342989717 -1.1476108124494748 2.79907781683386 -0.3742790081222552
-8.81883986212063 17.53977728961989 286.7811371005622 1.207085257482975 -2.997577851296138 0.3977958073936063
-8.545188828127543 16.392919745567934 285.6722048908969 -1.131444220307449 2.7805441113912077 -0.3364160292717087
-8.202655344968262 16.186314242812028 284.6371609912648 -1.1421764135089965 2.786811688297696 -0.37964396117927546
-7.930618465478911 16.010066046709177 286.2601733423467 -1.1187450918127162 2.8059732393818235 -0.36646839403689346
-7.585009221706409 16.114301090021783 285.47229692417534 -1.1271641872790088 2.8086276525438243 -0.4092555829617819
-6.973050130475473 16.025167020671937 285.5327490082066 -1.1401993042676193 2.8246257901989456 -0.4011780417894667
-6.585929088668301 15.753365976365991 283.3008095763121 -1.1450066909246237 2.819157278479483 -0.408939067798827
-6.165083837585039 15.51745866586171 283.8033328634149 -1.1432638165037643 2.82462436124314 -0.3855814753872572
-6.195760152901339 15.401794416703135 283.68887401359126 -1.128457871490591 2.811709938226797 -0.4305718056402013
-5.550477722582258 15.083980487101448 284.5438830953377 -1.1392666295885707 2.826523344265824 -0.40530311743921893
-5.351012671525092 14.795754187765107 285.9670336835332 1.2146353791298254 -2.9555700709578123 0.442412412871194
-5.4583551591379695 14.071379844586914 283.4361617391331 1.2176414168076681 -2.997392971984582 0.46670546570128424
-4.770243522408679 13.298896282354029 284.45726594828517 1.2197545544649664 -2.9715437626347736 0.44931826486339943
-4.507287899362365 12.149835295573139 282.3165271790022 -1.1133691291617267 2.7880740868039253 -0.36721026606976537
-4.299872466984886 11.86175095288817 282.77213308021066 -1.1256760712942402 2.810388006997019 -0.4268331911087549
-4.164919131048332 10.69578809721833 280.182090887657 -1.1257655240290914 2.7907186087932985 -0.415846443576424
-4.016473589422747 10.037848994115414 278.20268649734516 -1.125622356381729 2.7961508954990966 -0.42133173920709077
-3.5375462716985946 10.198290716510474 283.59347535977935 -1.1317070161437033 2.824974304961371 -0.45085636683916147
-2.995683451332236 9.436941933511415 282.63080929254113 -1.1335143734594306 2.837980204798714 -0.43566991557614987
-2.790981674407856 8.94007971867814 285.07137179847336 1.1989406037752148 -2.9430396118935325 0.4752887037522077
-2.241213539626842 8.201328794131118 283.9270802837849 -1.1373657449993229 2.8369513243497764 -0.42440183470748183
-1.759848465567286 7.858013855182686 282.12257048817213 -1.1383713057026328 2.8366535773356323 -0.4647711401321733
-1.1436153726852514 7.203372538836824 282.99433880074315 -1.127577819856473 2.8579349633174194 -0.41478094832005685
-0.6261115151671661 7.0200710988428074 283.0558174479539 -1.1281199348764823 2.837836802564921 -0.45947208174632564
0.2661447793126065 6.825428840283202 284.0255394380441 -1.1257667442153794 2.859373517495486 -0.462063580333544
0.932006991528729 6.01184368899712 281.3523899170704 -1.127276950557476 2.798509551300392 -0.396246251176209
1.9444072118604037 6.435649916020584 284.2306518010929 -1.1341508436636845 2.8225960346800756 -0.45551145264189774
2.52107415595749 5.882852753113338 284.34404408265425 -1.1348221905742635 2.7989531767355915 -0.47812383891400856
3.3957020135385685 5.205347718729979 283.9722020830948 1.1808631674235928 -2.9239260745696405 0.5090475323060794
3.8838003850261207 4.167261226520102 282.41709022283044 -1.13810174130924 2.83180172835555 -0.46983535196952186
4.1761000831883965 3.0363667183937313 282.74028951434167 -1.1316861708179293 2.8162516297048255 -0.48096836312946506
4.711698950297567 2.066709461438588 283.0528678688298 -1.136973047761103 2.8362570137293757 -0.44630488657174167
4.940061678052238 1.446509284124411 282.25812293097647 -1.1362781429417255 2.8245299951193994 -0.49327846281390875
5.18320861097841 0.9190956330619297 281.2223697510842 -1.1241682078699897 2.8127003207102477 -0.49221955846073695
5.624469589582112 0.639436022461168 282.64367453714044 1.189942706553527 -2.95557164350362 0.5264626816140079
6.290757099053004 0.6811380936431136 280.6054706639315 -1.126032439682191 2.8114864846733933 -0.4875925340795457
6.972079942824369 0.43906594015784334 281.8006557947747 -1.1346145264251781 2.8337551870389737 -0.4672063667917942
7.052608361478184 0.6204187276510751 279.4099384083409 1.1793584441600213 -2.9422051996761267 0.5184276766251681
7.782929558324662 -0.04318130216264759 282.1626072330141 -1.1409391493602872 2.8336237737619827 -0.4627145910605976
8.125060466872874 -0.5868832040391313 283.2348608117174 -1.1350122027130705 2.8428316390674384 -0.4365894898005551
8.212388322054254 -0.9594826369124633 282.5885055614562 -1.1379505082258023 2.8280903884791315 -0.45141038941975287
8.436771780976514 -1.2508011986649583 281.1932052908968 -1.138731842195065 2.8276293153575094 -0.46058009276241874
8.43597036407459 -1.5040467189738078 279.353861608324 -1.1298140853934724 2.8130967506389624 -0.46482625038346886
8.645250961436252 -1.8527738460102587 279.2093866112602 -1.1388990015824676 2.8025082905281957 -0.4641040755350707
9.296937096790952 -2.480317753106464 281.4271948506228 -1.1456990640555467 2.825629841324946 -0.45696071773440644
9.315791051878884 -3.2428674625307967 280.3272418094313 -1.1071183858416354 2.80061333864152 -0.4614729657988335
9.910959866938033 -3.365317695982481 282.4461784716156 -1.144711356400061 2.8162739615254058 -0.4600526790009157
14.47140546564887 -9.437377894944108 304.53561634663373 -1.085952149909218 2.9080120767355915 0.21177342541097968
10.364191254700383 -6.1187373543539865 304.53561634663373 -1.0227904158692072 2.732378910026886 -0.26400468771488783
11.122382389519487 -3.090485309727395 304.53561634663373 1.1855568723935015 -2.9525072929154725 0.48851562019489914
11.207651203492555 -2.9491780017741362 279.65404730374485 -1.143718853183185 2.809438382162222 -0.47559748287733006
11.492168976028335 -3.050820049233624 277.0163482676304 -1.141860249072356 2.8275087010493314 -0.46156926894803024
11.867208990655845 -3.1338547403351873 277.23751829719004 -1.147095110285525 2.825283887961879 -0.45720447121666946
12.57834004082608 -3.418516656720937 278.9015070823328 -1.1415346550864407 2.8276460519589715 -0.4369011611508722
13.171053329909073 -3.1846233326757183 278.02998444868024 -1.1482291708643102 2.817136147186232 -0.45375664122894915
13.734819631867929 -3.199543772153238 277.2059088004899 -1.1421643986909389 2.8274276543019807 -0.4618210314175113
14.648084448866152 -3.1069522634593576 278.2410188514812 1.180938189570836 -2.924060806644784 0.47535078962515837
14.416176247709217 -3.289323533177457 273.23994388803857 -1.0981615427398335 2.796053802475185 -0.4705433651024607
15.681122934468618 -3.001887863051334 277.0589995632647 -1.140841297504833 2.8092136474158793 -0.4778737528568198
16.570320308845663 -2.943202432595115 277.1156053678039 -1.1468217171281452 2.831300546281906 -0.43497760044525663
16.57332215254146 -2.356947101352522 277.72020053547106 -1.1233555593269664 2.800406755438906 -0.47891537422556074
17.344735048261434 -2.2503339878873825 278.5169143091311 -1.1398215404607785 2.820616927028484 -0.44869153864467876
17.66889187913798 -2.1006977610353257 279.4294436205797 -1.138326370064435 2.811035690441148 -0.45646598621375895
17.889125146754328 -2.1417018398664305 275.855783583856 -1.1513231505715087 2.831818295981146 -0.44701554711108055
18.15426558019912 -2.4947009340362443 276.97964763018257 -1.14906670641096 2.8318002496697656 -0.43291961216027225
18.039673791291992 -2.735110399667492 276.43114608145436 -1.1408765207818834 2.8207910935989364 -0.44570609137378636
17.96976016022861 -2.9400418318500874 276.35008018502214 -1.1515349683624494 2.8164746129433866 -0.4589593592018616
17.89934382559948 -3.3307245736436726 276.1378538711134 -1.144111411435396 2.8265773697247143 -0.44954404205251675
18.038536157064904 -3.9893044650523475 278.7283550191287 -1.146400371630357 2.8195248132645805 -0.4273093758841051
17.756539210418513 -4.055457760753355 277.83838172771556 -1.1445307346483882 2.81839709192458 -0.4545357063587138
17.50483366363676 -4.304553947810646 277.78149058922156 -1.1398125791069866 2.817402157791284 -0.4703068482289365
17.45708296017659 -4.618515979864216 276.9777429976952 -1.138098363902932 2.8246846152401024 -0.4526325401411879
17.179673800064972 -4.591432773384331 275.08554659613367 -1.1385416450707115 2.8137524962065297 -0.46100318054268896
17.255927310988938 -4.661097234429977 276.15507226406305 -1.1371650353647667 2.8281375158178346 -0.4508548585876707
17.065627079032904 -4.57007440067242 276.0408154086489 -1.1386571208229121 2.8227390749243906 -0.4664180922244653
16.85415859964713 -4.743360196489644 275.7911081325311 -1.1368058057154167 2.825588199397785 -0.4599425872638777
16.649425895271136 -4.78362759066063 275.06587463868607 -1.1347897160975184 2.822907676675375 -0.45381801139316547
16.619848738670523 -4.830186349814196 275.40757711688326 -1.1289907223484983 2.8312256046522246 -0.4420335210416315
16.534521595053373 -4.6977315271272095 275.2679226575908 -1.1373630860009092 2.8259791996760883 -0.4352742703010397
16.638079282834017 -4.603591818361116 274.28968092904785 -1.1351653046286176 2.832755527322829 -0.42757572003214617
16.67488176719651 -4.380043590338666 274.3417646311825 -1.1406681393135825 2.8231777163625464 -0.4462531226756645
16.92387288009514 -4.374808220903419 275.0028599416262 -1.1435346718098414 2.8207659313808278 -0.44634662086259996
17.117436868819485 -4.509061354687686 275.58345221842774 -1.139239167196352 2.8292614567862633 -0.436476331174121
17.45875945450774 -5.103147625075643 276.8820045359968 -1.1388125180496702 2.8330685820706556 -0.40269294384438586
17.23787800594872 -5.366474300840317 277.15177533527867 1.185273746887257 -2.947606991704451 0.4784044768562806
17.541202111545378 -5.86245378815293 278.2172148211406 -1.142762830334536 2.8067385687284325 -0.44015894696847735
