-129.6135698427766 12.123808158939035 313.586009024439 -0.8878602888482979 2.1571939387131636 -0.25991434776947187
-125.47406894313448 15.658023640090542 334.26485277924644 -1.1588702169172054 2.8968722626372356 -0.16630646749075442
-122.94910165912405 15.329114278748602 329.6302878694395 1.1844884274813812 -2.9836368050054523 0.1545075373451024
-123.22386316959019 16.397989428463976 332.86463807098545 -1.1375589964155237 2.884460188783229 -0.1701067362874663
-115.43322677437395 15.249257858632454 332.86463807098545 -1.106190852311914 2.7658567036317443 -0.14268305584251972
-121.49726422729864 16.726052201239607 326.1282787978716 1.1812454088177446 -2.9933410114884755 0.16223797835005233
-122.55893595210824 17.537856388416138 329.34869179376756 1.1665474161968352 -2.939108040345598 0.1471041769716305
-120.76118750391257 17.365688907339607 322.45495989462745 1.2050524276649612 -2.9718816239905257 0.12023735196184875
-121.4881195770007 18.105668416445784 324.5327150753762 -1.1441661134383803 2.8714833622927483 -0.14505466359128036
-122.17671589134498 18.83734183841789 327.8747842643065 -1.1344714601697008 2.8984856915393684 -0.17825924197191434
-123.04070687016508 18.600261191896806 331.2124906732631 -1.1520843670493846 2.842271018876407 -0.12331618123556845
-107.92485560191784 14.304072127207498 331.2124906732631 1.0992482775012673 -2.829752122394283 -0.2976832398535099
-119.2229127182315 20.238303660393523 325.22266825603856 -1.0845425327851983 2.8935629214031273 -0.2738589035045618
-106.72387253640555 16.269685485481904 303.9970954116482 -1.1364563121469153 2.982325206073164 0.2309398886430496
-118.07945494091773 24.979334859799103 327.1167075179364 1.097683188895894 -2.9818427559537777 0.6690836447430545
-116.30435610337399 21.19204751286367 333.24085187162643 -1.1806249271459341 2.8815680762839078 -0.11536709904946127
-115.60628489828962 21.646354940579013 332.3276286974935 -1.1349317208549738 2.869575887773132 -0.19554559400102092
-115.1745237806305 21.294291130309542 332.90224375211204 1.1617855068384464 -2.962139123237857 0.1642288997074059
-114.61375535906014 20.764669623819657 332.79688191186676 1.2241406635791285 -2.952464436480082 0.12918019055303398
-104.70307826132462 20.96556571972994 332.79688191186676 -1.204979010953875 3.0445913108621414 0.0006561063498437026
-104.29981619629594 21.093696357039967 332.79688191186676 -1.2635281899186208 3.0179105699280506 0.13893712160735378
-111.96354037340566 24.29260541466983 325.28851086814694 1.2254612731467365 -2.968511487149364 0.16201270554382288
-110.68596564552477 24.376618479488403 321.1044941274122 1.2450993886705632 -2.9886405531171953 0.13890229127632758
-100.89594963989312 23.874197425554804 321.1044941274122 1.084351707778899 -2.768210874382242 -0.05319958619864919
-110.51922914817702 27.516434807060627 325.8601889440065 -1.1907965238905451 2.817413627642285 -0.12132834110069372
-110.63080011930558 28.30751547022864 327.1817933581465 1.2115774319174157 -2.9522701488381053 0.13163220833920403
-111.1731973444187 28.615873097573175 329.5118331430242 1.2397784107172278 -2.9487050603919993 0.11775772054078149
-109.47043570782428 29.289202581767746 324.1314222507929 1.22208627728652 -2.98825941916997 0.15010737340302266
-109.26541214786192 29.76886722364608 325.121045814088 1.2847433716643457 -2.9725961293902783 0.1591794407363758
-100.18876927603858 31.200567946616676 325.121045814088 -1.1648667109726107 3.1168052732394624 -0.15466932424616547
-95.6655701968848 27.48140574228625 300.18537370505794 1.099695630931999 -2.802107977647064 -0.1959476431922788
-103.76848695208 31.28780635415672 317.2503205177624 -1.1743199232487842 2.8260100240920885 -0.04450613480791712
-104.36079388886893 34.348169406253426 323.9191380870871 -1.1860117927064777 2.8575025228923003 -0.12055660310218233
-110.07127316915363 31.4265788311431 317.0858975890579 -1.0674868337954042 2.1723139321047715 -0.1591687948433932
-107.91327708490017 33.410904780029476 328.3265285567628 1.4564142557357016 -3.2722600053095157 0.1080334630873446
-103.38259606815703 37.52062026905321 331.26822602497805 -1.1991768634125275 2.8499747463619673 -0.2727876799117207
-103.44725630564476 37.973964394376544 332.16371851780974 1.2472252012764897 -2.940800804357472 0.2629704362347793
-103.00287847104539 39.440968702403616 332.85049910950386 -1.1355561382679988 2.8674193771196603 -0.31415778822367063
-101.25674341370294 39.350596484384546 328.72465584597455 1.1938331401294995 -2.943547631653111 0.30073284959168023
-101.25718541766375 31.052726553157207 328.72465584597455 -1.047397609597967 2.233430038419195 -0.008543541665059464
-100.18595805459367 39.83953910308012 329.3844254146949 -1.1514589266623512 2.8193284386820348 -0.38353029933572724
-100.13895744938175 40.228447557490824 330.80579255399863 1.2136428581380727 -2.959734155096972 0.3613282437654456
-99.74507320074697 40.900798676047025 329.885252663416 1.2002039459364888 -2.966888124748542 0.4083101769493725
-98.73700624844665 41.29850273053254 327.65548327938893 -1.1083703278631378 2.8285358446417135 -0.4093676285915662
-99.47874565103847 41.74580090418158 333.08761236904246 1.1872796700008792 -2.9776786743442645 0.3601987447430228
-98.10461960783901 42.92593422569347 330.9090300150684 -1.0916788631519347 2.85517856263911 -0.5310541606174252
-98.90286260589446 42.38102183900384 334.3872520472232 -1.099513372635666 2.818204805397085 -0.4625307112947472
-97.5166400596288 41.87719296362482 331.0481372862478 1.1472708148489947 -2.9697929299579156 0.4846899849222455
-97.21968190757347 42.22426957711302 331.03826990211854 1.1490766954145755 -2.97676656806286 0.4806146725915059
-96.65906351834687 43.18296772968837 330.350332289734 -1.0774818568032063 2.85324150323247 -0.516981748827265
-96.3567580192928 43.24658774112967 328.98070988834417 -1.0542768894452403 2.834828965868262 -0.5135817467681684
-95.4195306147076 43.05712877320485 327.794926681413 -1.058468312763177 2.861523118281413 -0.5029479716632234
-95.85060622567477 42.5131854014569 329.12792439793293 1.1817399813572094 -2.978000029479151 0.4495401196824295
-95.07244259218385 42.242125910378526 327.156334120393 1.1410056167137923 -2.9926269421767455 0.44927568828528996
-94.91320502965355 42.77867166597875 328.1770330349718 -1.0600036495925433 2.8582305125920646 -0.5247835021671472
-94.27706365414126 41.86523737962374 327.28023950621014 1.090004325898117 -2.9487709453717197 0.5153893114646853
-95.03856689764794 41.22825570599556 330.10664041492186 1.0997906331019027 -2.9597754320306655 0.49999750436054075
-99.74220322781154 34.83513581097683 324.7839728468866 -0.9447895314619915 2.3859295555928735 -0.1994639369710071
-96.4730198037572 39.80312486380172 334.62430603389106 1.0753630935083989 -2.9477922645221484 0.5351163425526765
-97.3667179699164 38.59949588015226 337.9100472621145 1.1196531999207646 -2.9598577875870262 0.45097034812742376
-94.77668538112816 37.294075465510815 337.9100472621145 -1.0283610040745255 2.886182597335512 -0.5269828688574166
-95.41795609416678 36.54150070284172 330.2768545129756 -1.023090851648229 2.873256640371595 -0.530697280254804
-95.39374847212925 35.35163000944826 329.24828329295116 1.0771986061638412 -3.0031035240517006 0.4998204826656344
-93.73790150629364 34.49259587906478 325.4057371437148 1.1022656747073092 -2.990733137138735 0.4617032782085976
-93.61044708311105 34.72456441402491 325.7242733513284 1.0936153691723387 -2.9987855016375287 0.4969878377836261
-93.53389178033925 34.47395252143899 327.0863600377037 1.0952157586392577 -2.9959212794533228 0.47218570758596784
-93.80528817482012 34.550256546992294 327.8838133641705 1.0879185257272155 -3.0033916038665995 0.5210668826511138
-94.80921090038004 34.761896935087975 335.4832433507461 1.0909303116879843 -2.9633366392278084 0.46178607186658854
-93.11060559591043 33.873396279854624 335.4832433507461 1.0734883479470607 -2.992337062032986 0.5290517226430734
-92.46587353870349 33.029567098211764 335.4832433507461 1.0955695369784653 -2.9905965108949015 0.4879804156713151
-92.9502406312465 33.31242732448195 331.1435030343109 -1.0222835747130625 2.8513461741684862 -0.5120380184480651
-92.42385027182225 32.6280677825208 330.1703821297795 -1.029629134240172 2.833831536916501 -0.5160233094179791
-91.34716860532943 31.561416166293057 326.94531083599793 1.0789861813417376 -3.0098667635037857 0.5041203434223827
-91.40651707256526 31.821207034082434 331.8343246057611 1.0126400796359396 -2.923843439388218 0.5139478134427544
-90.92623295309451 30.81203817687988 327.6912268650534 1.0529140422289003 -2.971160164058049 0.559669572411116
-90.76558982639267 30.206303624703917 327.8117033827906 1.049661188581203 -2.988579302568951 0.534278116636881
-89.88800931071232 29.145251089343027 327.08536004089393 -1.0204804710421194 2.8613793100392724 -0.48654620771540225
-90.38100585547019 28.978663804019867 330.2461785476872 1.029072985326005 -2.9901593123577643 0.5343354759335435
-88.3958108027632 27.830843193438426 326.25820620056356 1.0530882319156973 -2.9935143202999837 0.4922989000903544
-91.47903588332962 20.03971439587436 321.4234099936643 -0.9216252674812528 2.4065992938702214 0.03525220762081909
-87.66188076714437 26.94749434996698 327.7635502488905 -0.9818072741281465 2.8617064111343344 -0.49758007626353207
-86.32151979645329 25.501108446048654 325.19550993277 1.0610182887683977 -3.015794625912262 0.48625244558194197
-86.29199609932628 24.93084982475798 327.4673850804197 1.0414668373773315 -2.999283191856965 0.506678547130839
-89.01596368482771 16.357609772073662 324.48334330732615 -0.9277379318196145 2.477920914440789 0.09317572959301325
-84.84200722809366 22.55540958070679 329.6577218783542 -1.0199670095412277 2.957669677058142 -0.4595821738286183
-88.99850995704395 14.491115384109118 321.6486237924172 -0.8953805252707248 2.4045600749690936 0.016423597071295013
-84.42097504917352 20.20267492207826 326.7513523568941 -1.0174754843613352 2.8936020963086233 -0.45122864908977567
-87.3928125290006 13.122318146435644 319.7652016072333 -0.9523872482210602 2.443120442430073 -0.03725592603481599
-82.67075303032661 17.53583748380414 321.30797502211357 -1.0298766607942451 2.845696859480161 -0.39142968696009567
-82.63741176131778 16.931349176207107 323.7029991193212 -1.0632590821263554 2.8763653546197823 -0.40734564887297114
-82.62072994278009 16.152513877786355 324.96652796784184 -1.0572543401678967 2.8815296054771866 -0.3917658785358463
-81.44886823968652 14.931782282625297 319.4897288174693 1.1119748422300428 -3.0118454336056053 0.38166507871440614
-80.91342375527566 13.945438010575373 320.51733338296106 -1.073177736827048 2.8509030690374724 -0.3259921910302613
-80.59797081167015 13.291976207014114 320.5483604834476 1.1155174443474782 -2.986843747129348 0.33792415297218753
-80.21577936957621 12.593086149215857 319.92244229381384 1.118606284994612 -2.9951000331521347 0.36130532902210694
-79.33346008035856 11.406205112775567 317.64846995685485 1.1346714482846787 -3.01284078679869 0.33250765097376767
-79.93819475960909 11.118244396693933 321.2244321036437 -1.0468449567897082 2.8673447770722893 -0.3604772101461066
-79.09232394850115 10.193758058870403 319.6648444424916 1.1191920670099254 -2.9676812164753557 0.3790622365012547
-78.19619927700116 8.950855294506173 316.38436123300954 1.1290483357282035 -3.008871822425086 0.3340176544988428
-78.14766372925793 8.369168845039964 318.9199148330353 1.1327456457932916 -2.985873214949896 0.3300947137262646
-77.6967281307226 7.621134230258932 316.5130751836882 -1.069522085893275 2.8398312927423635 -0.32499310202072784
-76.9670013586456 6.908082584717877 313.95972455957775 1.1178220574612328 -3.031769255963816 0.26836169510539043
-76.5059927936603 6.633763857008072 313.3283613506928 -1.0531458480394356 2.835895052342551 -0.24694415073606593
-76.62367383966598 6.8431750555309785 315.57286482699425 -1.0624278401262508 2.8336036981656076 -0.25536283319951814
-75.7517389168057 6.498133476335684 313.8211435218014 -1.060616267681749 2.828709045295978 -0.22491999468786084
-75.15152670330795 6.557997975854449 312.3371929483433 -1.0492220083876684 2.8283124879076773 -0.23683281827190203
-74.6621248969933 6.5704528192987 312.0442208817224 -1.0511558911444132 2.835552767333863 -0.2219223416748162
-73.0781572816409 6.26660592341584 306.386980140902 1.1445825639441571 -3.067952299134812 0.19228928458854516
-73.94867930682713 6.796484563211748 310.58604761807163 -1.049387015189308 2.8137943278429796 -0.1953871997403933
-72.54550458172369 6.8006237135455745 310.58604761807163 -1.0326387941533248 2.801723975155767 -0.2359688230393424
-73.3181082709324 6.401739478009173 310.10309098024663 -1.0579199113180897 2.794524164620533 -0.13881696504749366
-73.88918219691632 6.650280434674071 313.72069301876815 -1.0487281540633435 2.8028945217157966 -0.09837736636937199
-74.09228416627907 6.794958917322089 312.0050393977994 -0.9505199665643309 2.8122470510633693 -0.07648137847045351
-72.59878470992341 6.841008922306592 309.61547658160987 -1.035036582442354 2.7943590884767056 -0.14689037594586316
-71.58413146097138 6.325984480471179 306.1575891546696 -1.033310939056093 2.8055316045531824 -0.1329955613567959
-72.30667807463297 6.3908405734985445 311.48998403436605 -1.0375499897098104 2.8123416450010925 -0.10648213610444454
-72.25517070382467 5.986444911676914 310.69808091037623 -1.044364180353362 2.7794772433991892 -0.06935500533478857
-71.93174326172057 6.139203862423326 307.49630645257594 1.1496434090307739 -3.09058664459319 0.17562004708378487
-72.58817877824684 5.6515674772978475 311.51426974479307 1.148539633513818 -3.108958890456048 0.11234698459939749
-71.63367605928103 5.567310430272048 307.8728275411185 -1.0434457610756434 2.7860452381103955 -0.12190226465331115
-71.5846421626887 5.789762449151097 307.391521933166 -1.029859553732243 2.7765631899845937 -0.14850754350416576
-71.14849632748471 5.477598077187979 305.9914405312068 -1.0524448792405603 2.7660750255699154 -0.09849338833644945
-73.37403802824092 5.745704153144959 314.2193835049387 1.1020270774618124 -3.1588303803924163 0.016318998620401703
-71.67886334047783 5.807090751087189 309.92920707340426 -1.048540640213677 2.7733743732215514 -0.10649537222419259
-71.48923131469414 6.022168730896992 312.24097472429827 -1.040002320852824 2.793645115165418 -0.06706632048949362
-70.49988749227911 5.879161079640477 310.86070702759133 -1.057982028340584 2.8039425284410866 -0.03328622274427784
-70.10308683305635 5.706087421767694 311.23545953533466 -1.0637457847324019 2.7999146297292947 -0.023224504860393094
-69.71828306574245 5.6894788460454535 311.71119750146465 -1.0642046202123416 2.790750891735451 -0.01096279714122356
-69.01466683087716 5.861798348731647 311.5013417260014 1.1638877961635004 -3.0665286725380954 -0.0007575909545863681
-68.34838176693516 6.059184319353359 313.09923649030253 -1.0637966511959884 2.823210874590473 -0.004559520495395546
-67.01590906997967 6.448662525998868 308.47398489829754 -1.0595831002729816 2.7751105579744997 0.03989728137281118
-66.60874026065349 6.769404008990955 309.4162336655321 -1.0660418048794562 2.7789699564885018 0.042262210140312645
-66.07636554184177 6.956463220730745 308.43787793297366 -1.0862360730781329 2.7737577037445766 0.04922168918881262
-65.53299796750736 7.169796834633805 308.12069550897314 -1.076175644701598 2.7790140162644237 0.04139442627494295
-65.35517555014043 7.24999858665912 309.3924804030401 -1.0864498505935358 2.7865223476428604 0.06500966507542029
-64.71380384385432 7.556311317103465 308.6764382294825 -1.0826799805990712 2.799052116740536 0.048771064420656714
-64.22075174871887 7.725528177468423 306.86302544986506 -1.0827549504640506 2.776743711540576 0.05165400723387074
-63.74311723034295 8.114040531518933 306.18679572602963 -1.0808519053568335 2.7728872491038294 0.05190718475464606
-63.25454682191821 8.554047304357278 305.55432330674836 -1.0923862138825395 2.765573023308417 0.055636945587067665
-63.057674749592465 8.955378209351908 307.3479864831142 -1.0819991323422853 2.7767607825900558 0.08947812102253346
-62.38979767162823 9.427934638017597 304.70577277643554 1.2078812803648724 -3.0685164334957107 -0.11310911227188852
-61.75207577009543 10.01221692063791 301.2789615305475 -1.089374185774929 2.7660087383206573 0.09131187552597414
-60.55032270837439 10.528932266305379 294.76826655563457 -1.075289716974317 2.723524966124512 0.10386383218392774
-61.35824947140385 11.24401304223094 302.0058292706791 -1.0800502825390752 2.761109283143459 0.09398593764161481
-61.24776516857215 11.625526421062926 305.54336569901756 -1.0741812508078963 2.7808878921083044 0.13231387773443828
-60.0764929257218 11.920912461994904 299.1441666424695 -1.0906158306438614 2.7509017242970306 0.12909927702897558
-59.70507791264534 12.30072367165321 299.6720785159146 -1.0917579876317387 2.7514690805810136 0.11352395081739838
-58.7699308777251 12.460274075775652 295.4769675429346 -1.0839836037500319 2.7104480344985085 0.1597682256775579
-58.8126201109123 13.056028792751682 299.20654256369465 -1.0826535117863716 2.734242507347863 0.1433748046548027
-58.202651512956024 13.109914180714197 298.3474220922858 -1.0990753544869205 2.7428078020536 0.1526786965064982
-57.92391561835327 13.571953216139832 298.13482745515523 -1.0836381442610976 2.7165141999342874 0.15554254026586764
-57.19101847338426 13.922638964872629 298.0960570958832 -1.101617608702547 2.7516606366969603 0.1633542510402604
-57.083388301839015 14.25164933741451 299.78567845933503 -1.0940549089945761 2.735765012151778 0.1665454850198602
-56.51288206063656 14.583178835339085 299.151265931074 -1.0984018528659292 2.740588008751449 0.16270917836451199
-56.1260799625196 14.835764298705968 298.1488734147621 -1.1058487879818668 2.748055318392353 0.15641790999609384
-55.96934639323671 15.359119684326346 297.7295167489277 1.2496154003987034 -3.086024784210644 -0.18049952581274453
-55.952223757853965 16.206177051177278 300.10227611397494 1.2414101483163418 -3.09684430282425 -0.21708074193802143
-55.49016290190261 17.5546880339004 299.1690676126422 -1.0716933790181695 2.7342010880496237 0.13359951356136732
-54.79670400618117 18.601020863527538 297.47327626449805 -1.0833596403035275 2.7231053169260107 0.1507838471001143
-54.36816422330195 19.762080580455244 298.9841973367708 -1.1203715398962293 2.7510601037969984 0.13239813130049438
-55.03828100007343 20.722682990930736 307.0498359061504 -1.1363924939215604 2.7149233738192575 0.18953959891794875
-52.570855085286254 21.496849411392617 307.0498359061504 -1.1322922228685308 2.7372984534391573 0.13112606432911103
-53.561622034717956 22.46090898791074 306.5514983949287 -1.1083316718123417 2.6739288063828 0.1977072352350071
-51.26339085350031 23.27144735562871 298.5080803001639 -1.133109709434319 2.727449594692329 0.16509431489557114
-49.734350847713706 24.022690564581712 293.91151182889035 1.272709884510485 -3.052189682406259 -0.15661485116748242
-49.64767841711922 24.854510583810285 298.44650658713863 -1.1351083959997024 2.7391023524369507 0.1428249082091363
-48.74412537571642 25.5811290462337 296.23957179694963 -1.1499762170806425 2.7312953556484167 0.12593792857019825
-48.153757507313415 26.241743011867808 296.60029625691345 -1.1436555248296558 2.7345045077468733 0.11013102853753445
-47.76378114661931 26.96998354211596 299.8993698537467 -1.163683177360501 2.7492598962575148 0.13090480601548365
-46.72285240876011 27.730045344789765 299.6842380204484 -1.1472511939577523 2.7812577762341495 0.12319623070082092
-46.253558486189 28.138501472505872 298.656495885974 -1.1591003925791648 2.739721607021274 0.10796737127041896
-44.985906544947156 28.0715818599014 298.656495885974 1.300020578594749 -3.0612492375345344 -0.10739580688718814
-45.15562723392669 28.9929022002028 297.71411459570885 -1.1563882674441 2.7373132080070612 0.07543486454065965
-44.539760815280566 29.099512587434894 297.11553802624775 -1.1558854184831269 2.7421945802332433 0.08786300395021236
-44.425271953387345 29.22163786839502 298.5972611351926 -1.1696718612755452 2.7446599266359226 0.0857623717625865
-44.10381503986214 29.900133817470742 302.6363715849656 -1.153332838097614 2.7625235547315405 0.11474304518055531
-43.63605648373087 30.242088341991217 299.5191582297595 -1.1564349095001292 2.740939206443621 0.08690340784242886
-43.028330980268514 30.42922903521343 299.02844385678276 -1.1542260285798658 2.74689657392051 0.06761357702506705
-42.97284070697032 31.74980631514325 302.8646421039278 -1.145333798343671 2.7640886324371334 0.05024851717784735
-42.09499119666282 31.619167263073376 299.6323820542762 -1.1834698357142355 2.76274146084215 0.04547742560177498
-42.14509579721146 32.05466839494695 302.35407580758385 -1.1804063871696269 2.753166979077163 0.03307180280017703
-41.33251209283713 32.153480622221785 300.36616838159216 -1.1902951334254057 2.766495813304415 0.026551063418176514
-41.041295305069134 32.34245888558502 301.71579384711106 1.2898275918842186 -3.0126825921553873 -0.03780838774393967
-40.81836675922424 32.755601728200126 303.7784400118049 -1.1800624139933322 2.757097724087717 0.027710254909173605
-40.09116405547806 33.41048805453588 303.4292634550484 1.2740633000855281 -3.0221911510359174 -0.022500059725385532
-39.40476341904145 34.02232176298023 302.93019855994646 -1.1549755243799797 2.7964207611260963 -0.02881737166318112
-39.24390405644739 34.59845683203079 303.76221379112064 -1.1575227009014435 2.7766514318719406 -0.019447320747783957
-38.55585717681637 34.307410628923115 299.98354380503497 -1.1790991821572578 2.7669733075206158 -0.008060509772202852
-37.952036775681535 33.978623594897336 297.70540599304275 -1.1762662940678863 2.7736468049147267 0.006652290161340907
-38.29862375479359 33.98223443535228 301.090011564646 -1.1669613538022194 2.783009590551766 -0.0070337272218806025
-38.18675539229636 33.77616246219684 300.85601497719995 -1.1840390771866416 2.796122060282266 -0.024474902166780096
-38.01919555382715 33.387059389589815 301.0078430818809 -1.1656134036692212 2.786021432036583 -0.008602474881117282
-37.78808834599247 33.40796184928029 302.1866431251745 -1.1727954479913947 2.788484296082523 -0.019573017685321104
-37.13393695486506 33.46915429069928 301.3118494600875 -1.177003026650459 2.7823970832824636 -0.023464786730806125
-36.31156797444918 34.05703443570769 302.84725349895433 -1.144678223881265 2.8268399806151905 -0.08224452543738682
-35.938854628769214 33.30929992846617 300.5878176281893 1.2739040828227342 -2.991922851663175 0.03381428710222827
-35.586661903069825 32.991615573883784 301.5322055912375 1.2642498191888953 -2.9972532492455013 0.04185938660202897
-35.99334703263396 33.083922750942634 306.52328029413263 -1.125616865618456 2.768796142070458 -0.06181121834635347
-35.88040972052081 31.622309669146127 302.75976654645615 1.2629801004238466 -3.02846256840732 0.12595881202321685
-35.51221988195387 30.975232830961126 299.96076997955396 -1.0914909649384315 2.7990844241360366 -0.00586805931694337
-35.94372931646361 30.610662566505212 304.5908336747119 1.229138559519267 -3.006427405345965 0.15976700694962337
-35.87136597186524 30.41345256906354 305.85709437926704 -1.1330198775920757 2.8301209916657855 -0.13025835308469463
-35.91590025509685 30.059360634957198 304.8587469631442 1.2355883209064547 -3.006078274943792 0.1507125972430834
-35.02007159481043 30.095979740788685 301.3721496724452 -1.1421941039052328 2.8330953089375583 -0.17436841859991525
-35.2082286404534 30.52520632963838 307.3769714833006 -1.1294749739196543 2.8104013046907905 -0.14694710350979004
-34.545339737116734 30.3122555567654 302.12873842025584 -1.138205605186006 2.8087885289420336 -0.18149243912822333
-33.741320959972505 30.23954846311686 299.99288486827777 -1.1376333342073495 2.8191775365665377 -0.1740001895004996
-33.41499095971023 30.437294770353475 298.9516991591296 -1.1341448901661526 2.8195238165846197 -0.1873371315914302
-33.38453430294111 30.352232141111593 300.8149721740759 1.226630941406685 -3.001628288684039 0.16530413131967214
-33.40614503100773 30.734027111524572 303.51855864254475 -1.1434245696471523 2.811380084837641 -0.15611100014167814
-33.144152352007325 30.973546670675564 303.2865841230314 -1.125956417481466 2.8088202588863567 -0.17505542639687974
-32.544606186129734 30.96872167723182 300.8642765793851 -1.1356127728441596 2.8039047716406325 -0.16243060365465478
-31.95718781465035 32.40844739477823 301.857428750132 -1.1036842621798322 2.831965056192658 -0.26960620832904725
-31.212499752972565 32.416240449712184 303.68555284489275 -1.1211514512306473 2.8316945903695534 -0.19157651323239883
-30.681082736928385 32.631081175759775 301.6519414780648 1.202818750297937 -3.0076810966518877 0.22183644374347897
-30.02848604658294 32.918487216611794 300.83383431415484 1.205617719885622 -2.9989333028417366 0.2128223103530109
-29.65313007393367 33.237050466744634 301.14412540823866 -1.1259672467291046 2.821601725561085 -0.1966267293090047
-29.064150817540657 33.49076282708117 301.0919839722991 -1.1334252391694595 2.827958963200693 -0.20190779747018894
-28.795521864591688 33.567480446643344 300.44657900314223 -1.1294682231681943 2.8266836452217228 -0.2141202407676358
-28.322695633008475 33.721173895000085 300.0344608379467 -1.1313029197790196 2.83025599932339 -0.218548564247779
-27.765580002626567 34.00185881500241 300.43804933850146 -1.1165224578187902 2.8549640781772596 -0.24746521286604226
-27.81206434054419 34.08315175102177 302.31368498150374 1.202660483514649 -2.9920596250911107 0.2546254274573469
-27.44433943423034 34.00022117111748 300.87844480810156 -1.121831200382873 2.8300368131583595 -0.2477976514830084
-27.15157442069892 34.150838575248564 301.60326198355574 1.1727097753120461 -2.986262511089226 0.2778897692040497
-26.75295760651143 33.73520251050749 301.2410198933038 -1.1311550669434003 2.814684045277614 -0.25498892957013186
-26.192690932507855 33.59577389743577 302.4821455199351 1.1899937813027357 -2.982184783073311 0.23689840421834227
-25.745521072918038 33.282264828132874 302.8256198792638 1.194688446872717 -2.982383283820452 0.23878410164604005
-25.526979771507094 32.97266152467371 301.21588327538325 -1.1106448722732936 2.819296850187193 -0.2774615617339738
-24.757221150675523 32.7131952297838 304.0704088877369 1.184901949416158 -2.9817178734909575 0.266911091118509
-24.016956403099865 32.21440164288746 303.6765850036378 1.1969490832789202 -2.9826704304443186 0.25240347658523415
-21.196202652606505 33.928256350758076 301.7271606324834 -1.1331097163898978 3.0386407385669667 -0.4381782799819692
-22.844069644962744 31.911107979905985 303.6475605302219 1.170283682510674 -2.9925904476399903 0.3134295020588041
-21.964623933993654 31.037191837733378 303.3198230837328 -1.135034201795204 2.8564871687727478 -0.2885740117823931
-21.70589441060944 30.1454308172086 301.2443096530058 1.2055087807948843 -2.982377812496016 0.3338784514772156
-23.601488589748072 28.51129555584439 294.63980746492865 -1.059185196881701 2.6415560393496413 -0.384654819907639
-21.08730236996622 29.469344319468902 302.8187920851607 -1.131881229440955 2.844893241333078 -0.3411400141684844
-20.663753680766842 28.41781727931903 299.2105618312154 1.1716339345331293 -2.965672761354008 0.3506911976318731
-20.2610748133439 28.163063887896296 298.7965155180933 -1.1247023419378226 2.8612450238221627 -0.32525606719446454
-20.07537868592692 28.1785077975543 299.8291606830854 -1.1052436258661917 2.8621077462214832 -0.3493187120361425
-19.361650360068438 26.676320776139967 294.03809803417835 1.2015310318185135 -2.9781922470037787 0.3167822764185426
-19.01945109467636 26.923300847244903 298.07093968845817 1.1719597716767862 -2.9694923096534453 0.3708877616761093
-18.82328538832092 25.53879680693361 293.4078249226532 -1.0934312470694507 2.8072349627451008 -0.3225975887152151
-18.115155792449045 25.918170432395208 298.1450205289935 -1.1216116737555935 2.8585556156041547 -0.3754496633232537
-17.765949420935417 25.596548774498043 300.2023564302254 1.1485848938140732 -2.9522141755104934 0.39628776546951056
-17.06371946057594 24.48397200125601 297.4937205009379 1.176329154819485 -2.955872892512586 0.3794083738951107
-16.79843525981371 24.485950167458586 299.5562707491816 -1.115424107972935 2.8499062765907714 -0.395332648732653
-16.2411290041397 23.668471815611603 299.07619324626705 -1.111174945493556 2.8537314173316184 -0.3785057614349762
-15.63930081536462 23.20841332499181 300.1445410469612 1.1713010932349004 -2.9606192638267927 0.3818920090770865
-15.366059714771648 22.329334698108056 297.56799806954257 1.1552375431896353 -2.9765448705164257 0.39069008915834547
-14.791931155342596 22.1821645492062 299.5958232387542 -1.097792754475894 2.889928664759442 -0.37444203329069525
-14.390199827466716 21.8421149592832 299.63789655953 1.1407955695977647 -2.942882554357208 0.3793723204497458
-14.252147292808495 21.133398418185823 299.17837044310966 1.1468123752138366 -2.9831315409890955 0.38130504407485527
-13.495584361893837 20.581101036795552 298.48694128870284 1.1450675319080623 -2.965012131118287 0.3917339143406555
-14.241683095844165 13.962062978434595 291.5447993952426 -1.0489064485177955 2.631348495735502 0.08777079155991797
-12.578237683265996 18.99673849129146 300.8670286022925 1.1193792102960454 -2.9409052633848876 0.41846136454320737
-12.307065269990092 17.14973607566681 296.2090535255505 -1.053790741246181 2.8491859479836315 -0.3684251533808469
-12.318038036498088 16.833840992767527 302.73788193579526 1.1343407732325161 -3.013790934587218 0.4510445923638577
-11.0834002114987 16.352969522589866 304.10059744133866 1.1448045073327329 -2.943365413969925 0.4465588280252174
-10.58762749461003 14.96360219121767 304.10059744133866 1.1242942368710929 -2.991952868322333 0.45872403844867143
-9.712003795261738 14.361361419633992 299.5121967288344 1.1523471326583872 -2.9593351534431305 0.3994984202733799
-9.424339950073056 13.669994724155659 298.4357790191511 1.1418955702920743 -2.967013729164289 0.4145901385623103
-9.122416779153061 13.172535645491086 299.62817528222604 -1.073028223108414 2.867659887680809 -0.37407592434228665
-8.494408296850935 12.383809261113187 295.8398656410746 -1.079486834843602 2.858430224337985 -0.33965076939888006
-7.92866233116505 12.01861813019798 293.4601463280714 -1.0917414149621765 2.874653408370773 -0.33033655422972735
-7.557057477072736 11.809293950617421 294.3943022579833 -1.0940937155084725 2.868424455439008 -0.32305804986431624
-7.22250563762757 11.770697872141051 296.3253338193302 -1.0893450922706047 2.8670068111356324 -0.29190075196341275
-6.6177265124133084 11.031694431645088 293.5150411697492 1.1496284705312705 -2.964551509533979 0.30064808505331897
-6.473938086326923 10.475700915427998 292.3852574671267 -1.1012021209339364 2.8687133054780216 -0.31964433250799223
-6.319676043065936 9.77180841246061 294.81344773971387 -1.099896971206019 2.8499491326763398 -0.3380289297715716
-6.368712472580954 8.435662109574645 292.0315991061322 1.1604289278509992 -2.99883573410084 0.3230768844308997
-6.187554245137159 7.315539937475057 292.4669918300896 1.1791585402746283 -2.9975904466133585 0.2939085278611629
-5.506721621254818 6.642560641801352 291.2110335349243 1.1565328839332865 -2.973770897109419 0.31211745667772656
-5.03158644846843 6.2755776481145045 292.625065859925 -1.1028687375495483 2.852198935520645 -0.28259457928362597
-4.372204323425991 5.96979487436114 292.159891797917 -1.1173467255989007 2.851901209954869 -0.2903668528418182
-3.7053100400843904 5.60025710279719 292.04161900272896 -1.1165075334852543 2.8721294249871425 -0.2583338152824782
-3.300948423852227 5.2505081705451495 290.49329269162627 -1.1166062732221713 2.8499623934678735 -0.2712808915415127
-2.773729408636018 4.620726591755117 289.6802213912281 1.1870857783028217 -2.977592953969532 0.2809809047684364
-2.366230900147969 3.9147054725145356 289.76147122692635 1.1878503147855772 -2.98527413791111 0.31766777175906463
-1.670448107026001 2.984932694919758 288.6153720392281 1.1798321700216938 -2.9667793905969875 0.3182362636463749
-1.1304999024354532 1.9910618191086742 291.8201377024748 1.199711702159801 -2.9831091230944944 0.2852093679547929
-0.12064964483667562 1.299773632648328 291.84687545139525 -1.142884123906446 2.8345498800183115 -0.26225827938517776
0.49661647912746654 0.6187837109214539 289.010582344215 1.201182996370647 -3.0123832071927765 0.2603022587429389
1.6886726392436038 0.643305884981646 292.70752287755585 -1.1370450597913864 2.823682441456642 -0.2658891959276386
2.948020520635401 0.6142913725123647 289.8941542476391 -1.148906575906039 2.8218540951263735 -0.2478802410626697
3.6058172274431577 0.7605529640914944 289.96651445129464 -1.1514018123205032 2.8062838549187763 -0.26140319735824263
4.580507316573628 0.7705138358985826 287.1572816096363 -1.1707871757561703 2.808882367662254 -0.23084729678268276
5.294949669446412 0.9268285615400332 288.3774677463968 -1.1725187803148254 2.8086253841583724 -0.21729954538803703
6.123015105341997 1.2677044073484123 288.36009291425734 -1.1659039899295438 2.8116576313046235 -0.1911990991172597
6.9812937455707615 1.8617600942255919 287.9797545142077 1.280695201316312 -2.9932283583900428 0.21475031045485282
8.001535936165372 2.362124870632764 286.4207353080032 -1.1851286348278263 2.793104184448062 -0.19787067378086337
8.960838885385936 2.258237389338479 284.9822748995819 -1.2152542082527775 2.8025699147925005 -0.169482949657832
9.870147113064696 1.8146507843837376 285.5152353318897 -1.2126231184557468 2.7835996719692595 -0.14153195419789175
10.681709634802068 1.283372614309801 286.90719734451505 -1.219867355291682 2.768169267787713 -0.1614290117384711
12.902595767345876 1.8860551822002585 288.8152059314462 -1.24084541386531 2.6745711528464406 -0.2281015412557717
14.814631732641155 1.5947119492692736 286.159864762901 -1.208036367443009 2.7293103780601404 -0.1029445402649243
18.803639027087485 -0.38463927785469315 288.8734791100347 1.307991079151301 -2.9318943273189273 -0.2514138235951475
17.71178881752917 2.5773001813237215 295.28816030698874 1.3166192920496393 -3.0595105390363835 0.054359580006429695
19.22105049931877 4.086254971760251 281.14964706906045 -1.2233155865985366 2.693975562660315 -0.06073095787338164
19.33190317548582 4.672989099118337 276.3538072846371 -1.2630358467343858 2.7024673332552935 -0.047391111729254726
20.36926937127527 5.706344031423792 276.05466483384777 -1.2518409775183594 2.7752956077765005 -0.010255016190126445
20.477092743704823 7.084609833229552 278.96673881377774 -1.2578873518614115 2.70886793505869 -0.044086313190536415
19.674792218257416 8.841946081163305 278.17460305125644 -1.1790738301275057 2.591553275361329 0.015410199155111975
21.104666012901724 11.092136194346976 274.6011718746889 -1.2774426392810474 2.714649964359873 -0.06222418878932847
21.52034402366317 11.130413284819417 273.87342229210833 -1.2687395929497176 2.721588963459188 -0.05066119086550298
21.8492258399523 11.403943457526092 275.4914088272931 -1.2710947674379367 2.710156572827652 -0.059189030804733915
22.102328600518284 11.244752285050005 275.11386471831423 -1.2618467293617521 2.710535761769121 -0.03829008608319269
22.09126454896856 11.102589755860079 272.56938078755127 -1.268879880021717 2.710711113564516 -0.05753392866850773
22.279661617597675 11.153657988790119 274.857435273402 -1.2694310261200583 2.7182366858906084 -0.07272137776263711
22.39384392284178 11.011060437212533 276.19349731600454 -1.2555024126888175 2.6992929007386945 -0.0638357946357002
22.738205344165873 11.287786234261821 275.7827179396717 -1.2704340452245546 2.7152310218096 -0.06136952018202722
23.14178262129978 11.283387201148711 274.93951646252725 -1.2664895361212876 2.735539508886104 -0.007182382388898253
23.251591409745025 11.55781598845256 273.82117084237143 -1.2612877776546556 2.7164964085760626 -0.039130432218216084
23.63723101879432 11.954410911824574 272.3106185548286 -1.2726950445113756 2.725374773879528 -0.01983419128269879
24.45719597429423 12.356182458833434 277.15209598747697 1.3779069897575151 -2.9848230712913657 0.04065022620238789
22.57157320288964 12.623606898432707 277.15209598747697 2.858484255142442 1.3398122858855126 -0.6460315824723138
24.355641770272673 13.272760333948998 273.425363126897 -1.2656263766085836 2.6840643647483176 -0.041347413253354205
25.71729693542878 13.993616556209238 278.6717072151442 -1.2568097044269755 2.7205930560757023 -0.03999520663285081
25.356798221204034 14.374745103585493 273.92239788750317 -1.2753088931731262 2.7282805584460497 -0.027393649015718113
25.63766375015947 14.662701638251768 275.9393761041885 -1.2724825915717528 2.6962690630917447 -0.05513177648494819
25.64401536589568 15.211683372275287 274.40363845378533 -1.2765103184265956 2.7130701192623867 -0.04674693829199597
25.926743363396756 15.375841463359597 274.6099651282808 -1.2647735521566887 2.6985875971625664 0.006963654448341354
25.926290115973266 16.19518359614396 273.764886507927 -1.26949516185456 2.6854847701540923 -0.01032906469108689
25.982747025586466 16.84425117557102 272.907326206579 -1.272376028460974 2.669415750224745 -0.029053692487193663
26.360818405986922 17.427519926718066 273.5597682040489 -1.2699092333352695 2.6680980519141535 -0.02034291839955135
26.651031998593634 18.163249817293718 274.13748695055926 -1.2703937105872054 2.690346887687064 -0.0488093602090762
27.2042149317901 18.39802417007478 278.89501962204974 -1.2498225736700839 2.6705715596253943 -0.02050930764605313
27.149037611238427 18.251221034709708 277.0801124168553 -1.2577216896214691 2.6870310040891447 -0.039432055488173266
26.79292023313082 18.49663631887163 272.8399520722921 -1.232470615862292 2.685816599231908 -0.06930124286497859
27.13607884847824 18.570760788762648 277.08066111105643 -1.2610541632340848 2.694141333880249 -0.04607099280461756
27.02747663812117 18.905848954403837 276.0595363693854 -1.2577046666950618 2.6870457906456866 -0.06676308717608488
27.983603010799584 19.462684993044487 281.5066700323227 -1.2464793495182946 2.6862133641185655 -0.05971369866581519
27.601792497470445 19.857615918838437 278.2661343321753 -1.259804016273265 2.681242866346392 -0.031941251865787154
27.54772510668095 20.42716752679397 277.32567380656445 -1.2544460389508016 2.6904091518375934 -0.03943639301172305
27.672264963612264 22.779109748808995 274.4879603480222 -1.2565013653947246 2.6758527148103934 -0.060598979983992614
28.086904965452366 23.948158801426356 273.54525200082264 -1.2701816713757685 2.689797446681523 -0.07502519683056871
29.011942748382346 25.316831550518554 276.077682899722 -1.27120429561303 2.697775599262275 -0.0976748058459586
29.413479466866825 26.358225036023157 275.9274508791453 -1.2684139768064207 2.713574390667784 -0.12003078030817918
29.639086761764133 26.951943410082958 276.6529325137507 -1.2757709150888867 2.708376805793019 -0.12417910328931511
29.96819855764763 27.37621803524506 278.1419139887901 -1.2676558099784216 2.68935176590583 -0.13005393583707348
30.26909150369048 27.69702637476087 278.5179387459516 -1.2727114485511377 2.6842504215841667 -0.1439422778607604
30.56503292186465 27.96604769775031 279.05698543644866 -1.2715995879631419 2.6894036755148267 -0.16453722642870028
30.74629038139496 28.14917822786456 279.75608841987474 -1.2723618754522277 2.685454664254091 -0.18421545484759902
31.03399998360352 28.30936333488883 279.9662818563012 -1.2666919581683234 2.6936722347343305 -0.1975764353470436
31.452893926525036 28.504316943226847 280.6680234871496 -1.2645337571981734 2.6944717276117593 -0.19633875758853472
31.74575721117292 28.816658344261423 280.78563669901774 -1.2741796021229974 2.6981174071003275 -0.21107119180386846
31.852351914413717 29.056532539412345 281.31762695768765 -1.26217197231416 2.6897661058562443 -0.22139178901059015
32.014474573928986 29.290686749746403 281.06133612429113 -1.26846331568035 2.6939486185237755 -0.22121642600563313
31.986270926342986 29.382879102282256 280.9526101331374 -1.2691624570021895 2.7022817876266716 -0.22531041355828424
31.796582365712304 29.601912702314106 280.73899188693883 -1.2703142053039562 2.691687477272583 -0.25166402172003116
31.968141924187893 29.832791163674848 280.93125137657074 -1.269902838636525 2.700613978285197 -0.25491225314108895
31.92929759662689 30.016837359704823 281.22245575496896 -1.2697791426357319 2.695505265991948 -0.2611904692242484
32.08213406855211 30.16121584500961 281.8023300144228 -1.272395158046476 2.6977824369647347 -0.27034440156537864
32.126138358401555 30.07167466594713 282.31386165447276 -1.2714370380323379 2.7098282163262106 -0.26685201289918564
32.30378107837238 29.898543192399877 282.7195274840565 -1.2788567829851643 2.720788350228975 -0.2663137885634443
32.09230031925611 29.631599304745446 283.3159729218152 -1.2673857311770687 2.699597462845066 -0.29065934717021175
33.05305580528549 30.160047922947093 292.12714130038995 1.356732937406194 -2.951449022967096 0.32240651789732877
32.72055949431465 29.071666096490006 287.6277474416431 -1.2664574209707278 2.7059103138093654 -0.2998925188979285
32.69702119266492 28.846099888592956 287.89005856601847 -1.261622946996277 2.6976607983070338 -0.297026796941961
32.79078962897301 28.741191914213037 286.62446263654635 -1.2705814904387371 2.7169467875887183 -0.3126644140586783
32.88563114301714 28.766829029080096 287.9005885017203 -1.260781580802687 2.7074335603781208 -0.30267351301045786
33.33660479911395 28.98339152653445 288.6661892257466 -1.2761369619976397 2.7159431397515634 -0.3089671150433807
33.2008556890024 28.942883294144085 287.7934307716016 -1.2711212962989724 2.6979646315795205 -0.31145736959457554
33.35552049888018 29.052851669183465 287.65365882089003 -1.269251039057562 2.709243271587316 -0.3180347122598106
33.538158695739035 29.042490681715805 288.1118121307929 -1.2764541178290916 2.720135052217041 -0.280882141199628
33.340476332047764 28.81885737440012 286.9522275475635 -1.272003080498718 2.7044230435318264 -0.30721666787705243
32.93733370946438 28.852720356437416 287.33871084583365 -1.2558501161904654 2.6867359671518303 -0.34206461702039787
33.23092006447626 28.459405151575925 287.55944047721744 -1.261607327862405 2.714429263426092 -0.3341437189015079
32.979165660223714 27.70262461032883 286.13268577438697 -1.252635302742205 2.704986854306916 -0.312713438946859
33.273728871688256 27.912734472326974 290.2067343415849 -1.2534495296502755 2.6992339332760857 -0.3251065436606271
