207.0208008654987 9.098810686643027 61.49145123281812 -17.68318043687995 131.51937393163618 23.244018765658947
207.08200765054568 9.185771159296522 61.49710662547756 -17.783717219857333 131.3611486266096 23.31494192472018
207.2132699771529 9.21147309854661 61.42935269761587 -17.937641079263592 131.06528507083368 23.340935345505457
207.24579384582256 9.17552469916168 61.27443851165892 -18.072568321020746 130.94161509228155 23.39567715470931
207.14399098749973 9.15412356968314 61.005326885913746 -18.180194798035405 131.05256447819153 23.49738276760302
206.98595878219788 9.2443613649588 60.697931517488506 -18.355112024047237 130.931977413447 23.575553351059753
206.74602672695892 9.481903600865577 60.424673433268794 -18.673827932030875 130.40036506768018 23.664436807345886
206.55822245934075 9.916768509130254 60.16375037826242 -19.14720954750676 129.73171528301938 23.86411329395156
206.61842777461425 10.623464048406662 59.78103079644393 -19.63502501293235 129.10220055826358 24.047221574916428
206.86549838846986 11.552345020741393 59.12059432359793 -19.96412895522736 128.41463132350785 23.951478905723924
206.52082918089496 13.003977742658716 58.150742803712525 -20.087489012748204 127.8093786417619 23.645171484442855
204.84444587402336 15.506410760667361 56.999482079794134 -20.01445444866303 127.46455988554735 23.330569424431943
202.4136366211689 18.648067328631022 56.07552603548192 -19.78996510085667 127.26216033766994 23.076504481611146
200.1345263128311 21.567193759817744 55.554754386724696 -19.50224006928456 127.33067591947002 22.982211031646223
198.45737359178867 23.845061058016835 55.26550088963343 -19.26502727173603 127.75609606261452 23.092854894698412
197.31806550583337 25.39702474596755 55.10480081847159 -19.03858830584883 128.5261947556681 23.33155640414675
196.48414269115494 26.476705679333147 54.999595955234916 -18.72094397353454 129.57299071339565 23.56706367220879
195.96066851890222 27.67132421309304 54.9207807037003 -18.355198892736077 130.53661871243318 23.706701829035104
195.67401596373787 29.527823779296213 54.782115612804375 -17.970696599639226 131.2747348131662 23.733090479261303
195.7864871461639 32.10879369061865 54.40243104447553 -17.70129338862128 131.46961193702407 23.57432280100545
196.34179559089404 35.25239549007883 54.09112720772609 -17.44612624464888 130.80127853355253 23.07704991748905
196.95549111872245 38.432260290790765 54.03720384860447 -17.075707627052992 129.76881999412905 22.394936066858268
197.3494922051158 40.91022255824598 53.92759964327303 -16.891196535831202 128.8339181967113 21.91812995649162
197.34920697853508 42.707926596366626 53.95805377472403 -16.84967876468309 127.94593931421446 21.66398789706759
196.8674473034846 44.156954128201406 54.13622918038895 -16.635541008728786 127.51729370543728 21.520836217748922
195.80337848526597 45.15877323710557 53.939956958407095 -16.315585843935146 128.04014584592102 21.617595038968844
194.41823402317883 45.78769021404439 53.22857585090218 -16.123881399193102 129.05138209557583 21.932811337859583
193.6874295905671 46.56855954410399 51.91685482448267 -16.220579815210677 129.76009504166575 22.184657062601303
194.0462568527027 47.584226121515556 49.89581244998314 -16.718066415690487 129.94106456612084 22.3088812913456
194.74235717076573 48.58952498995565 47.828536111231024 -17.406912582873993 129.630256843877 22.368430920185887
195.29214181077344 49.497306490173685 46.27237777784618 -18.01258003774001 128.96337869810918 22.341173361375326
195.91689664389173 50.39530755408628 45.24340407638569 -18.414037158443776 128.18466956163874 22.183888889492827
196.53282307028604 51.32620511793056 44.64924176679082 -18.563190890737907 127.51107657120275 21.922937138128738
196.86690060342397 51.879188691345135 43.98629881240663 -18.673252052840283 127.29297231995207 21.769638367636475
196.9160279337903 51.93444223436042 43.21276546764188 -18.827074706299474 127.49472375695737 21.778965699134346
196.93819551324034 51.89256006353841 42.753948950878694 -18.866917659190154 127.7866503092054 21.787881234956487
197.04661952455297 51.939389168273735 42.59807937675396 -18.768937060786506 128.11331111245266 21.75074563660931
197.0585491857084 51.97975006374758 42.57226843178162 -18.65992911881493 128.41745776612842 21.747684186398807
196.92875880646403 51.98262560043622 42.628406091925555 -18.641890350938965 128.4436705504974 21.777871767374023
196.7550045615469 52.05360475387173 42.64454945973846 -18.68734732218949 128.2181658930086 21.773867166236506
196.62745938039086 52.28571024791319 42.50759716358438 -18.702255239402795 128.0915611732409 21.72417611327927
196.5470778557811 52.615666333817764 42.318287227385326 -18.674305235612806 128.06820154567532 21.648397701561972
196.4348820900292 52.90476071147484 42.17601511128323 -18.658767395073667 127.99720311906003 21.58631385521533
196.2876482422164 53.12454069430355 41.996349115588984 -18.68883681677205 127.98081897951934 21.58166239710235
196.1318840737532 53.376532467340056 41.746632863099876 -18.7401113204142 127.99155860949202 21.584210823872198
195.95154414233954 53.67593801188532 41.47997480898728 -18.76693267901943 127.9706786390288 21.541806439006937
195.773021185446 53.914213009246424 41.1730680214241 -18.78119342365397 128.0163836453387 21.490699455473887
195.61347406629272 54.08613146412024 40.88186613652635 -18.78841635886316 128.09756457868235 21.447969743001355
195.42279327859745 54.2509801109445 40.6766914914291 -18.77878181891649 128.0991443278654 21.400337161315008
195.15126115426906 54.379628419696225 40.46537565829097 -18.78353940432169 128.07502509020702 21.37777083788819
194.78591037186607 54.69695716127264 40.44599008700503 -18.745786295971374 127.85884476632329 21.33548965411054
194.43726853269197 55.36253944918341 40.736887895625316 -18.658849572596232 127.23888866506161 21.226136526798804
194.1538985099512 56.125115109557186 41.08349638757102 -18.606122831701565 126.43426426929602 21.11366090400779
193.84329833418533 56.860763035245725 41.35673427275073 -18.57035277467221 125.82918249177274 21.086141833890355
193.47759806602411 57.29510191723993 41.202372874235806 -18.634101597878395 125.9664263988945 21.317676688059738
193.01818134518913 57.46379810263586 40.83072951376811 -18.79057122038548 126.50800064815408 21.72175366301962
192.48075930440748 57.86015225715006 40.98553527317119 -18.851945149300914 126.55897100936163 21.993922617034578
192.02024184505532 58.53859528088884 41.53530584739259 -18.843199525518248 126.03484005438116 22.079814980419563
191.68472614062745 59.32919897331378 42.02074292680153 -18.893608706960794 125.23419269816351 22.089103220910744
191.37902572216245 60.093402077040565 42.38157894390496 -18.98969310897752 124.47140335118951 22.11259189393055
191.07765485062345 60.72000884853955 42.645839611949896 -19.086134987617992 123.88820798583625 22.15431386642847
190.79394186821304 61.18966099595589 42.80575879660892 -19.15779747669013 123.48689042848736 22.187756320844663
190.47881247240346 61.58002154993616 42.861743079620084 -19.143684315235568 123.38024473816873 22.211205726037896
189.9745696414957 62.02200525476302 42.80629648672256 -18.999621586549345 123.75328749865912 22.261828474894166
189.07220199886973 62.447086868509714 42.68435009779604 -18.805656147698336 124.64915636391696 22.45298182103337
188.0036359918364 62.56560141299573 42.27639521299831 -18.735036412699635 126.2820850300689 22.942908781905157
187.21727275835667 62.4259504981882 41.490996842125135 -18.782458108195414 128.6279341012593 23.6615180145862
186.71315380255731 62.37851622230838 40.73685277614274 -18.767355924012872 130.83404146940097 24.23540262789387
186.45862708269314 62.353893215095894 40.09424968124844 -18.696593836183414 132.45689900862857 24.512743697221573
186.57445669381875 62.24042626299725 39.57817536318909 -18.643239400095823 133.4346838062714 24.494701624906078
186.9962238080778 62.16216687403162 39.20501702696011 -18.62448170722909 132.8203738270812 23.925285615048992
187.66388421916264 62.23663647193197 38.94924302817088 -18.694770957902563 129.47518112067775 22.684888091731395
188.64410148938515 62.57566020133027 38.9898466712645 -18.744206849575047 123.75158657992856 20.947917626389824
190.03195672536617 63.20196105892439 39.268626573595455 -18.579523646538536 117.23932641264183 18.929673019032123
191.8404580911482 64.25081174785485 39.919036922398604 -18.07845798520222 111.37365605776041 16.89670711738178
193.67313714413598 65.50845657153378 40.92633745929838 -17.328148747565095 107.06880847946124 15.192887327701522
195.03565390481657 66.48944726896465 41.93831301064272 -16.47544298001035 104.62552884425872 13.98621447849072
195.79679853340957 66.8407035829274 42.495524436096844 -15.654720920305916 103.80648967546392 13.229775525069194
196.04437818124066 66.54305773255987 42.3974627145312 -14.982142834553432 104.04523656645203 12.799602041967177
195.87026755138405 66.10855178079825 42.24879181742142 -14.31176691104487 104.58675098798486 12.458829829557143
195.22012682247635 65.58120399841873 42.15952526754448 -13.58665263011449 105.42955436322691 12.134014214864667
194.12162287778168 64.63733782406722 41.61051484923449 -12.961922644964105 107.5843630288113 11.939912671575135
193.01130541600438 63.56724788105254 40.70946278102901 -12.514557786119973 111.26932480403757 11.872959063590176
192.34373843948424 62.872388495702936 39.992847189443125 -12.200395759010519 115.19058067658594 11.872089491181029
192.10696044924458 62.60851898402967 39.67624668784772 -11.974462869470766 118.32664922184384 11.945454399030302
192.1906133618037 62.60901727599215 39.631480710816014 -11.827751466795991 120.534370319249 12.06626517523643
192.34521442157754 62.75167458662119 39.793317283123955 -11.730624468243636 122.0957706247925 12.21128091175932
192.29240016569852 62.93734625373884 40.127437329125726 -11.657028466265785 123.42865768696505 12.400742594506074
192.27198022663407 63.17017787186492 40.52093970802117 -11.587582746484149 124.39932860317707 12.562343107570868
192.53084798054095 63.49973404989163 40.948874902433786 -11.497255620496219 124.90789033248717 12.6579566356992
192.85280815497288 63.820501782463936 41.335536359645886 -11.399785095900118 125.3326202154847 12.750872960691192
193.02052877760855 64.00406060825739 41.54972812419271 -11.33397848514819 125.90279567861312 12.866277879447793
193.07539770343635 64.09208823727637 41.583799632122314 -11.334200542559053 126.47389778421216 12.995776513768671
193.09003357092973 64.21510012773088 41.53714950132576 -11.380435005936903 126.53894340019374 13.049195870591937
193.14665639758823 64.42637815742519 41.487357923593436 -11.424380336236057 126.09040307827355 12.992228896359467
193.28164882909815 64.66258842488114 41.410678762667416 -11.480404153109937 125.72303202402364 12.952201159023886
193.4500452563526 64.9208967075811 41.3218526676351 -11.540500020421286 125.53432961158725 12.94548589392502
193.5698495265567 65.26505306030158 41.27121740728385 -11.568045658964403 125.32067766325895 12.886001571177292
193.44841428402106 65.6314102186303 41.218000444634185 -11.586946766292 125.28683915734187 12.820796807969455
192.90138982305228 65.8687206060205 41.078905594835135 -11.664136875040718 125.74186910037031 12.906008012461417
192.0672689166792 66.01974040417227 40.790145554795515 -11.849499243050593 126.48812366772447 13.161624617575857
191.3142806690005 66.21385281820551 40.34678021967064 -12.124802880196967 127.1819532791287 13.46818875777559
190.81337459362123 66.46110186538061 39.91353131233453 -12.397624147324628 127.7104290356229 13.745082960775566
190.5497191144562 66.77207177363732 39.66384107078679 -12.57939924558293 128.1099902766648 13.963693149648966
190.4146609684137 67.17486905606563 39.557815966190425 -12.674972213446498 128.5804718606476 14.16119970180305
190.2843007247675 67.66350131730971 39.47925211907453 -12.74389722071398 129.27528267789847 14.398252452955933
190.16405619375007 68.10442263783546 39.31796336573131 -12.838706537140316 130.10889875666496 14.64708162126147
189.89574943451572 68.46632768756538 39.030534787785335 -13.04222774017249 130.60124750008936 14.793892530442381
189.37141380437413 68.99586893660351 38.741926575922584 -13.378609499890224 130.41354548959964 14.772265166504162
188.9116846961018 69.78300264878968 38.51774926674849 -13.711641614824456 129.88363315480876 14.64545866331191
188.79309212531 70.65604057083416 38.32742939998474 -13.926931868875702 129.37441606706918 14.525374569684079
188.91693336442302 71.36466957946361 38.18651262147638 -14.058039569880595 129.0377862774729 14.514315079706282
189.07103666269217 71.78147472366999 38.060406668283704 -14.136667596487525 129.07226896630027 14.628069668695812
189.1025043223478 72.00894987320703 37.921379169473816 -14.130489257968232 129.65287493140963 14.823892582886135
188.96516346354576 72.17965071077028 37.83958017265578 -14.031315331723512 130.6842556214571 15.05356252605468
188.69292118146632 72.29867786444244 37.81435050460436 -13.893368040803683 131.8798746889693 15.265867553271857
188.2463005629794 72.29003702003112 37.75248729320426 -13.785948867877076 133.01372169156502 15.452309780371941
187.79906429280925 72.2087838686375 37.59699096414637 -13.772827898746637 133.7941160638986 15.60270236960666
187.59481055888207 72.2047059036204 37.3517372745597 -13.862960782732468 134.160562070638 15.719453782796819
187.57504200547055 72.32944946387371 37.09539851698936 -13.969205931310277 134.40830504170273 15.81726194406017
187.73497372628148 72.6135364972961 36.92016434267691 -14.026144448405466 134.55704548359887 15.849298061049401
188.061903879039 73.04690856969968 36.86739715010502 -14.04564162308364 134.41424833518317 15.801633908652702
188.43811693882196 73.5533003358169 36.93714350467094 -14.043953054362174 133.93802005327493 15.700216365343234
188.84729442196385 74.04634642738499 37.0402569534628 -14.023044813313437 133.42144764368098 15.58486501973316
189.1519179553273 74.36792661600876 37.05949786496347 -14.027581033344209 133.19828128441767 15.562484524479768
189.22472883454282 74.44414910437104 36.98840897454754 -14.090530301500522 133.24214205781814 15.667719436469618
189.15042190804996 74.38820523829712 36.88387238549013 -14.14926383793762 133.5233374630528 15.821884200841405
188.94952396105617 74.28142120972913 36.76851955649256 -14.166923102515018 133.94881596483995 15.971483180961979
188.5549150318108 74.06134556639476 36.61080544471285 -14.196156524789233 134.53228276257923 16.177898193291213
188.0300064839853 73.80141101323716 36.48245162757964 -14.218359056921228 135.26942163427793 16.43549641317351
187.61133398893264 73.71697956980887 36.50228322207357 -14.162212721257312 135.83516257901582 16.60870298930643
187.48282988582403 73.84749298464774 36.62728747996272 -14.033064919658571 136.15005134197952 16.6532720565761
187.55941362497464 74.0381704577425 36.74123462983635 -13.911212412990796 136.30237171478194 16.63668116140973
187.65016454878025 74.11450108122723 36.754225504979054 -13.85693608352138 136.5189524615391 16.670967193682856
187.75245297497074 74.07740194863135 36.66605341048911 -13.839113612855463 136.97513972655526 16.776620955130365
187.96241818301468 74.07401042146728 36.58051214963439 -13.809213357391783 137.29365866915825 16.823825628352083
188.21245339776948 74.14178980572828 36.54810750352166 -13.768025085368604 137.2457567510441 16.767885305579558
188.37245606726634 74.17189880836321 36.4975873211057 -13.768153468492649 137.04648822154087 16.70950734033992
188.40586476968457 74.11994582957885 36.39015668151798 -13.82037727780703 136.8629228178598 16.702600848705742
188.35616052583555 74.06270344194876 36.28592809677305 -13.856977686925052 136.75700582806627 16.708597333113136
188.2689571045205 74.03424073456546 36.234819469440794 -13.851933703881608 136.75902739991693 16.71822523920818
