210.16923804830537 25.35819639502719 64.9400780888252 -21.87644628383031 124.02728657375211 19.602535769837345
210.6405992605575 25.891979954187534 64.31805992880902 -22.09770310132756 123.41240917394475 19.528021908015603
210.80224907008807 26.546774914488296 63.78637995422531 -22.038664763755236 122.74074398418506 19.198682442353192
210.51454089917513 27.4380547035937 63.276611083594105 -21.61335389787098 122.03465577303993 18.551463872927812
210.01079024804048 28.45957906123715 62.650491567340715 -21.053297715727346 121.53863963832785 17.83273824491135
209.54989942057125 29.347352959428584 61.753993145564934 -20.674527165944475 121.28392382171116 17.28492792810831
209.27539246782896 30.155675734364003 60.59735627164643 -20.51146936766547 121.24351314186568 16.933519792866775
209.16055114462534 31.045104402372086 59.341640953007676 -20.48821400576675 121.30287730361388 16.734623009150788
208.8858860488919 31.980572157874217 58.19886946285128 -20.557226108761604 121.51250596091324 16.73672989665675
208.14015790791444 32.91579442051002 57.329694733921926 -20.62821630506337 122.2110437005589 17.006722582720112
206.9305435216521 33.8426007167118 56.72947101704108 -20.745326785153768 123.04226843691751 17.434935889962986
205.51065352327868 34.77885290311046 56.26681363014141 -21.019577596608816 123.48419985427921 17.85550936534594
204.40766846468387 35.81389932536327 55.90288628435936 -21.26176610211686 123.99097416191273 18.145128729077623
203.74071550565193 36.9595112678727 55.810517834495585 -21.202532043398037 125.21199172540575 18.323316812036975
203.3040518967262 38.212092951581624 55.93082023490857 -20.935703822568854 126.81417610181813 18.434374400947203
203.10220222243595 40.064990250089 55.83568988517119 -20.685618434891104 127.80383790556203 18.40448361231229
203.203088640531 42.90309884938545 55.11377867833325 -20.50291976075797 127.93373457341198 18.21403942558714
203.38761584885674 46.3190268426293 53.912286861013285 -20.330657830415156 127.96321840016469 17.97019327003161
203.02739844795371 49.62711521437948 52.86032134978798 -20.242101668519446 128.00317983726308 17.85593073191647
202.20896911804505 51.9466426251592 51.90061392418079 -20.46769522226139 127.98785998783544 17.986817220694377
201.66273382743617 52.939924271581305 50.67312054873086 -20.97955992769286 128.34499196951793 18.269108791458304
201.63110185569752 53.20731616376243 49.39884205378853 -21.43586583344444 129.24995970183676 18.526028943050576
201.55953175717167 53.29297081950334 48.474210715155834 -21.59072048655002 130.56699400893694 18.75767266153198
201.05518539559472 53.34420700012469 47.857303950580516 -21.512568642786363 131.8939223092724 18.988170766011205
200.69460420709973 53.36223178973647 47.095646143886185 -21.408237124476805 133.23121899009064 19.143566406447977
200.84884443901936 53.46358210694653 46.17460252007368 -21.404577890562713 134.38290622123816 19.221444963217774
201.35140838524475 53.789767449291546 45.35286590624675 -21.56515516023804 134.87695924988964 19.295692794909435
202.01897384959307 54.27030268745322 44.71141573087306 -21.84385512969164 134.88485206998868 19.40570848031636
202.65455032652795 54.78686933451945 44.291985420827984 -22.097528469336382 134.8174658331728 19.522656015265014
203.1221175421259 55.28877912642034 44.0639734100081 -22.24041438988713 134.85760553534664 19.597892784417933
203.30539007165993 55.66641375746735 43.89428752646745 -22.30493912720135 134.99537587859749 19.632932393054137
203.10846359218777 55.84084626866499 43.64611067122357 -22.363528541125756 135.14017502850947 19.663863808891143
202.65790679964311 55.94303522556555 43.35817063909232 -22.42067710824277 135.26998405580932 19.680441575113615
202.22991491591426 56.104286837637076 43.1710827630712 -22.458423985906542 135.3840701842471 19.64559524828624
201.93136152078205 56.318058769499686 43.14552338711476 -22.48381663896957 135.2618955027677 19.538433868462093
201.7542538623208 56.55080120254188 43.23568123625958 -22.48292590476099 134.99247210855714 19.405791311723313
201.54935884973517 56.73286817701111 43.322015570321014 -22.4865472493537 134.8640866003572 19.325834774904372
200.97884860748144 56.899363628867356 43.44855041106161 -22.510006900139693 134.7300529014732 19.30519633377778
200.02759102659434 57.244011017085725 43.7578798590824 -22.462240373385477 134.56986928793523 19.320044781916952
199.2357598602049 57.68129742214278 43.96294137515784 -22.396574334129454 134.77718718503183 19.369674307579142
198.81814604958976 58.032942501096855 43.89990810617735 -22.37424318004485 135.43442860932248 19.458527731875026
198.44804283218735 58.48868508500021 43.86636251787566 -22.24506133139961 136.24418002769318 19.54336172209246
198.198977486327 59.034981674381356 43.69567205048004 -22.045281150378738 137.12061021093209 19.554509377422836
198.2710395526604 59.30029432794319 43.037758733977455 -21.97838014012829 138.12901926002937 19.505788884759724
198.28106609868667 59.368475095456276 42.315179039955744 -21.972545155604948 138.76342563717515 19.397778650569983
198.02106451867698 59.53593274543813 41.98642213481787 -21.891390297891576 138.6870889729479 19.21224777416186
197.81310791052357 59.60398466931139 41.76583256280951 -21.807353385684674 138.89877665867297 19.106286538470364
197.8535101918772 59.5702709735396 41.46250187242042 -21.69243615056955 140.1114255829176 19.145399381136507
198.06327327616958 59.765652550922375 41.225728046471886 -21.450443075057883 141.61291375447718 19.149251645747405
197.9386734181394 60.19637783421227 41.26620347169538 -21.10933839706785 142.42262483949818 19.089979124397995
197.26095498679274 60.68762144590589 41.58591553219972 -20.747276735100503 142.4289252858964 19.05824779715241
196.5998639182948 61.02850014378767 41.7367644972656 -20.499047932985405 142.34746171400826 19.06176862175581
196.18755633480413 61.3813651782232 41.724124480008406 -20.30849792661136 142.31893382176438 19.03117979207719
195.85805317179165 61.942622565971675 41.76353017079971 -20.066815582855792 142.13832991537402 18.928814741892012
195.50611028190718 62.43840259330199 41.70557986757343 -19.856979513166067 141.98704514807883 18.836561645562018
195.11183084651373 62.69775565140026 41.48176256094479 -19.72030948157588 142.0697604635484 18.81822700263988
194.71533849298692 62.77511601340923 41.14469911894787 -19.618033193723726 142.46283219650172 18.87274466025257
194.3957207584972 62.849241934706846 40.80634007757361 -19.508260525980987 142.82195202795342 18.894349843178706
194.39427722556667 62.9390692462279 40.352997106767475 -19.450428623741587 143.03627452767992 18.80978281604555
194.6224301450797 63.05468600998148 39.795935645112294 -19.40563812037689 143.21131025480793 18.62533575374932
194.78093844538228 63.34629776816416 39.40041564657154 -19.226907126821636 143.31043135814758 18.348807525718154
194.85783002996442 63.7318255073977 39.18384556500794 -18.952896910779593 143.48373173406867 18.0582726704393
194.82847050514073 64.0492856995472 39.033817716339364 -18.67998434213712 143.74018801634074 17.818331671391995
194.58515165149873 64.33263815477109 38.83046785147411 -18.333904783774784 143.68834764569496 17.522789808064843
194.22233287208977 64.69881030611396 38.46798601479246 -17.825151846777427 142.8289682883911 17.016064549163836
193.88268670007523 65.08439699560405 37.99091484749327 -17.31347361618034 140.89086872511277 16.392323058031593
193.62717515186796 65.40206068636354 37.51335965529306 -16.98299825342673 137.92603845694393 15.803483630766262
193.66097922620207 65.71958018749154 37.05530205136157 -16.83717537196382 134.51476712587115 15.237296395791248
194.08515698810717 66.05676305364884 36.600303885287396 -16.803221245514408 131.58523955385317 14.70317241498303
194.36595023113324 66.48936970335534 36.42027334657076 -16.65650251928275 129.17121090884245 14.187336189969708
194.1626769455837 67.1577902446465 36.70097299953318 -16.198039070064148 126.9122220033982 13.619757900355015
194.02932309809864 67.91740525922941 37.021544967019906 -15.585657813670018 125.43158303821522 13.062860153381017
194.20444416582228 68.70456357541838 37.30749892973325 -14.989762825960046 124.72346210242702 12.596616186464438
194.47374132915343 69.59811958578399 37.67469934489054 -14.47300994658621 124.19364763727802 12.223078679855366
194.4740697501531 70.41714201310968 37.87784451474559 -14.162093085965246 123.6639550916095 11.9904533528323
194.09146932805007 70.99397248398512 37.803163760587175 -14.090259867203336 123.06515288036056 11.926573049835568
194.04835971443964 71.33651005476821 37.31669051359149 -14.210884324173605 122.98073476665095 11.978585022731362
194.41691555257114 71.63732603043248 36.73593946394733 -14.380027022469882 123.27680596892662 12.06926765658395
194.47445484947474 72.21311613679514 36.72981746907175 -14.390352971040029 123.044445853594 12.135338502852655
194.3201381190811 73.05672039144406 37.11161674183596 -14.261580415379758 122.53572619403164 12.142506553911605
194.3063724554405 73.91930607686353 37.42851583506949 -14.127196912760711 122.21572766760562 12.086048806100004
194.1128794535466 74.73333385507264 37.833558310811185 -13.977535912160668 121.82737061783445 12.013529319445794
193.82490639364573 75.39725004043264 38.12649306564463 -13.877140046128103 121.94811886453135 12.029027413882588
193.76996102283653 75.88864480696088 38.043332209974345 -13.896427890518645 123.0000165290738 12.161407982432035
193.86304274152528 76.32731237077778 37.81479559599238 -13.972750406261778 124.08547968549178 12.297220685507344
194.0498438990944 76.56540781518784 37.400897522260436 -14.131543702733092 124.85591241668817 12.396682615050484
193.96580822926458 76.65829944190084 36.99462380262808 -14.330505378936145 124.88741749461744 12.432906308274829
193.3189321336937 76.93257107360797 37.02010537931751 -14.420068744213328 123.60767408555324 12.30841029198755
192.4983649017884 77.43821253744892 37.40868192134381 -14.389261876079662 121.6247384174572 12.063596761865364
192.15640650567127 77.95552821380198 37.663060807853505 -14.386155554939464 120.01995286277152 11.807597250496702
192.51854035330774 78.19009225571993 37.33237639507751 -14.553342071889865 119.53879292840512 11.630063094830689
192.98509338904384 78.34527954784288 36.85696932244565 -14.757369960736195 119.65290220166682 11.546652304904946
193.22818446616017 78.76538163896444 36.697311403879304 -14.840740198393036 119.57800151261247 11.461819336804394
193.4825588288092 79.2940280609906 36.61589048842106 -14.863532908953086 119.41364536953503 11.32726024258919
193.6679828378284 79.72006250111605 36.51245175926596 -14.884167215085895 119.28110668369563 11.200294574155674
193.8140575672931 79.9489361920889 36.30580738014238 -14.94768032716118 119.59046484426999 11.164305502306195
193.8686904554598 80.22865112647071 36.20295436957451 -14.980799582189379 120.23198924491555 11.198644953341267
193.7089209184213 80.76310581470385 36.35856651965382 -14.948091478148054 120.75821552597544 11.24401849935249
193.64577658036336 81.22872055887905 36.28390561730379 -15.026761096830977 121.49524214723486 11.320605483564968
193.76676771649346 81.44930183432305 35.85257385389359 -15.25399779463385 122.36725314612437 11.426015077226918
193.90191663035696 81.56992363400568 35.39545554903661 -15.467554011868732 123.09229275886702 11.520267891985036
193.75309619833524 81.72335631846943 35.20678751886001 -15.55046072828095 123.49614607095096 11.609049876293893
193.09137295696064 82.07206637398713 35.462178654191064 -15.480807840308868 123.231909541102 11.672082371635748
192.23756012705138 82.8113693552491 36.10931277595255 -15.260199143547835 122.30506769650036 11.610317717920399
191.47559927536997 83.78955183026525 36.86867815511315 -15.005031060139146 121.15746010171186 11.460648519169029
190.78599227002263 84.60165597075692 37.408457680000836 -14.883650790637986 120.39039093919104 11.385989966266859
190.392508185515 85.06616030240839 37.44732770783797 -14.98403119869869 120.35013889955435 11.418589780139726
190.3627825581787 85.32079059208226 37.033933745437324 -15.26342309404048 120.85023088148884 11.505925963011187
190.57196886254286 85.55604339703072 36.49247820001269 -15.558940033093094 121.5298488819274 11.574756121659746
191.17630116434935 85.67580973178417 35.78017242238118 -15.84700890252357 122.48387241018233 11.580308780870483
191.84670770809032 85.6843703604257 35.07875243980695 -16.088091489235463 123.5070057757382 11.573689647200114
192.11456534046738 85.70320602378263 34.72222502449634 -16.207653602681617 124.160747662732 11.611765866453926
192.0878988182663 85.73639388952034 34.64811785063188 -16.248956048724775 124.36545846838084 11.675012219814908
191.7866019047682 85.92625237578125 34.95228244189298 -16.180045021175097 123.84676313290659 11.711773896026983
191.16638212784744 86.24981005082256 35.58792402186258 -16.028281180120842 122.71580165165622 11.747912160354584
190.57970558693125 86.57162284933695 36.24586167313883 -15.864091282560047 121.67377664249761 11.7943588338572
190.39869218872826 86.87157880020212 36.7301467838016 -15.689841756126278 121.23760174448743 11.812009397431122
190.7294855231887 86.99948308596271 36.81026014989269 -15.5968632027714 121.49766858654499 11.787809041559871
191.54973271221007 86.83943147389999 36.3468980768518 -15.686747033609844 122.1409343421723 11.70068835570467
192.49532124198612 86.48638427017005 35.574148872036844 -15.912168101563775 122.85130580796138 11.597505593873908
193.16117381555227 86.0764587460295 34.83749095599346 -16.15783795848625 123.63151297931157 11.577414570708207
193.52706686387853 85.76340354169278 34.35189760975193 -16.327784298354988 124.28793983009555 11.614690062800037
193.68309910003077 85.64047581321495 34.173128585839265 -16.372549870537547 124.63375921911278 11.63781850293267
193.59906317918757 85.56535461491748 34.14295299662987 -16.357420182362223 124.93621298634014 11.69078120660564
193.38203304597008 85.39907746508729 34.05370990521387 -16.367491592004374 125.31898408031256 11.767072779389732
193.3433458524414 85.2540376370337 33.900349725766866 -16.385859194620874 125.48345175787159 11.746811003230874
