224.46774281722955 6.668116863652076 51.46015664784868 -29.531352860143272 121.98976099612172 23.291386625445547
224.2962136112887 6.603277329237566 51.46455011739762 -29.5112179385813 122.30074094422363 23.410072427416704
224.33264666160164 6.731846025843154 51.52885550627529 -29.437483536128703 122.62864213151224 23.488291824077905
224.58124957034374 6.981982497366253 51.57228383101861 -29.371655159489784 122.79409828787533 23.478964082432782
224.77670321556258 7.141315704329725 51.56736460531596 -29.41527224938035 122.65999388211068 23.449484408751303
223.79802805088616 7.517317175359052 51.38780617694787 -29.37255904576189 123.12355116756991 23.62508660593653
220.5888214357676 8.848472104552524 50.88844586681972 -28.96545455992659 125.14109447757643 24.22793476999361
216.3990144436831 11.240743039138025 50.16270031114348 -28.261252500781808 127.88165188405236 24.987471427083904
213.0605208289407 13.973099596647062 49.39968282559287 -27.535026007964632 130.12504459536444 25.530700097978645
210.91478453805107 16.259468053224797 48.81172751539603 -27.00250353141116 131.56214694138146 25.914783265399933
209.58469031151515 17.857091982714515 48.58872863638418 -26.67729404171982 132.21769501223196 26.22392345344325
208.83153826328106 19.13707235794998 48.72372879441916 -26.410091244653657 132.18887346783518 26.32122329752345
207.96302358940767 20.957714957559695 48.82069712709766 -26.138615639661193 132.32118948911713 26.511529207684823
206.13093204764144 23.849034046317936 48.4163823077875 -25.92418222650377 133.69891550760923 27.359435241730317
203.74218757227618 27.54001051948653 47.90674993453436 -25.80660254016915 135.39437476974024 28.486417008838494
201.71463176252234 31.39847804892647 47.71490434332965 -25.79013704285654 136.15978915960503 29.224436224743805
200.57855038100655 34.48791013567583 47.456353874013246 -25.90093490486577 136.48656010023916 29.60039031030452
200.37026478458412 36.42968658411262 47.064461637206904 -26.09536799995708 136.72830205783026 29.760764701424993
200.49538811735135 37.676282775646435 47.00704983064523 -26.24141859383692 136.44916173579412 29.670558807914997
200.4583550951773 38.79564305805518 47.51927657546288 -26.247524631077212 135.366280302968 29.29339602641641
200.222582702254 39.964261690051636 48.29340770740723 -26.10378439051371 134.2891459712098 28.881170998625386
199.1308759522259 41.08049802955365 49.022176997713785 -25.875678746450923 134.21906782168605 28.935383316180474
197.1836916099461 42.51683072357008 49.55264109584953 -25.663496488304002 134.45492153006782 29.31618802737433
195.85375031334735 44.48783575976495 49.63444618237179 -25.54106705472748 133.78274425733565 29.38779635172839
195.6345695476964 46.542732373314365 49.34255381901755 -25.457497829249576 132.37860601094485 29.067725983041942
196.0452545209078 48.392034583909236 49.056972185186865 -25.226803935569738 131.00728269986524 28.542373463626074
196.5411824510264 49.80319003914798 48.97778063316137 -24.799299955125058 130.06122384804618 27.95452550897596
196.72484964972872 50.65428825694977 48.95877808965436 -24.25188470256819 129.73473973993043 27.467457762405516
196.54279863403465 51.2434859170413 48.81766239017169 -23.665042215802107 129.7685838786786 27.0505046308878
196.04762646826418 51.72151351084918 48.576588053085786 -23.141018794548927 129.89384922756653 26.69446070043128
195.3333600128571 52.17018768041859 48.206926793031606 -22.73224805125476 130.086333696781 26.42213399111652
194.47558121276052 52.75873407291593 47.68659935043578 -22.46778723119381 130.06318020846038 26.147474987183763
193.63470746046823 53.32571905918449 47.11549199051413 -22.35653897569364 129.87073092336388 25.917225221342314
192.96565725257102 53.62457425855047 46.5572841593747 -22.369754750553852 129.81892700049818 25.83682972696415
192.6664675628141 53.77388054244422 45.945445136208136 -22.488621697275395 129.81681785385956 25.82698746598679
192.73437251634044 53.96726183236077 45.26002708458479 -22.70468728809071 129.55582746703305 25.76541010496006
192.87832912146786 54.189825876497224 44.71037503601754 -22.96938130507377 128.97237578006184 25.667510042013188
193.06158883161518 54.369570895245786 44.383521378290006 -23.212628734709984 128.39616200572976 25.61634883926127
193.28118384360263 54.53621423414074 44.10244681817562 -23.427215379255266 127.90349801875362 25.580496725974466
193.36823648171682 54.7368066383283 43.666405226520084 -23.651900089838243 127.29267473423413 25.475593246130188
193.2714250163415 54.92662486232889 43.0584103477336 -23.88220155729548 126.63144077868544 25.318782354217355
193.04046053677632 55.061062314056855 42.41306357101648 -24.10927455766614 126.01555284789488 25.166925184722537
192.67440655564803 55.1674846717729 41.88085777801351 -24.331100183355932 125.36953885145522 25.02796464915954
192.13144375694492 55.24175198927025 41.559644092585614 -24.52485319000413 124.75713023031759 24.93865786782571
191.4937280528562 55.40572683667864 41.35372331402776 -24.597167168579723 124.35650807478261 24.85451271148183
191.01206830995778 55.997228332684315 41.125647070410984 -24.3644136626979 124.18560275815501 24.550606132660675
190.82578945759082 56.99347149332591 40.88481683244966 -23.820616816196996 124.25881998740158 24.014375733108153
190.81337199361235 57.96593090787368 40.65533225492226 -23.198624974998697 124.57059225727528 23.479947443096542
190.78599525381003 58.61913883201457 40.438049563326615 -22.705224214812617 124.99463896269359 23.112743610137123
190.4278146970018 58.98728801870969 40.14053772563841 -22.444592789566496 124.85873024689081 22.810426542192026
189.62963714543673 59.253112139007996 39.57821223338017 -22.39666980712404 123.14286252074254 22.235195442165928
189.49595184509212 59.77409438531993 39.14787094205876 -21.98985309482231 119.11226804787898 20.775658527968076
190.97129514213657 60.8018409147986 39.49463982218088 -20.673044405883132 112.94249243628212 18.13822816272435
193.30579679538135 62.051895167246826 40.50609852956173 -18.871414577005652 106.41275452835589 15.11294915849938
195.17357957948673 63.040644065548456 41.66832226360172 -17.270926927562193 101.35212178528741 12.660052069507799
195.20460139594107 63.17873503430075 42.47312685021013 -16.37077818110394 98.01943235984925 11.119184502162877
193.47455015166548 62.300373423918714 42.337115405272044 -16.381592461692726 96.48793407381783 10.57383903348629
191.6166674992959 61.08954372774833 41.20221393474563 -16.884214323736877 97.50937206957616 11.05145634065357
190.3452721951325 60.21946426204104 39.77531011853311 -17.321853439729615 100.92904985280416 12.231786986155686
189.71218157192806 59.896630623590035 38.59099702934318 -17.43113373220138 105.47901508894739 13.52237859763995
189.79176288932 60.135547331618014 37.85267182996631 -17.185315473550936 109.45699318722279 14.388125762845991
190.3593143426188 60.76715173705917 37.626619075760054 -16.697774771186836 111.82444305128655 14.623731557722373
191.19968517427066 61.6137331790608 37.80531658185364 -16.104655629764085 112.66481860582016 14.358203331648074
192.10941888018036 62.552605860155516 38.19623275852699 -15.551715753678513 112.35860150438651 13.813508800095864
192.81391745279313 63.460168902651304 38.51055404691902 -15.10500771969668 111.51992313054043 13.179869394222862
193.10050138797118 64.33114173528467 38.651008716382 -14.674740956718535 110.77892430192469 12.541552560322259
193.02793895546776 65.148093177178 38.70359050053178 -14.210066512925582 110.38215079827468 11.936738243523621
192.9184498615109 65.8600831835658 38.67329516530124 -13.774580192237114 110.17557061467532 11.373827803540426
192.98872689580088 66.56429532653104 38.517695377464925 -13.49861119050267 109.98920211061679 10.910063862817164
193.1458324003221 67.45632892834499 38.22879382197698 -13.48434657023877 109.90928587177078 10.65811006197508
193.16090043584887 68.48004139200476 37.85966462012199 -13.662606755691336 110.1796730974191 10.656674267936799
193.05140698703352 69.4250338533284 37.49957508544284 -13.874996853317604 110.79760193146362 10.805764835821712
192.9584288136179 70.19759109035382 37.22435532691878 -14.031363087051684 111.4441439051557 10.965871423279932
192.66682005756078 71.00111961749982 37.2189506956141 -14.080993542113609 111.78673779232773 11.070968248902378
191.72658045384333 72.07766703147833 37.58548488918859 -13.992166500880439 111.95391624049392 11.171962357962533
190.39162611917277 73.33317251130092 37.895571574250546 -13.921466160249377 112.73144574132746 11.424074845025096
189.44564489339288 74.62547872581972 37.68173647846298 -14.083009348287932 114.4897650492448 11.878122411272582
188.97902275316076 75.78891565897659 37.044415847762146 -14.416080357542292 116.74340386347328 12.423099328045875
188.62264969957226 76.78956401065997 36.31153123063342 -14.787257029569751 118.9988201156483 13.023039349012144
188.19824614749515 77.88044806309236 35.60870898552697 -15.201586650993164 120.99873045265554 13.686326028806441
187.7079804093185 79.09622900731296 34.865019155378405 -15.639440174124385 122.77488733119495 14.324283324834969
187.27981038596369 80.15056518279597 34.115506090153794 -16.011864352002128 124.50295038413987 14.859496104343675
186.89317673857983 80.90295744014921 33.59125780857684 -16.264835915581493 125.89269166668691 15.263727630463311
186.3678283032031 81.51476697388416 33.32745465729978 -16.489533164356036 126.5679951804566 15.634080877453613
185.70312892702617 82.09941251306876 33.0668748585237 -16.830042431410273 126.72062157169881 16.156219568344177
185.05754996338612 82.59632708157324 32.74530339455287 -17.25339874298724 126.60240624554228 16.78137068991106
184.55765756896295 82.96897781764089 32.4903724172231 -17.622001305879813 126.31269051126398 17.30213329573884
184.189672250267 83.2472514893825 32.289388824592834 -17.90540748932382 126.20224236245349 17.69860654737063
183.87976602157556 83.48506194400309 32.071255654553845 -18.15465196251475 126.44199775461293 18.040018088582784
183.61595786222168 83.72907693889229 31.889781848053275 -18.35207610385759 126.80154405798777 18.30185319157784
183.37080175270466 84.02274549623027 31.795711431818106 -18.40509506525685 127.38035833912838 18.44919414651929
183.0826587218235 84.39755460295441 31.750771796785997 -18.274087790596095 128.48464383934993 18.51565558397212
182.7879747289886 84.85826487966627 31.79102674888525 -18.04411223583144 129.7920402426333 18.572556709228294
182.669729085494 85.37231894148701 31.941443804780075 -17.817099399653014 130.81357329676095 18.640723481452845
182.77698100619637 85.82414447509802 32.09995447625251 -17.633021315625605 131.572051400985 18.722826682756978
182.91932825481035 86.08626480637659 32.14893849624925 -17.502992880821683 132.313326399952 18.84227699059163
182.9804389857029 86.16199959362217 32.08510593259724 -17.421715262373098 133.0297977255938 18.97046078749899
182.95184912277364 86.13182050037607 31.976999762432285 -17.40265047193521 133.36975310722386 19.04260201778704
182.85288457073858 86.09568399652494 31.9024120567612 -17.44273294138304 133.042293908214 19.01338010484244
182.820944436903 86.17580512703708 31.93573291673236 -17.474877192517503 132.19619868519288 18.87142430016373
182.81083664403178 86.27341084450086 32.01691631255274 -17.469844418414144 131.47022969361709 18.738210600815734
