209.42153583716856 4.390380651234256 46.22525244813484 -24.07490546521755 145.15041750216832 21.604398113059876
209.52881455256437 4.525180608905897 46.074228572338754 -24.07963860256833 145.11297070461475 21.546306748004522
209.49556442340025 4.606601728547926 45.86664564023344 -24.06579590672979 145.31094530133336 21.54336826365779
209.24983890606183 4.5922614798139705 45.68222361703782 -24.01779084531416 145.81323752626486 21.64980491366711
208.6773967522082 4.58602350047518 45.57585559285267 -23.88025760212144 146.83086837462017 21.967759709345366
207.78783708796175 4.893068457323772 45.49633444102827 -23.619144048091194 148.38955406454352 22.527510214538218
206.59943033055177 5.737896641281224 45.43368409211857 -23.218698612038356 150.18258437639562 23.165858907725983
205.24984100335217 7.825461642967223 45.701679380582945 -22.588022975579676 151.58458802111144 23.636131557463592
204.0515414041534 11.455249360223949 46.51086626549055 -21.78548891409418 152.21263793639474 23.931331633225213
203.40857769585762 15.717542976875187 47.672980089066655 -21.121945790487406 152.05886611945172 24.19529506390811
203.57918063845418 19.906704005841732 49.055498358764815 -20.695583869545963 151.29743890247428 24.38982997150734
204.25254311885755 23.733297754232392 50.54310184595488 -20.267769149550297 150.79016475326335 24.509285176170057
204.93359138243386 26.929437055431897 51.9005243505116 -19.74717626505266 151.07740055051454 24.64606493633796
205.32680963264772 29.195721179322597 52.80557857230234 -19.379589277378788 151.66711969289696 24.86256416423047
205.2890598696053 30.43476643995299 53.048092470691344 -19.264612413752076 152.34032761714587 25.179755786941342
204.92649937732648 31.054850612319008 52.802213348115956 -19.31031153350279 152.90088720854402 25.476363912532747
203.9572182563524 32.37003295526133 52.143215831691606 -19.61365262247907 152.90810239395955 25.677881578756384
201.77749868681357 35.61713087843427 51.01414198723157 -20.150109877793508 152.70133335622532 25.899874326297944
198.88653222419367 39.94928553515835 49.74033234415093 -20.69360277788504 152.50434070519074 26.12075120413033
196.41066699907446 43.878481396177975 48.68213620408926 -21.22654244607032 151.88890799039052 26.18195730401804
194.77519710538454 46.84988481567737 47.980748498653284 -21.73788913876764 151.04467909941388 26.12023452263955
193.89885979011353 48.712262493404594 47.61888013014273 -22.04121451599397 150.91441293995834 26.20963306418227
193.62845063628433 49.728629797072955 47.40117242436112 -22.11138720082647 151.49579740712076 26.435946357644177
193.78871386196306 50.31205473352881 47.11295384269072 -22.18001329842204 151.6589615697224 26.450308497230502
194.11839341870186 50.5236094025286 46.68858559088149 -22.384623330735124 151.1574210761868 26.29086526534156
194.4042878476404 50.494925230189494 46.221756565497806 -22.61370105518852 150.51379578462235 26.13715344242835
194.62129829505324 50.526511704844694 45.78240335586662 -22.74472969014615 149.97002264070383 25.97589666911415
194.76586036539027 50.622538174046355 45.320635909889546 -22.818641736792774 149.55830996433477 25.83077184237732
194.73522694086367 50.78478501617975 44.72695318145221 -22.932144431854745 149.10239406544534 25.680196262358894
194.50998513722308 51.06410250957159 43.96734952793108 -23.117415651844894 148.61110404928397 25.572219647937864
194.13871639883934 51.25473690342268 43.118507490085655 -23.35350774758686 148.40875302598727 25.637581550290797
193.58647550847337 51.215344060233086 42.288393299296914 -23.60765063445445 148.48457690831236 25.85370983511983
192.98641285415593 51.07027637592353 41.59446425440909 -23.846924479290458 148.59185903795895 26.104204734115235
192.4696524203295 51.19716312937999 41.03594977122634 -23.948041493806798 148.63877460889785 26.16086766981208
191.9608286689104 51.91213520580287 40.47941128824213 -23.778499656043223 148.69797970126677 25.849621213085683
191.493364082278 52.96649081408724 39.87884396682885 -23.44535209091695 148.81413857756735 25.347442957202716
191.01712597143612 54.210098458119624 39.17353496794671 -22.887995417931116 147.7897178772916 24.559449876574682
190.51436209035336 55.89386823904158 38.32637279798788 -21.803673205794844 144.33739990869026 23.079337658531877
190.20540586356958 57.75559167553979 37.562452016429745 -20.356488825091326 139.81382175974434 21.214639376620035
190.1567734006201 59.2876886952226 37.06884929159777 -18.982277508650153 136.1132026132606 19.56712714871064
190.22603655728318 60.35534451113169 36.81050820079541 -17.90466743658531 133.63095663423982 18.31452380905883
190.20766147450587 60.949169499533056 36.691973877181816 -17.18400978674885 132.32100940063435 17.488423329871146
190.09374750492012 61.24895200339559 36.719165850554916 -16.737723599787564 131.85530965140904 17.011480485226265
189.99643378710465 61.572944040861806 36.945633534721466 -16.415082513747357 131.69519457860684 16.71416154920003
189.77477982920942 62.249287167645775 37.18847660000763 -16.144789032711273 131.2001642111497 16.446936243087627
189.385592605865 63.60231353217641 37.27273996650124 -15.87246926086906 129.87131067531075 16.067031449071997
189.03876578708685 65.5534910773566 37.27127304407507 -15.582636112145536 127.96333211921078 15.598129604453774
188.76840380599663 67.64995233555379 37.20664856516842 -15.351269113777018 126.28577937035249 15.240880968801397
188.4781850663603 69.62537779893344 37.05198611320941 -15.231902740418573 125.17772299683264 15.06247943477004
188.19828005231835 71.53359679888382 36.86731706482021 -15.24659476399562 124.16849208643221 14.938580787061941
188.0784451881284 73.3340275878381 36.692980834108596 -15.407711037758586 122.82784782907126 14.764008782030604
188.04649932075063 74.85393018747615 36.503464664413414 -15.6886356844116 121.20647143255384 14.544867634298564
187.70705417873106 76.10841040243686 36.39322424263794 -15.956480606975298 119.72898832044667 14.37462094885856
187.0577917024208 77.28782366787931 36.340034143674906 -16.17243689637781 118.94449233272215 14.404232163723634
186.66662844581063 78.53153996518014 36.06749450122092 -16.46386895381297 119.0240113650917 14.686426963516535
186.51779643687095 79.85353032399604 35.38222924379864 -16.92752646910543 119.58130723646913 15.160282140823437
186.11414942932794 81.18241873047718 34.27565265940338 -17.59484496619611 120.15099646442584 15.778942578532508
185.55471941502356 82.37797230108816 33.0707136642114 -18.30226409040131 120.49891771334487 16.39404363936428
185.05831063507418 83.2601592109456 32.07432156398842 -18.85173661781901 120.67728489976857 16.87958140666788
184.59184252871444 83.84822150492403 31.34906702272048 -19.218845292345318 120.81685700616987 17.26541970281964
184.20940121388787 84.3694677164672 30.923648204705874 -19.42565636615685 120.80874274577828 17.544539318087516
183.95464321724515 84.88318638690637 30.782403353359925 -19.493228296145 120.50388680473186 17.660601020210756
183.6933792714119 85.54669899394594 30.99072054596133 -19.448485299571587 119.86384611926292 17.659902342843154
183.2057564824015 86.58212065146532 31.61301498453485 -19.357910174283234 119.03140382372099 17.714875147834913
182.5212860582581 87.77568771886108 32.485078434814035 -19.307939082493107 118.22151386980968 17.902307924321207
181.87992428843106 88.79798147230267 33.32084494243522 -19.314081844930357 117.51826908436891 18.11789359862439
181.38337716685436 89.4556093769286 33.82435511885072 -19.3555696128453 116.99511560249175 18.262247473196496
181.04974846275536 89.71099298171754 33.89207581560659 -19.394122770694576 116.79694203750248 18.330623553135222
180.98916900472648 89.50851317484256 33.4598182823895 -19.48444266306398 117.13495375879386 18.417611275921992
181.18870095562062 88.71360286525976 32.40805424586207 -19.73914451515779 118.19361843560375 18.64963677084882
181.35622999405996 87.87213004805697 31.43369728595494 -19.99940439797777 119.22007928279922 18.883217716013558
181.34560838185723 87.79424049692176 31.41512442010204 -20.027382673101044 119.00948139452606 18.805065221652196
