185.84010107924834 35.4607839829449 47.33404350609018 -27.607567781572463 130.84689051812052 29.36249276206454
186.77883621844165 35.84002680287382 47.875894351015106 -28.06610861026153 129.0775961210698 29.285151801286005
188.00850194762938 36.926892882751275 48.898967275788024 -28.365870399940285 126.66323858451916 28.87236503224447
189.47883687832785 38.19833289618534 49.90026747182685 -28.502007254007804 124.54901682311171 28.404463441295626
190.81693543206478 39.28309948642088 50.6530029645191 -28.540158593602083 123.12018805461722 28.073005766553763
191.78116673424597 40.06373400354963 51.16854425131376 -28.505223238305966 122.37599714779932 27.9025842725961
192.61436424135812 40.54160283190731 51.228753836680966 -28.393958256810137 122.34223648773363 27.804543156097466
193.7052285912394 40.832877503009044 50.62104532302218 -28.217975003138427 122.89013120741627 27.64799152155407
194.85193304313685 41.27173421477062 49.86858646109535 -27.98906890318306 123.38223821688308 27.355614923527952
195.59030108468428 42.09905029632053 49.54486765638784 -27.71160734577378 123.37395812301233 26.961289044816358
195.85664349140126 43.16620692023213 49.50636150154886 -27.43253103338076 123.02407902978342 26.54699640460383
195.75407957725358 44.10085358739598 49.51452949416907 -27.246979516738286 122.56868125320105 26.221283319142
195.44184057275706 44.80425051233531 49.52605099502571 -27.156495119303194 122.11311037949469 26.002050299690417
195.0813377321708 45.3324806387819 49.45686803247645 -27.088545599996536 121.92957509908551 25.903317836767613
194.78706194752147 45.71311005643702 49.26081643183666 -26.988341909346698 122.29312399566965 25.968075255832908
194.81470480908143 45.92934010995117 48.80046793418339 -26.879043956064017 123.18309097415028 26.139180014606872
195.2932890515883 45.904791686276326 47.86899018198149 -26.857019194417123 124.46860737838537 26.382371053771674
195.8520409524325 46.049294915321774 46.89468925735106 -26.83635097491848 125.64443524952918 26.574942655194103
195.94130731670793 46.67582957644874 46.49751166542724 -26.694960274218637 126.14421382445161 26.59157157155306
195.6074085700969 47.51426034171201 46.602774961590406 -26.506450968240703 126.03849050838792 26.49199739837598
195.3730615903176 48.15950029147846 46.600725499454555 -26.40336210316961 125.94175385232904 26.425933951886698
195.399900837171 48.25421315730496 45.926119885352946 -26.464765388707953 126.59962843488964 26.60574327080286
195.29113878773325 48.15535573422491 44.95135340895438 -26.584433953132933 127.64977234706586 26.933902971642883
194.73365142906084 48.483893437332 44.465083702008734 -26.611859393835854 128.00353838344245 27.063090817020456
193.8124047855712 49.12580548865972 44.53298116855348 -26.565432868284756 127.58745592270405 26.983546969805296
192.88260639155698 49.90221983786928 44.83961642037565 -26.451712993919884 126.96441744341047 26.811254483636098
192.39770962020577 50.46743056576271 44.83211835787755 -26.32616020347376 126.9848697033697 26.750149607173874
192.3266868169127 50.55270224453349 44.355144579947016 -26.27963210977861 127.82149658439789 26.92110424235827
192.2308982877666 50.74580017472992 44.07337153884563 -26.212351478591884 128.41555512388317 27.02358078693066
191.96807348109138 51.25484345866324 44.21346052094307 -26.088203651522132 128.407708711907 26.95703922834244
191.719670432933 51.73943324415448 44.44397130686252 -26.000299840126836 128.17613983756357 26.858589338044098
191.5739835269411 52.08863628757293 44.550067384081636 -25.97824262866638 127.933132725357 26.766219759767175
191.46752853329588 52.33522989868703 44.50151191805345 -25.97105426506461 127.87542363779876 26.70083268440981
191.33811620871472 52.50492840318003 44.388285288959196 -25.941990025046174 128.0257717096078 26.675959411279486
191.3639683578293 52.43701516832354 44.08344809039336 -25.962506780185407 128.4597456657467 26.74739101156164
191.72073420537237 52.2249921089987 43.532675820630296 -26.03683472300758 129.14468237974208 26.875673245027922
192.01614526876125 52.27822285158362 43.14672707160081 -26.053463844252143 129.5686088337116 26.912464057290094
192.05804661771816 52.6838797172485 43.154444003353746 -25.977212821058785 129.5184555417534 26.830889233260724
192.00146373906398 53.19223554461078 43.40686500348875 -25.866687270204707 129.29462890843587 26.75119102147721
191.72712394444113 53.53283020172641 43.72810087787992 -25.77566716864095 129.08307434804004 26.742576733963787
191.39439905839356 53.78610287932866 44.0818222672634 -25.63749124129911 128.85035993625635 26.66944943212914
191.32570222413545 54.06157724052408 44.47094938089318 -25.423601144196123 128.64465983558125 26.493468609196306
191.5601451778901 54.255378694022134 44.76916199332671 -25.223487354240383 128.58170875819494 26.32166027226994
192.01216379729183 54.355446105657165 44.8874248722923 -25.066969209741522 128.7109605134567 26.189076634048064
192.49686288254975 54.3427808306208 44.86837235228361 -24.94793881957473 128.9980462029505 26.1073548401584
192.70204202116764 54.12773366930105 44.82144306030726 -24.888990878675493 129.31819586630075 26.11551527221736
192.43325830883043 53.72548871516935 44.807164967159636 -24.90382226307658 129.58449164434526 26.2424649972271
191.79599162142432 53.19728075128177 44.792062936357375 -25.00674734982595 129.78142999401754 26.484415699970903
191.21759324005632 52.750494889156315 44.778426761636695 -25.137718811699266 129.88852105938759 26.7215617884554
191.1656513797367 52.72349544202922 44.77721804069694 -25.14892760701336 129.966042451114 26.770755565256714
191.5169155771431 53.05302055703946 44.722670798164074 -25.05259443825086 130.0466080950116 26.656747284809853
191.72182782059593 53.35241267106905 44.552919698284796 -24.991451205051813 130.0134229774627 26.53258713849942
191.3240158999253 53.339318309944694 44.10486635510015 -25.006839995252747 129.76115305177507 26.42829951975762
190.46454545005298 53.09436206255393 43.232954449471194 -25.001743757880647 129.40596615859465 26.257278745201027
189.8357675282659 52.68757866366979 41.778817805180836 -24.95442059184128 129.4908390806537 26.03457486265708
189.78276540071738 52.093255913425345 39.69896881756483 -24.948310531184237 130.14751222004304 25.766822869964223
190.06108048278725 51.551212569966154 37.58656030816769 -24.98732267982806 130.77320470984694 25.419265106964986
190.1921186353899 51.35169270565277 36.25638226882211 -24.99839834038479 130.85654815552428 25.065349877201964
189.80795028531944 51.63086573517451 36.01417021728723 -24.93259938563326 130.11813871905275 24.718627253028565
189.1471782191818 52.2826466898978 36.36434381249535 -24.81646483182753 128.73125313548536 24.288360838218665
188.8482410136951 52.98248784040394 36.49972576251166 -24.744301352465442 127.34565134627252 23.782959801626692
189.0160442880155 53.25529667647455 36.03404679701441 -24.863631432805775 126.53613652705968 23.43448513575013
189.2877667482826 52.971379146967834 35.17289880987154 -25.171575472219097 126.3731147508913 23.37690355983011
189.50843888129612 52.55636008994433 34.51149541667006 -25.330765783189477 126.73543369977321 23.418404251097364
189.79073602218824 52.5187188404741 34.518191589894265 -25.00084461627543 127.36072751243586 23.25793316992353
190.13988134362052 53.00136827534678 35.09133427529151 -24.293014106121852 127.61273651849399 22.801230609201177
190.3281329599352 53.76041034806569 35.82697463338613 -23.492919098632683 127.34926205182046 22.217281763763282
190.30776008538544 54.67623702922106 36.55120227859347 -22.669705268702348 126.92003629117966 21.631984332602137
190.1996648044583 55.89339293496498 37.218233585077506 -21.79421448702508 126.50162670435122 21.024525558178954
190.0114055441466 57.371564711264334 37.68616200449521 -20.93573527737756 126.200076533116 20.423772341240777
189.74869392292322 58.71871353179999 37.91371147636691 -20.3008285750301 126.02313361316232 19.982866574096075
189.37847880865985 59.73594004619697 38.015921750161404 -20.016431260406055 125.55469164090651 19.690718662053023
188.85656581262106 60.490075894786486 38.024441045915765 -20.03760154281572 124.16819440004488 19.30634916206024
188.6277297427981 61.0346399203342 37.84554334137039 -20.252824213311694 121.2941207054242 18.56259440045337
189.2784859585154 61.558979553211046 37.663061588199966 -20.41140783329287 116.48552246927312 17.23584419497672
190.7562455198467 62.21478207729154 37.86897501686714 -20.28244712906269 110.14864185394916 15.39634322042545
192.68910460765014 63.003865431024025 38.46588933759586 -19.888094774634496 103.63862313125509 13.40940302162312
194.61010726277084 63.85266102604696 39.17916401640255 -19.374709081329215 98.34946598597563 11.68291279973474
195.67316282239562 64.1862181839504 39.59547254556691 -19.058785961024604 95.23603333236252 10.65500766047083
195.16777917808972 63.66288725728745 39.58954646586948 -19.183051112709848 94.4217161103239 10.472313129267787
193.48786447079848 62.99164288405164 39.614126146911815 -19.537531762869907 94.98427757125617 10.733694704611572
191.7706987259154 62.688951245034154 39.739095042487286 -19.719193925029035 95.97863215507198 10.968201647783816
190.74466311984673 62.670315561776505 39.65472177953876 -19.479274001784084 96.9432482240868 10.934849806787287
190.47758460016922 62.93814273441099 39.47057837481073 -18.857537821837965 97.5730841747671 10.609741785319017
190.87801860337257 63.62106557728028 39.49998190311784 -17.98964268363727 97.80033905624484 10.08532778385868
191.8309468964501 64.70248141103697 39.791607835722914 -16.97508775719269 97.73647965138306 9.430854982140007
192.97662858471273 66.16862214280533 40.10363199213037 -15.874236159946825 97.42144397960065 8.654686193325118
193.93915610271517 68.05143223293197 40.17679782536074 -14.745105790188884 96.81780565462148 7.76315019846947
194.59963113765338 70.24732715316492 40.04936657405082 -13.691916421897648 96.27655977559894 6.91197988911159
194.75358250781613 72.55030282911642 39.87311554723628 -12.80655965031358 96.51269537870402 6.352782138311222
194.24403611392088 74.53449717024967 39.648898819652075 -12.226622300813732 97.7567037982727 6.236238835918091
193.52186583378412 76.00165016152413 39.4038975316085 -11.978780117436092 99.43662008743927 6.433555336500358
193.21730447446527 77.24572798003383 39.24236534807561 -11.873170868589407 100.83135335737421 6.653386002177436
193.37351953293017 78.45078932892876 39.139228666941136 -11.772198366925032 101.6241515262609 6.737758935603637
193.52808475598127 79.43531480531757 38.969011164690954 -11.707464863938611 102.0360273462879 6.752643680676194
193.46323053152759 80.21009414808739 38.7616630536815 -11.679016535675348 102.47905197247212 6.79880301852103
193.16139671440652 80.92843196313665 38.55860406356832 -11.660531387140107 103.24715729459643 6.923843885571654
192.61319452093971 81.54421870847244 38.338191031822774 -11.674343966595917 104.33337762005385 7.137378508283285
192.06506173019943 82.06502195150675 38.114530116973924 -11.70124217673369 105.42794171959954 7.353388612774412
191.64247689130448 82.49384492829032 37.8167908276323 -11.728078269340715 106.39137147677408 7.510636229595278
191.234138145138 82.79787092753027 37.4200403920167 -11.787599468042085 107.11263328594754 7.616470134537733
190.8871298136116 83.08012707240668 37.065425869386466 -11.86456334769166 107.53397675425163 7.6839903165101795
190.77754796736167 83.47606795677325 36.843109851950025 -11.906288921012369 107.82334735487765 7.71906719182123
190.81205591881962 83.93261335325542 36.65724570764202 -11.966108961393239 108.21237511509966 7.7915499480273995
190.69865610967452 84.34643129274504 36.34581039644409 -12.179701206612723 108.95991885757891 8.046855260127662
190.28399522333189 84.75803707522451 35.90969636961824 -12.553666969123876 110.05277887233979 8.508315680609963
189.68145833418936 85.25860984439203 35.55624971621769 -12.913758155114786 111.01879291929379 8.979632806151553
189.11094461197308 85.8509104562973 35.37536876298226 -13.139616514435186 111.41221737093045 9.263473593933448
188.64718981781652 86.39081054834324 35.255619692171216 -13.26562745519174 111.34048351922138 9.364204944673252
188.45702851031595 86.8145963430921 35.11540054499311 -13.339263321030863 111.44422725997336 9.423864208707979
188.54603374579358 87.17370689329769 34.94373407988363 -13.397747474744367 112.10395537543204 9.574070591700877
188.5666854372729 87.43176472529002 34.72882853676227 -13.528103619616886 112.83592131849545 9.818396820102857
188.2496280600933 87.48868625581503 34.425390653289426 -13.844142159095842 113.16929484514847 10.14565250108879
187.5370301913568 87.30735057484091 34.0376582229345 -14.344701210934026 113.20932761488056 10.575555979853334
186.85172422159985 87.09891630159959 33.64691441601613 -14.854049779577355 113.0109979417746 10.965785904181384
186.5860971971175 87.06693627087975 33.31157551719231 -15.236801990789193 112.62295564921402 11.209082848923199
186.6593445925788 87.17961510590769 33.095105053297075 -15.448859774949348 112.27771209917324 11.33344333040085
186.99500354745294 87.43087131194406 33.06663062335009 -15.425817092706442 112.07702602391615 11.307790555116341
187.36184214908124 87.7251845221173 33.17630649457331 -15.226156058471556 111.99921423598143 11.175544986749506
187.50190657188443 87.87909046373849 33.29914413797353 -15.029291722295186 111.89903477379553 11.045607104675664
187.59481829423595 87.93506584817834 33.37909897578794 -14.893026321696363 111.75198364408837 10.935967571705149
187.84468272909368 88.02978165243945 33.44720949539905 -14.757340729193029 111.75925948389269 10.844808371601554
188.28936750878103 88.2761168231665 33.58254617422554 -14.549575755687506 111.79867757742844 10.714137540865654
188.69209719829678 88.57781492729555 33.75685050961198 -14.318831072855707 111.59015031819615 10.530702130543286
