203.19404548620332 30.855031775399468 58.49592784056958 -22.3067615841585 106.26854400235908 17.410420725150182
203.32174978523562 30.68037903090112 57.89189831278905 -22.553155151399274 106.01025680836428 17.38926083706535
203.63287255515763 30.53378886875767 57.27532698534095 -22.719739801913025 105.93227880855619 17.370327831712125
203.85382984669636 30.37704047746645 56.748446776774685 -22.86206640738986 105.91859621660774 17.380386488193228
203.67888382130747 30.1611335017218 56.208169406732964 -23.08625714122894 106.14598886409486 17.565072837897546
203.12983920333141 30.095413805853806 55.579719037758565 -23.401631949493364 106.77826160972526 17.98603451451654
202.45966110527587 30.735692400963345 55.200740078496345 -23.571754246874022 107.4038301658031 18.35173054206519
201.7772487162157 32.375655534737845 55.326634686055456 -23.44830038154637 107.740350990455 18.478219260497074
201.06695633563461 34.16083794551362 55.435358611333 -23.255476282629694 108.23067663035317 18.6035144066573
200.37918949881885 35.444158070564455 55.19871918224562 -23.109428157956167 108.95065744725895 18.777880654346408
199.68185123741094 36.29517562132318 54.736818805366696 -22.995328468767603 109.58131166302988 18.890659406948892
198.86504888272623 36.43418539992828 53.791375444311456 -23.102436348520555 110.41252055303445 19.148394889014448
198.1383634261099 36.4138416035491 52.81923371563339 -23.312530416660305 111.22164246304138 19.466294657850046
197.96015399830958 37.360529877741925 52.60325490266007 -23.3222087850952 111.25527219412513 19.484972897604905
198.49495397442166 39.26610769236721 52.903325064006154 -23.197100050493056 110.66808435976435 19.277359050052908
199.50520192227233 41.49811343717961 53.17886227705881 -23.08883696520008 109.98249121420494 19.053183256374552
200.660578708436 43.560539981269415 53.17137312299968 -23.028052864776257 109.40966310519778 18.85389529773202
201.57604106425833 45.05810848847867 52.89289103755618 -23.05965883211563 109.01723088446359 18.73490004385716
201.85893323785234 45.62880763916821 52.14615868086581 -23.33601051967422 108.954070406054 18.847779003044437
201.53882776388238 45.55557907669119 50.95390239534814 -23.78825202554649 109.13444000531783 19.122259708819065
200.91224994386369 45.67359163208182 50.08110133822643 -24.068478756091476 109.10497031947861 19.252347666051566
200.10924301522556 46.09099275090392 49.82299543491236 -24.103730040617037 108.80451901812472 19.20114706913782
199.25986088501776 46.44278742850759 49.89413519187184 -24.04510117029443 108.5871069549417 19.156412630007654
198.5502816137021 46.81085511483016 50.13833209365343 -23.87075552927882 108.69305268657962 19.15752657620765
198.0198568036463 47.41256185076428 50.393953480967596 -23.498040254633477 109.12276730669922 19.111464587871296
197.58947971054016 48.14336971040679 50.489326559855215 -23.037451686862788 109.67574636044861 19.003972126870643
197.19906856324423 48.5937533913007 50.12391693966508 -22.723643752850656 110.48033527882889 19.00466047243144
196.82588411896992 48.76003540016288 49.31479357900251 -22.55812109504117 111.6538954849085 19.16183408507093
196.52131824963809 48.962670210914396 48.41696339208939 -22.409640189987456 112.95612298360342 19.347054107297108
196.33573097413807 48.97424616466151 47.3598944018082 -22.363221084269163 114.40000210505157 19.59873764207572
196.12292109569535 48.82264400004131 46.246834400107616 -22.420259801778364 115.65634286826851 19.831431411122395
195.70253282789866 48.84084441157146 45.26217490538673 -22.456835083498746 116.44201198539358 19.89161277991143
195.2562361002235 49.05643881969293 44.385365362626004 -22.43000477643186 117.03339532695614 19.832531239057793
195.06286857286995 49.420494475955 43.694107792287 -22.337865129550895 117.58054058490941 19.723547549059454
195.0258421052626 49.79031898529936 43.176206634411145 -22.220587516059176 118.12574845402091 19.627061603546608
194.97868565435107 50.09514851113481 42.81845918646774 -22.099559239293242 118.5877291997578 19.54986368660385
194.95443404011667 50.370972111366854 42.62885487795691 -21.9813166627468 118.80871210192676 19.44585620869328
194.99453068422991 50.65984483075941 42.58192471727688 -21.891924224938865 118.749392101337 19.31577902914399
195.06830791190242 50.997894624155876 42.60457878187587 -21.828264285383668 118.52573381686366 19.174456539812574
195.16350875669082 51.37198359776043 42.532365444523684 -21.793004326012696 118.31740058575795 19.028839114401393
195.37813924343828 51.758339674511035 42.24604772757657 -21.815444474596877 118.23500269752363 18.89496912052565
195.73024413613496 52.129413678849374 41.952899368814485 -21.835331000732168 118.15044833626186 18.739183425310788
196.00798727418766 52.320879297416425 41.88473792537148 -21.827236954220176 117.88415079209311 18.570202650041473
196.17183001879448 52.22852596833911 41.93044873188486 -21.882662582265702 117.60140673015064 18.502584147740457
196.35775886174446 52.05830780784927 41.952492361146966 -22.016916308792027 117.42443555104295 18.547686118689604
196.4385182768802 52.00020848636274 41.931576357279425 -22.165262490148677 117.29471755789456 18.634737655154133
196.33051857284744 52.095128478324284 41.88508073379838 -22.258964605542495 117.25033594331093 18.71984393576523
196.18511304751664 52.35341810833958 41.81065038284924 -22.259141309424727 117.27400255552217 18.739313860950727
195.93717257241343 52.59090214587208 41.621478462196805 -22.22758727424057 117.47098799268025 18.75649236649928
195.63656681279502 52.7113708046044 41.2899589161124 -22.218852735354723 117.90603804113994 18.82507388286858
195.53637861765736 52.93556864711584 40.87601878648069 -22.219749203711373 118.32426573822173 18.845854657351275
195.3888274751535 53.28313433315897 40.44331055955681 -22.253793444095088 118.68562619985667 18.874970709636564
194.91204880695165 53.53945990250593 40.045971990043384 -22.318500625063717 119.20591781766387 19.023385202599727
194.3286746993391 53.66063754131578 39.68403768219288 -22.36103527377118 119.89259864803256 19.221929492355184
193.80517084409513 53.764908654160166 39.299287923155525 -22.376949538742068 120.58263310733254 19.39071183768779
193.24602277765433 53.97893767495607 38.842183841851856 -22.382086608217882 121.16481943181401 19.52904700812395
192.6080158092219 54.54081180807579 38.60801839335285 -22.276250011626594 121.2909267668696 19.54998621092918
191.8796708985957 55.55348940786607 38.8661698937977 -21.981831207421322 120.63132388334 19.35552589103865
191.06317694854198 56.68402028435027 39.31919874031547 -21.638594348499335 119.5044239501456 19.063785843986864
190.45009920252667 57.72790690159155 39.490634894952365 -21.31895350334532 118.37022013942519 18.69388809067965
190.54047960697437 58.714176261262054 38.92963739260573 -20.95888678888572 117.8590937861361 18.097323592609932
191.21586248750958 59.567096217108414 37.68993830165786 -20.631936862444785 118.43594194041776 17.40959450466061
191.56018590127425 60.12696152063347 36.38369138932684 -20.471744294660674 119.57199428450998 16.92809917996882
191.16662921462125 60.25174133319715 35.30133485760598 -20.49041718463578 121.28878308531048 16.83792949852032
190.64483047509378 60.17024763728266 34.474794957309314 -20.532958928029167 123.76802743069476 17.006372240734162
190.53471264413093 60.344461083041544 34.01814491294419 -20.420870599146248 125.68929407851282 16.993335464120612
190.68538366595484 60.819385241756265 33.90320323822267 -20.185501478595036 126.34918252543972 16.727138244238013
190.81774479853908 61.33534938933333 33.98688004811361 -19.94903219297671 126.4664241769112 16.49056277326998
190.8032682956695 61.83954305074097 34.08882744918914 -19.79736133094267 126.57716118522401 16.43555874003704
190.38175237011643 62.359873166665295 34.07558070818503 -19.81170585610037 126.7838927427627 16.650787971571077
189.43882402801225 62.73376342446712 33.994726727072646 -19.97902901653771 126.88310367005735 17.088620067709925
188.43485116719037 62.933535744730534 33.9945399236245 -20.147808187466183 126.19953296606982 17.43312685492449
187.77656178495772 63.161122670923056 34.24071146838354 -20.028949510530985 124.34246608256693 17.35982191536081
187.59423016600448 63.48220795902799 34.78085552972309 -19.549398550878465 121.83927347461778 16.8823824421809
188.58341405071604 64.14587641920023 35.632428640828 -19.177884328466018 117.41643110925676 15.837260115691485
191.00181885266127 65.36843596796439 36.70522027565616 -19.284029562065378 109.28381742679403 13.895338843583989
193.7655643761938 66.67976827458924 37.67363282877391 -19.67193922233342 99.73972817511782 11.55956969009511
195.86857100001362 67.67388721056494 38.39530217554509 -20.055715053284338 92.24842326920282 9.68587459028333
197.0007295810252 68.372231172471 38.956447387795855 -20.374788900240503 88.00691601513384 8.665224329821168
196.94509630978104 68.58417026327712 39.018648658101654 -20.79094139659791 87.60578150799233 8.72375003890378
195.61861859680397 68.34838954883698 38.3799732062065 -21.3396453419295 90.89013023623002 9.801933157680136
193.68313686517246 68.1598973996749 37.56123201518115 -21.741703316981763 95.69761698133676 11.2220751481312
192.1146860755376 68.11535643230538 36.77538718845203 -21.887601636998404 100.0513082302408 12.381281782730738
191.43809775033415 68.34393906121014 36.11481895204374 -21.719715070989643 102.85143653895588 12.938247440922147
191.5623354372093 69.04761027230028 35.747421551079476 -21.14124997585083 103.58426773896574 12.738249437237258
192.0237972275698 69.99314024498682 35.596564071568146 -20.320139268214476 102.80993768873782 12.040395065530753
192.73450897907526 71.11051867709861 35.70330870767875 -19.449423674998314 101.07003610630976 11.100289475263226
193.6320512626459 72.34625833703716 35.99693846354302 -18.635211242339853 98.83991599117229 10.080984031755111
194.31568389033106 73.44096918994008 36.23829068655708 -17.96138955126196 96.95057079686057 9.227487122088228
194.70067722813394 74.37408717630109 36.38679464707417 -17.408985504586624 95.8760896580217 8.651796082783314
194.87972876731158 75.38808203941063 36.51169418362944 -16.920263606265173 95.47971543584907 8.286395834032616
194.72241912332987 76.5353027398402 36.52048845354259 -16.543756114703946 95.6918784972799 8.140364402895713
194.1856827803886 77.5236484172402 36.28374523531764 -16.367573076603627 96.52408492060758 8.263375859928226
193.5592393874252 78.19990656503856 35.865146658857604 -16.369400477136544 97.68131282027623 8.561744622043756
193.1412120344869 78.6971717659773 35.44795861095819 -16.428605796811794 98.78617533337426 8.87061621780349
193.00249099060568 79.18363819942032 35.11590598069817 -16.43827004497261 99.76097371405405 9.105719651790993
192.94763899375042 79.70825919866824 34.877700753763165 -16.384624265896598 100.62483446887065 9.27398072261031
192.6939478476982 80.14110130122569 34.72073629025851 -16.342809755489878 101.31040773084254 9.421869321840697
192.20953644546924 80.41701681061309 34.60028339574713 -16.371409830123387 101.77279698630224 9.57058627189277
191.63635301830965 80.63782506419021 34.533987693258176 -16.422827232424957 101.90965112895032 9.659125223266507
191.0993921678385 80.82134216781776 34.49342113204892 -16.45417804537224 101.83242223260964 9.676901459062735
190.75168173103953 81.12489393285605 34.37276600834908 -16.443331552397392 101.70276591952305 9.623257740896973
190.6976702794894 81.82669980793234 34.1669536293032 -16.332361952341103 101.57609343303596 9.470117794093182
190.80089000898056 82.77865847709847 33.97950939500021 -16.1372669086495 101.63388301783192 9.305763383782532
190.90417452705324 83.67964678594032 33.87500933111311 -15.910780326192047 101.85085370312322 9.177554753152618
190.92084955948226 84.4393622459822 33.817600691706005 -15.682337463825807 102.10445312854331 9.0698006548173
190.66291255899654 85.01105323029967 33.777854735219584 -15.528921738030778 102.40339797079032 9.051291679962098
190.222825818057 85.4163988155587 33.73029743786594 -15.459217505479202 102.72522929494488 9.111856119727808
189.93236648802997 85.73914433150867 33.625394796068456 -15.41899226277748 102.9886328568569 9.154530501811212
189.83877682765933 86.02978166237138 33.50818129380493 -15.390092086513473 103.12336565793979 9.159208110442746
189.77257026046368 86.27809699782205 33.420526778654136 -15.373029415538898 103.2042314098985 9.169311869394102
189.61571158358294 86.47808678956426 33.273694096017564 -15.43373459370973 103.39347814059961 9.254892776421082
189.5157704271092 86.78454865707151 33.05936957364178 -15.561905821228663 103.76345120705992 9.411965720490423
189.616386199965 87.2974612518061 32.94008720533533 -15.62774491962548 104.15452692377016 9.540498007404997
189.72623624905953 87.8631016371601 32.94859070694076 -15.581407332507592 104.356708214749 9.576707333262881
189.60936342536084 88.25083419484558 32.92570550075042 -15.491735593480074 104.41959377695615 9.555782309101787
189.39131895364764 88.49884705657335 32.81519429935257 -15.443778853999566 104.46676206831785 9.549370988007647
189.3105042133115 88.80094517531109 32.646787727344034 -15.476715382493479 104.66552738510903 9.628079349080249
189.23302679414817 89.06700623438218 32.413790867970846 -15.592326294344543 105.16166235325832 9.830875605944414
189.01527631240347 89.2087155468335 32.228948861550734 -15.723372364684304 105.6293615599609 10.053408320056118
188.87773313506818 89.3791697606621 32.236646389959745 -15.75752697528728 105.66859360386347 10.131878070267101
188.88317163551352 89.59215863870159 32.325757043642525 -15.693174052400376 105.4465793721834 10.075886590753043
188.87947020675807 89.7458802133867 32.33405870239044 -15.604030504380741 105.23875835664848 9.982002929249088
188.89713923302438 89.84783474186574 32.27365222201783 -15.517207697471925 104.9981545346005 9.861096230533047
188.93729178530782 89.91989931579346 32.20198715060814 -15.449526685452152 104.67824062540001 9.72539174446575
188.9421858963504 89.99389058944989 32.18853697863186 -15.393105046594982 104.47281717458708 9.637669172245715
188.95929662682516 90.12446593344012 32.26722793552604 -15.286811746999415 104.53365509940534 9.601874765193337
189.0156885885944 90.28160382122368 32.3841312913618 -15.123652981278653 104.81875584646507 9.595786899134753
189.0932697097283 90.40804956401162 32.49733914357615 -14.947882333141475 105.19549355002336 9.608209144637586
189.2235869220941 90.52893894330072 32.600190604292635 -14.79637851605322 105.39793519178758 9.58640914254882
189.32601557489858 90.62007041972183 32.646107143133364 -14.725362876819183 105.30999405838729 9.53065276989921
189.28523212704147 90.60516631696404 32.60614835208201 -14.741350268936568 105.18656349685806 9.510810476008377
189.17690502899853 90.50857840673072 32.55577107401244 -14.792971640931235 105.29351289931623 9.575342476801165
189.03201743322796 90.39759386408298 32.54237776346869 -14.84241223752218 105.60262066872724 9.702780388497677
188.83514208372836 90.30863886134847 32.547438203132295 -14.866588595410299 105.97175432606915 9.834263588797938
