203.293297 22.182132 53.184727 -24.923281 123.038035 24.052534
203.293297 22.182132 53.184727 -24.923281 123.038035 24.052534
203.207130 22.545040 52.942264 -24.954121 122.886722 23.975957
203.207130 22.545040 52.942264 -24.954121 122.886722 23.975957
202.372506 23.228129 52.751510 -24.772564 123.447570 24.111764
202.372506 23.228129 52.751510 -24.772564 123.447570 24.111764
202.372506 23.228129 52.751510 -24.772564 123.447570 24.111764
202.372506 23.228129 52.751510 -24.772564 123.447570 24.111764
201.416976 24.425330 52.316706 -24.621175 123.720641 24.129135
200.288463 25.930145 52.063717 -24.416949 123.826723 24.167229
200.378750 26.657022 52.343727 -24.424021 123.256213 24.111608
201.061808 29.195844 52.354861 -24.204281 122.797523 23.920824
200.045333 30.688055 52.155139 -24.115583 123.327743 24.230230
200.045333 30.688055 52.155139 -24.115583 123.327743 24.230230
199.760506 31.076046 52.114964 -24.058973 123.520267 24.289906
198.870723 33.718605 51.891410 -23.720533 124.447475 24.535102
198.842005 34.664575 51.718840 -23.699272 124.436784 24.502208
197.659332 36.861556 51.301861 -23.609642 125.270649 24.795363
197.641406 40.838970 51.349492 -23.418896 124.273757 24.273040
196.051092 45.745943 49.795780 -23.344217 123.746386 24.268872
195.501487 47.502824 48.099994 -23.021163 125.219368 24.354316
195.624101 48.528827 47.711532 -22.850075 125.244824 24.233869
195.446127 49.473365 47.499021 -22.226436 125.014587 23.703809
194.746515 50.283127 46.539622 -22.323825 125.097745 23.724660
194.693313 50.245226 46.261357 -22.338085 125.411830 23.782834
194.588216 50.249776 46.015192 -22.347229 125.608247 23.797879
194.820665 50.055673 45.938533 -22.375659 125.764007 23.840952
194.865280 50.334071 45.462087 -22.469316 125.717175 23.786861
194.816938 50.425085 45.289273 -22.446281 125.853962 23.759615
194.418985 51.177208 44.272835 -22.444279 125.817559 23.502351
194.247064 52.099744 43.392267 -22.488875 125.857253 23.384641
194.270037 52.574659 42.981327 -22.558971 125.869645 23.321672
194.045755 52.843916 42.472087 -22.698693 125.581278 23.244845
193.709086 53.121295 42.018721 -22.765007 125.440641 23.158495
192.626323 53.949218 40.250973 -22.648975 125.836530 22.857921
192.327107 54.043719 40.085217 -22.668338 125.881921 22.871468
191.898358 54.603753 40.163937 -22.546540 125.593558 22.800749
191.142348 56.857759 39.601946 -21.526343 124.205960 21.524152
190.686207 58.460631 39.048083 -19.544425 119.024289 18.509349
189.850105 60.249254 38.111542 -19.215572 119.416914 18.182126
189.985520 60.801428 37.754020 -18.982539 120.175679 18.047617
189.960522 61.257188 37.665805 -19.081283 117.908387 17.433898
189.960522 61.257188 37.665805 -19.081283 117.908387 17.433898
189.960522 61.257188 37.665805 -19.081283 117.908387 17.433898
189.216329 62.261917 37.477989 -18.757818 117.369496 17.161188
189.795862 62.637513 37.574142 -18.577298 115.995370 16.634931
191.337002 65.405414 38.635585 -15.906913 111.342429 12.329547
191.446573 67.374655 38.219287 -16.389440 110.227687 11.949869
191.263248 69.093308 38.080421 -16.324440 110.527607 11.852589
191.152466 71.444586 37.723310 -15.449121 111.494626 11.523976
190.940981 73.696139 37.414085 -14.889214 112.352667 11.303400
190.861963 74.260719 37.174932 -14.903077 113.623954 11.681207
190.657833 76.711741 36.939020 -14.236492 113.783825 11.304502
190.041277 77.515505 36.524680 -14.346468 115.045365 11.671895
189.249239 79.353938 35.764359 -14.451068 117.132646 12.075625
189.249239 79.353938 35.764359 -14.451068 117.132646 12.075625
188.599280 80.678644 34.951221 -14.898147 118.920458 12.688700
187.659265 81.276887 34.324907 -15.564036 119.359656 13.376597
187.181571 82.472390 34.045392 -15.533683 119.610808 13.584178
186.907950 82.862762 33.799107 -15.702574 119.836839 13.833008
186.799020 83.025353 33.676103 -15.818199 119.985119 13.966393
186.726985 83.119055 33.664868 -15.785447 120.261190 13.983008
186.669541 83.543587 33.702778 -15.577609 121.400602 14.107439
186.534773 84.201277 33.515744 -15.616493 121.958753 14.294723
186.481208 84.208504 33.579841 -15.580277 121.570183 14.187535
186.481208 84.208504 33.579841 -15.580277 121.570183 14.187535
186.470560 84.440872 33.657539 -15.357543 121.645973 14.113131
186.470560 84.440872 33.657539 -15.357543 121.645973 14.113131
186.470560 84.440872 33.657539 -15.357543 121.645973 14.113131
186.481208 84.208504 33.579841 -15.580277 121.570183 14.187535
186.499520 84.236674 33.525723 -15.633292 121.483872 14.218625
186.499520 84.236674 33.525723 -15.633292 121.483872 14.218625
