113.88556289782449 28.8936013281193 152.56132310973038 -5.942842825841195 -6.227684893964744 -92.8508179493603
111.67292614823043 29.326777718276837 152.2254361217968 -6.631244384063484 -6.923424011007894 -92.94872371571918
109.54856342102836 28.84118140365191 151.38951081658587 -7.2509479525259035 -7.600038145874814 -93.38587681642868
107.6623880730736 27.774789642363583 150.38172140277163 -7.738679372403309 -8.124718977966012 -93.68915824010742
105.98074953561476 26.470886148605793 149.49813774013757 -8.093218007198404 -8.466600156265653 -93.66217981970712
104.6657575362362 25.40935504922384 149.0675993678485 -8.473929417661694 -8.807550266341835 -93.46807355226858
103.72012515651883 24.58519979095764 149.06076291781207 -9.135586485638076 -9.424374313130079 -93.27849120903552
103.24755578051582 24.113843753223783 149.4590545830474 -9.933075226783668 -10.198015948382412 -93.23946340282299
103.37566723017517 24.246991387543936 150.4108720382846 -10.570908759890782 -10.842867255381266 -93.37401147786022
103.62966517836614 24.4680055707418 151.62512652213547 -10.96997907079636 -11.228109335815432 -93.32195322747754
103.49346062908535 24.189348168040464 152.61031132187998 -11.153933686721544 -11.347441001564588 -92.87571259346997
102.52304097474111 23.420112991251905 153.10029040535068 -11.127202125535298 -11.230199853905875 -92.23852589287165
100.06981154230527 21.958311501418258 152.82904262740325 -10.912778588432785 -10.93653698439745 -91.69967987741435
96.5546709728811 19.90876054162205 151.83104587947105 -10.7549756935192 -10.725370568971858 -91.33615727985169
93.40421748209275 18.451518625042077 150.65396237518212 -10.76907600996946 -10.68235224938806 -90.97467238867392
91.0609109615962 17.670329032639145 149.529075069778 -10.870463314927186 -10.728595265889414 -90.68965525659796
88.89279959170989 16.250853905649553 148.2470818477607 -11.073219542465864 -10.92182761025321 -90.70291736013331
86.55462887459072 14.251501907504842 146.9277776752363 -11.393725872326685 -11.2606744928772 -90.83834821336933
84.12884132779126 12.93320031538609 145.82880492604815 -11.92866515377223 -11.775270047532432 -90.73528534971103
81.5357696789089 12.280628946472362 144.67362440683337 -12.75699882072267 -12.507439195664157 -90.33348389601707
78.8533358616398 11.806543196112392 143.2369939715325 -13.719469033481772 -13.308558472339676 -89.71010049732021
76.84845706010734 12.241532301701675 141.89832904693935 -14.211619758105254 -13.561109588394086 -88.73168499098416
75.8121459436746 13.37357487232827 140.98860876408867 -14.06237439940984 -13.13762889714605 -87.5645349160772
75.03522686236438 13.722418461736101 140.53517905344182 -13.903247906579018 -12.776700219536481 -86.58394733039711
74.2443758216362 13.841434126148846 140.09896821304983 -9.624324821585883 -8.990708798092912 -84.15455527174034
72.11149729983163 15.2126159598655 139.7007933515084 -0.6608858649114815 -1.2034059556876544 -79.40477176361993
66.66018307476516 17.07400342045242 140.088410578378 3.205451877043101 2.3404033320752777 -75.3277605400472
59.43527106077981 18.218944952739168 140.96257521277244 -0.40111147705548295 -0.354279123467058 -73.65066410438007
53.12984009674776 18.43367988060935 141.54077449422445 -6.123775485824758 -4.8941281199725575 -73.48172537465922
48.432023863192185 17.753503766638463 141.56678087491582 -11.316213671389926 -9.176382045091481 -73.93846165665809
45.70774186420822 16.81187184428311 141.13522928264283 -15.020916385955903 -12.305601062343705 -74.23660909808021
45.30832882690015 16.40425116241841 140.6336510470676 -17.30877225616776 -14.23932176676231 -73.9483985901776
46.86824624830596 16.89460664243193 140.42085599235733 -18.450536729251237 -15.117159951626952 -73.09243781463263
49.52973544689834 17.92599584433201 140.4883486950697 -18.59981621504766 -14.951740126797977 -71.8462121238915
52.15752512970561 18.387458463526936 140.4503213660547 -18.267309425556633 -14.36582733924567 -70.58361393856237
54.01909884762288 17.851630081787814 140.10151465852226 -18.095760295261336 -14.16816430293207 -69.74982953514174
55.03882962937173 16.68339068446013 139.45748712438862 -18.205746854302603 -14.37655893452268 -69.39348522869525
55.40479023040646 15.28260886616657 138.5812194274704 -18.404532368590207 -14.650499647813987 -69.28133368231657
55.38718999483279 14.090851489352232 137.6541096963646 -18.58334110549043 -14.85176500300829 -69.23357899306652
54.96452359436651 13.096882649738225 136.7433406386135 -18.640454188056815 -14.898317777789119 -69.14048084492728
54.16685468146453 12.340712730494339 136.0791004644226 -18.594883709092535 -14.833204988950577 -69.03678452786909
53.23589321904963 12.176158987211647 136.19119673900371 -18.589513280938 -14.792894422770708 -68.97819356498034
53.20912846093195 13.456927554169724 138.04019416317755 -18.5131691667088 -14.57870768504761 -69.2247786736122
55.27503052236526 15.829867594662627 142.3235106956629 -18.851897961495432 -14.87391518973585 -70.25078254102004
58.36638852133427 16.26246522249648 147.5498752177178 -20.209101324740566 -16.535449099348305 -71.64193812316047
60.629193673100936 13.305864375135343 151.42207421997844 -21.684953953965298 -18.352428473290495 -72.42397216130126
61.56030004525224 8.16044318682318 153.28649003445753 -22.346462582091128 -19.137617884139793 -72.437482611567
61.429012971376466 2.3740559662367176 153.64565180616452 -22.256095437926724 -19.04168815277664 -72.02128149067427
60.95586066363702 -2.554102922994351 153.3678558059169 -22.093970668196484 -18.853411229869835 -71.96523705852033
60.64107022650951 -6.042696518513813 153.76486630319488 -22.560499021568774 -19.344462537766706 -72.71838581094264
60.472545335144176 -7.735365359610495 155.7333588695042 -23.492025361236216 -20.26197560140627 -73.32480088667256
60.77093468988742 -6.544908810425266 158.6101788763387 -24.50245593980804 -21.223874851494504 -73.28408175034832
61.72296298285676 -2.87227993582588 161.00988678763434 -25.7939875172944 -22.605588381966765 -73.88924116199183
61.36462259451025 1.7799210431717598 161.3586010001667 -24.218706086619775 -34.00546700424458 -69.07013072109005
59.1219290037494 6.763296858250306 159.49796859015564 -18.43278012277115 -55.754510495004 -56.21253102375941
58.17105809768349 10.63299345024853 157.44670941631875 -15.393609225418167 -66.02807167832027 -50.019973407538586
59.414213468382414 12.859764694253927 155.45648778379444 -17.58472290010606 -59.292121571351096 -55.61552777973713
61.38276889794264 14.923779475258133 152.43055491770272 -20.832153774483768 -46.83872389795759 -64.25292195239543
63.34034555813594 17.15420042112326 149.00985623480767 -23.159709148304295 -34.91717050321434 -71.41533266316934
64.96008084543429 19.06061064718967 146.1666252228415 -24.394888785239992 -26.38848736619767 -76.16145240916748
66.27578513447662 20.61232696537913 143.96494156297558 -24.76235675509507 -21.521046629489934 -78.60138503864998
67.49060483382652 21.96751409360715 142.17481888034 -24.590153163120117 -19.450614240836554 -79.36518000642266
68.7041426408259 23.172275901196368 140.66382105872054 -24.11158279517292 -19.011664962379662 -79.19690865107965
70.1105554539257 24.445529921251627 138.41406492626456 -23.556170758305317 -19.343095428191923 -78.72181245499044
72.01000280180614 26.25882696607009 134.43253703081157 -23.12090298736865 -19.988588376648103 -78.43169737001526
73.9810379842083 28.249990730252513 129.8107132689716 -22.865796758294458 -20.6440366243894 -78.41854638095542
75.38388045197334 29.693088531673787 126.04382760953688 -22.764763135764177 -21.145689739789745 -78.4976661327215
76.35368536230627 30.75578677461722 123.7500509763801 -22.808217577025488 -21.504701383701686 -78.47495897140888
77.25765097185001 31.813391730607417 122.9374778772996 -22.969986685748033 -21.779718662815146 -78.23296168856442
77.9373031223045 32.433783185987494 122.82597143987861 -23.09348139005363 -21.909876099096213 -77.87062308907736
78.25648779662563 32.299275353359064 122.68736821979874 -22.99160648284571 -21.753031117311593 -77.59488891768086
78.39927517633778 31.78758744676633 122.39492039554983 -22.71370399775796 -21.39814321714374 -77.44604853972339
78.56781688508259 31.47198867378495 122.16447886417882 -22.405153794412392 -21.04428934860082 -77.30983507207179
78.8656896248678 31.63291753777945 122.18789352982435 -22.040177872408194 -20.679325719263304 -77.18438371922232
79.17106334037024 31.952000968810424 122.38741389790746 -21.780775905565093 -20.452129375951888 -77.1715320785983
79.43068881479758 32.193945070268356 122.61641332439216 -21.776529209550347 -20.494366803093857 -77.19362181011698
79.70717525393248 32.36546241848702 122.72536691912725 -21.72167922521075 -20.450169390033995 -77.18345220699995
79.97933061727863 32.44456987731088 122.63855662770894 -21.509117486251355 -20.19845962483403 -77.17586780448133
80.21541319422354 32.47091810225531 122.44765020028996 -21.334273163986467 -19.99995751317328 -77.14673411136809
80.42988640337552 32.43334787440973 122.17837389026059 -21.125715393431232 -19.827180051650473 -77.1703254507917
80.82780519159905 32.36965425917754 121.78040174377949 -20.760557978686187 -19.572000265287755 -77.33477485230942
81.78385852103833 32.57607696809766 121.33825605870501 -20.287952617767534 -19.282636936279836 -77.69950617836291
83.38637154868721 33.41548406157261 121.05561368751333 -19.804418530461547 -19.013972004808668 -78.32607696584395
85.20194318356087 34.81523825185137 120.93381086892386 -19.359553396089908 -18.765263885451493 -79.13902212200472
86.7064592548121 36.290901189077374 120.74550485801589 -19.0032276742226 -18.550951439236968 -80.06850755932163
87.80948478684448 37.50808348376032 120.26344476024174 -18.715297627320616 -18.347216802878314 -81.13815803472293
88.71908945253955 38.460632893790844 119.40344186528729 -18.32372718094517 -18.009176095219605 -82.31138260880869
89.4644630306283 39.18996581118034 118.31268263692053 -17.870872072303953 -17.601729084169826 -83.40254975978543
89.98193161619469 39.77635908564607 117.22916423376546 -17.575210447335667 -17.3480084167084 -84.24161744030256
90.33998058684082 40.38200114592766 116.37483478142765 -17.491342390250544 -17.297678324799897 -84.83679822105142
90.61905288639365 40.81091777144557 115.77666928412717 -17.359779185453128 -17.194974773595174 -85.29671625048883
90.96502630507035 40.84799308268324 115.35022403171243 -16.754870697356303 -16.627100148854723 -85.67961047683016
91.48962638177329 40.737787434879834 115.15892325861438 -15.71267733961465 -15.628192166344352 -85.99248804904327
92.02737805874634 40.644963252213174 115.19389049771844 -14.652525192641114 -14.605192456326382 -86.24308476566512
92.41955919043957 40.61789909636006 115.29775266071965 -13.658044197990336 -13.632038871756698 -86.4450586107984
92.75705725270821 40.84313477980667 115.32596821773848 -12.64002134869336 -12.617111441008731 -86.69301949464219
93.18687758046403 41.47546318547484 115.22933523852137 -11.727279774720706 -11.69772997975658 -86.9717989462502
93.79791048515915 42.63013557014278 115.11875198866142 -11.018661040588103 -10.980768954775463 -87.12646714074634
94.57956682619286 44.4227111816377 115.05518436690416 -10.551399780726296 -10.506839965386598 -87.23887054590297
95.443775530592 46.74083536541964 114.93568576581842 -10.340851752129147 -10.293780225011208 -87.53352092208313
96.28700485104278 49.09713970684237 114.7243931175115 -10.2466473373165 -10.200486681640829 -87.96085269954182
97.07844199139923 51.31953355678029 114.52462619641749 -10.256105875210423 -10.215495381217195 -88.47702973128831
97.82797700142376 53.61918494399581 114.39116830113667 -10.428198751579327 -10.397861136681044 -89.04369268670045
98.5302538057436 55.798032200493864 114.22909966418926 -10.58286929317864 -10.566229781416112 -89.59653264824601
99.2621109932225 57.527206692579355 114.02494017435455 -10.597200682030467 -10.601579505644786 -90.33791780845391
100.12789803443252 58.93602627223776 113.97390146998458 -10.60667244131696 -10.64185504150656 -91.33956889214666
100.83330052457723 59.94455190232734 113.93164256974038 -10.743681222700644 -10.810262659496956 -92.33309929953955
100.85004676893732 60.114922681398994 113.46878873551708 -10.896259884261434 -10.980549824351094 -93.01396089781088
100.62995693349308 60.29676492263943 112.92159947999875 -10.884612643628762 -10.98099057707212 -93.5655961028754
100.99720318348187 61.69591346511446 112.86803336695053 -10.662131445921364 -10.792103816535215 -94.35342542215933
101.70082144394843 64.05717073401297 113.09018701846392 -10.263702463087377 -10.453503352170554 -95.24074369665558
102.06889415242938 66.66516859289422 113.17113831385905 -9.838129008257322 -10.085023690348963 -95.94221268805487
101.91928247000098 68.92738099698366 113.01937759615846 -9.620415690821474 -9.90122194724811 -96.412175877904
101.55225193449554 70.71733707974195 112.78855211902943 -9.602576342895118 -9.890470071780744 -96.53124086321584
101.44186895963736 72.49415308868899 112.78232548688379 -9.571237419123916 -9.841779073493793 -96.2795168299503
101.81644735003778 74.3073663323855 113.11239739235404 -9.565518139329491 -9.829005670502315 -96.25156417694824
102.18511306772936 75.84797334643564 114.50478195387501 -12.69526330576553 -12.476120223256212 -94.96580036809536
102.09132917190777 77.00073979264027 116.7428230460234 -19.18718344980387 -17.945588370676255 -91.8170827476694
101.75822258179326 77.41852489665706 117.4391593125284 -22.221681896327603 -20.563130886612747 -90.72392382153606
101.25397080215008 76.94131274622774 116.08615855150356 -19.964668755965043 -18.740426545940686 -92.4327916772155
100.76699943828831 76.34962231807664 114.27475586693035 -15.72424267197936 -15.127747367816667 -94.26644887736954
100.73877156125658 76.42710708395677 113.05007033228993 -11.614850191345411 -11.560195315406526 -95.51885868039237
100.89312018575387 76.70708733452365 112.37919367138747 -9.011393047208323 -9.322830839735701 -96.43887880228604
100.67245807897709 76.22886195781422 111.6623378160767 -7.98736132314056 -8.492230324615562 -97.11787707284554
100.42469782238354 75.57883097676806 111.03018459207047 -7.803766166969567 -8.395677165324134 -97.51417066647284
100.71639555626595 75.8702648616605 110.88559446455685 -7.649461267369419 -8.286202798460932 -97.63505601749947
101.20101468954432 76.79066828539362 110.99936010642364 -7.464692052145288 -8.126681139746891 -97.63076722166053
101.3083881053171 77.57075854895686 111.05260664478936 -7.748829753579621 -8.41987523741173 -97.73829555508077
101.224195036081 78.37956892757286 111.2921136802942 -8.518251535827599 -9.193568019363237 -97.98959058289427
100.95698125829666 79.5944146014285 112.76129429838952 -12.03914020269874 -12.33335148158607 -96.4471380712967
100.27266233031693 80.60582313585815 115.1036498295638 -18.559154278331484 -18.002272469757592 -92.6761265438738
99.89457702370287 80.93880575953477 116.00263726263702 -21.933584666179744 -20.909158270449343 -90.51689496417663
99.81160501720541 81.00381618970965 115.96019939273711 -22.92025433890141 -21.718876285161862 -89.60593816921968
99.45687320240523 81.22953749693653 116.50491170921953 -25.369523397677767 -23.815690851589437 -87.99024274332757
99.4516883490819 81.77771515159132 116.45299535638233 -25.26375129683451 -23.785946771231114 -88.38924067367768
100.17387511859587 82.60461636100084 115.44446944395993 -21.576890384293524 -20.684977569207962 -91.11260118102825
