-5.8290537179817985 -76.76122203957505 -21.210630218534604 -1.071859950771255 1.2557382057439583 1.0577301642236216
-5.789715365023492 -76.57113739664794 -21.21937703343179 -1.0702516480548907 1.254317232001885 1.0583845842302602
-5.754582582485147 -76.3177117168144 -21.203522098408996 -1.0688189330516034 1.253127469182298 1.0591307643048566
-5.744501345147604 -76.22499803349189 -21.213637575841332 -1.0688535232214387 1.2518736388689362 1.0608768274439462
-5.7587183048483475 -76.25115899086195 -21.23031031144486 -1.0697668922727757 1.2511196559214728 1.0626609139671923
-5.736163817400503 -76.11309012457602 -21.1677531714325 -1.0711951174883672 1.2513037038686434 1.0629896222785873
-5.638853926235214 -75.81274434720831 -21.020676618758905 -1.0743197927190866 1.2518364151311163 1.0622132861931841
-5.537832350648573 -75.67900795845432 -20.90048748819926 -1.0783847735696868 1.252152060371842 1.0613803337836905
-5.474499063212477 -75.66333279965417 -20.856801247868408 -1.08074058769847 1.2520341886244524 1.0609195563657514
-5.456360005677925 -75.50868384232012 -20.846433859181346 -1.0804422958406692 1.2524193361575287 1.060923680891593
-5.5479374159589065 -75.42585767900056 -20.849851206366452 -1.079806682130077 1.2553191539641355 1.061248285653087
-5.731578042975972 -75.63684893307504 -20.876167608200177 -1.080662631319529 1.2598916416969472 1.0617125275204438
-5.865183104621802 -76.0061846578773 -20.934601095911724 -1.0820987255008285 1.2622039280521555 1.0624063777417698
-5.890751394275446 -76.44881348076738 -21.00733397987753 -1.0836118195620101 1.2616351297384483 1.0623307678297136
-5.852736792784587 -76.86171134008359 -21.04526069298681 -1.0852957678452155 1.2604552694493873 1.06061135809686
-5.73387203504654 -76.92850244427487 -21.03686685424492 -1.086013419037393 1.2576883310126172 1.0590722758350783
-5.582894497812781 -76.5271849177399 -21.028010509450368 -1.0836738658995615 1.2526324030539664 1.0598720860923403
-5.524252154712678 -75.97829709664856 -21.036037606288577 -1.0793006871696185 1.2484780025699571 1.0625500340486669
-5.593877643611402 -75.75197235757201 -21.05474484829061 -1.0766528573338205 1.2479535584162602 1.064938004277594
-5.75322063089439 -75.97842753631937 -21.09733533710768 -1.0766393661093092 1.250558209558898 1.0660865540015698
-5.89643336304064 -76.2892140503744 -21.11128002836986 -1.0785748427161965 1.254832657465791 1.066093849635059
-5.961223915281007 -76.26826175868833 -21.057073876553403 -1.0801147988762272 1.2596203257801197 1.065328038780058
-5.937205651012368 -75.93409863307025 -20.97189075101015 -1.0806264649061619 1.263593632905011 1.064919781557807
-5.8268126652574574 -75.60148435115374 -20.868398846791443 -1.0826296050020374 1.2667178535612185 1.064811396209279
-5.655800495949787 -75.35938923591448 -20.760995311632698 -1.085265040336983 1.2687482120896783 1.0644350035670598
-5.398405682115213 -75.14194802780018 -20.70939992514288 -1.0863328604734672 1.2673333670396247 1.064747883070289
-5.060658241888209 -75.12725639346792 -20.758868571401408 -1.086374447387252 1.2617164096553117 1.066730252309054
-4.712296729837814 -75.41960303392653 -20.856953297597606 -1.0875633153884854 1.2550260674892253 1.0696058450413697
-4.38662255490339 -75.85079269414116 -20.92299318904417 -1.0898362008293476 1.2506164941648854 1.0707686531178244
-4.105818029294923 -76.33342987550449 -20.923187786770697 -1.0919430557537715 1.2501291694749859 1.068306656630309
-3.9143772583280723 -76.79981292307949 -20.872380092752188 -1.093604925849159 1.2525905459876063 1.0638702013414116
-3.7377361268447835 -77.210971689827 -20.822929147984972 -1.0938438358013054 1.2549903111300857 1.059964681777879
-3.5322794266697075 -77.8060824570675 -20.8156742706795 -1.0922014056236233 1.257362303548633 1.056968199852531
-3.4626041628898925 -78.71264325332292 -20.866263473081453 -1.0894096257786676 1.261764436413298 1.0548905446809085
-3.4451191232813256 -79.51942991089598 -20.922412355441082 -1.0863653521150263 1.266351692715902 1.0537057092569195
-3.189434818309153 -79.918639688354 -20.94287852235709 -1.0837835138296175 1.267572152597314 1.0531440740669566
-2.7477887563597805 -80.13863645820445 -20.967248767596047 -1.0819225766910985 1.2658771102044912 1.053498762385887
-2.329898103407193 -80.2780201613782 -20.99196528560529 -1.0806761232389657 1.2639055924844125 1.0544366032864754
-2.0418609122931812 -80.28251657209478 -21.00243888264809 -1.0794040724809404 1.2626176283933384 1.0553595213516043
-1.8785840927457136 -80.15554614193775 -21.01683858211262 -1.0769250029535358 1.2610381528284733 1.0561428822692709
-1.7155969920886962 -79.85637139598552 -21.015415510624347 -1.0735030838340804 1.2583376617117157 1.0566828772091168
-1.473451430263498 -79.52472396310975 -20.972224878160837 -1.071427120952591 1.2554038608367997 1.057302946868869
-1.1762334559237995 -79.38159451719272 -20.899210487737413 -1.0722122459400392 1.2530064093726567 1.05829270945016
-0.8935074046450465 -79.41641962008093 -20.807806800167512 -1.0749664682194087 1.2519212189624596 1.0587825937403414
-0.6984217460934061 -79.53856605335656 -20.709506875153956 -1.07723345990415 1.253716008331602 1.0571186001302024
-0.5902029207012784 -79.76537168772327 -20.65297998055 -1.077228218875179 1.257471606684942 1.053252000907417
-0.5102005666454126 -80.01539997054206 -20.66316623729912 -1.0739473422757564 1.2610287313336648 1.0495330907660094
-0.44047080967916263 -80.12502607730306 -20.709146111072595 -1.0671026348860027 1.2642936531031888 1.0480063615200441
-0.35009669587597714 -80.28571964421492 -20.762499292470242 -1.0604091200176218 1.2672138606935641 1.0478748464289682
-0.14833573516022325 -80.82809319637371 -20.81813711823786 -1.058683790574439 1.2687396066564105 1.0476425439499009
0.20492592409343494 -81.49656703790043 -20.872745481071995 -1.060126551206238 1.2680819328952144 1.0483936096023458
0.6353710485751698 -81.82492776956951 -20.918696468145622 -1.0595511931385928 1.2657229368544933 1.0514441828211025
1.0390125661860097 -81.97997775382234 -20.963509664636547 -1.0570529358276655 1.263751671397634 1.0541060471843733
1.3654852413419487 -82.56921230973697 -21.056792875658996 -1.055301500861701 1.263996288904233 1.0530044564389627
1.703698971058011 -83.54795491274568 -21.207416986160297 -1.0538812112944271 1.264578519561015 1.0497091794785995
2.1054235973926283 -84.34553850765721 -21.323463064115522 -1.0520677459233587 1.2644780311200436 1.0473686891819918
2.479343034286202 -84.68951187110204 -21.31054272929343 -1.0504995650560298 1.2662827476239584 1.04615122116702
2.87586005550379 -84.64727342358061 -21.168206990451395 -1.050394578062311 1.2698486366200044 1.0443728447493072
3.317412947970198 -84.66624896924634 -20.993436636818362 -1.0532817777504926 1.2737297210559295 1.0411023384150564
3.736297448362622 -84.99530052062195 -20.88191801169142 -1.0577504186778257 1.2765791289003339 1.037772247800837
4.175428453997762 -85.58092942145437 -20.873318578906016 -1.0610695036419462 1.2771813214880723 1.035887285122158
4.70407053199189 -85.99605135876664 -20.912060912456678 -1.0607250409567965 1.2759563682717605 1.035308853043286
5.313014449578815 -85.61027673315141 -20.898694275700514 -1.054887397429605 1.2732001217759104 1.035777357851713
5.876843789464786 -84.87937818791183 -20.850800026273525 -1.0478423096807647 1.2701073590355045 1.036688984153019
6.277892414219683 -84.85307240583401 -20.857297978115426 -1.0464907494099351 1.2687644292243163 1.037559351986798
6.55214150407475 -85.62635446776775 -20.93439299838673 -1.0508777647339291 1.2691913496421847 1.0385026267029989
6.847121972129177 -86.51159685229877 -21.028606701088734 -1.0558680463020198 1.2695047699703232 1.0391798675631434
7.185184899736725 -87.07673438633424 -21.089382826951983 -1.0581586863511936 1.2698418863449956 1.038755636579697
7.462139137502971 -87.50404623216629 -21.12040187191873 -1.058154677832627 1.2721684170484866 1.0364161541422825
7.719033578928383 -88.10261595859718 -21.155474963543526 -1.0582617338840692 1.275411432515917 1.032966022389413
8.06004200912129 -88.65457105701319 -21.180978697119585 -1.0591622838564485 1.2764706526739915 1.0313333133756644
8.513314196719755 -88.82635252636153 -21.1479831481709 -1.0598670854081949 1.2753558840314363 1.032113205044714
9.143119043282088 -88.46729095118592 -21.041031985504233 -1.058488896399512 1.2724709156071634 1.033207928356603
9.84002962177673 -87.87764928578407 -20.922697174226272 -1.0553250069757887 1.2686410523076737 1.0343009125677403
10.376628727960306 -87.69789481291586 -20.843072545741574 -1.0543088435315147 1.2676535178726211 1.0350772235887211
10.747066322382693 -88.0234184420382 -20.810065243449905 -1.0555800827839934 1.269864349110178 1.0345333418105833
11.067605468341977 -88.64608312052478 -20.841500586894078 -1.0561853341364689 1.272650967054958 1.0325357068536516
11.45743043398358 -89.38885246380639 -20.902923628441936 -1.0559110932878806 1.2751454132398623 1.0295412462038265
11.981331130935684 -89.97075040629232 -20.93894300429006 -1.0553328940388105 1.2764741933627992 1.0271296216498091
12.61250666028892 -90.29504901887604 -20.95182784628986 -1.0543088632720612 1.276003872141467 1.0260505733098273
13.315544493897667 -90.60723449153406 -20.984934906123556 -1.0538291847342254 1.2739845696608993 1.026069869250015
14.069923827988266 -90.77660909276861 -21.024910187486313 -1.0531902204731414 1.270484159226404 1.0275323463879367
14.79507578537283 -90.58692190605142 -21.03323028921347 -1.0500730915340177 1.2671457514047706 1.0294749418652362
15.409993709706317 -90.44150039595787 -21.04910537599446 -1.044802352257757 1.2657436291130963 1.0303667238226906
15.885726107272674 -90.64396863816177 -21.10695544970889 -1.039008832399631 1.2659514930015912 1.0299124766385206
16.243815703330156 -91.09831567365491 -21.167189691917507 -1.0346304001600684 1.2675495183400447 1.0280894060158041
16.60174599559499 -91.54048977929205 -21.15999728400422 -1.0330065323815079 1.270555665330825 1.0248484935805864
17.041939834005056 -91.64906350355227 -21.056545836573964 -1.033396618352171 1.2739159869027148 1.0211805859486802
17.54623625208448 -91.378919897817 -20.89320073834432 -1.0347066208316735 1.2763895461816381 1.0182497311168457
18.288944728845877 -91.18512926898987 -20.762198996727648 -1.0358131916682134 1.2772419425978883 1.0156740547130492
19.45988636403952 -91.60164579294869 -20.74361149429514 -1.0356332780313233 1.2774410850997564 1.012032666754526
20.768512359452437 -92.51703919317667 -20.80683111891681 -1.0344260606580178 1.2788127390849815 1.006830727993161
21.834321365745403 -93.41563328774959 -20.87274746297482 -1.0329734157023487 1.2813919512052971 1.001310651772013
22.59704807293634 -94.09493729265228 -20.936810359719786 -1.0316541893722249 1.2837011658505035 0.9974094958054516
23.150672972786495 -94.67580932015724 -21.038874005251582 -1.0310279885496065 1.284558520331406 0.9965884114150747
23.6088984011176 -95.22166051713305 -21.1651763671641 -1.0312170605077973 1.2843027664848374 0.9983517330713526
24.02272242599846 -95.7081219971085 -21.274384975796778 -1.031391678519054 1.2844882646406042 1.0003565624216733
24.486957165159332 -96.03275630589758 -21.320911943257336 -1.030822199475838 1.2859620817663053 1.0004926244260623
25.13652350671544 -96.10708389560521 -21.273382192103675 -1.0285292699402135 1.288455579507834 0.9970031046395385
25.928160740049805 -95.99697866057274 -21.1737623644541 -1.0243980975107225 1.2909328198368448 0.9911568465643109
26.750156125623196 -95.79760494789053 -21.10353877213033 -1.0195639248259738 1.2920618788031406 0.9869973461184955
27.50387156142449 -95.67905479023881 -21.104027230620364 -1.0144321227079391 1.2927470698944385 0.9845363222470558
28.190615059316194 -95.69275053133822 -21.146135555893125 -1.009507617736904 1.2940915213610866 0.9827003038351511
28.98363830836721 -95.6033067867719 -21.14728079810537 -1.0057724303794287 1.2954222182415314 0.9819652453084396
29.92912210263134 -95.37165718205404 -21.0879288362865 -1.0040833664045785 1.2959772034233144 0.9824461222809249
30.8585943588629 -95.4419572477531 -21.08990302540908 -1.0032788109084188 1.2962602539261692 0.9843084669140364
31.70677505391381 -95.57001789316146 -21.14256284560509 -1.0007095338150869 1.2971233955999968 0.9866355311134412
32.5819645650647 -94.88121014842113 -21.060320916732927 -0.9972271424013772 1.2981746908420269 0.9885087468092615
33.445325308396534 -93.68979891020055 -20.88797928188214 -0.9963400573444359 1.298063911773688 0.9918772515032328
34.15845729138519 -92.8983675370323 -20.827257510339404 -0.9985562290372112 1.2958112954907868 0.9985057010037461
34.68229268195933 -92.6604020336392 -20.89594258893771 -1.001303145502655 1.292683681815741 1.0053987919196539
35.132299987951264 -92.51748550392094 -20.946190629347264 -1.002507138749508 1.2903355627480253 1.0084033714677718
35.68222646794298 -92.04838647732316 -20.86614485128506 -1.001826042237449 1.2897036781385565 1.006277731482675
36.26657622591851 -91.37716463061616 -20.701479790206314 -0.9997838683707071 1.2919374665141719 1.0009311365115972
36.710390333034184 -90.77461928802332 -20.537383226580076 -0.9966625994868846 1.2967438850553412 0.9948892787827261
36.99476737024121 -90.35344098741888 -20.41165477278518 -0.9933961302056125 1.3020441311755766 0.9899586773726403
37.21769613737707 -90.17583476526676 -20.34247037142414 -0.9910939007491655 1.3061904904776567 0.9870957057654777
37.48610424050422 -90.13826051369978 -20.319179865495204 -0.9902668329124551 1.3080596260361839 0.9868383929871416
37.84586370112625 -90.06299195574815 -20.31626877202114 -0.9912519657603189 1.3070074165028847 0.9897552755520257
38.291481560154196 -89.91709656116373 -20.317127434131567 -0.9937336636304943 1.3038898480048822 0.9947054274648586
38.82774911947543 -89.65489775788919 -20.290545192570626 -0.9986171091674164 1.29976725256465 1.0002843640592443
39.39213667359598 -89.22957398688871 -20.210114316008408 -1.0066028383661734 1.2958099906914282 1.0057945829964041
39.87084860685981 -88.73877834715296 -20.101499894588322 -1.0150058070943588 1.2932059572928352 1.010126129758614
40.28327975102239 -88.24512061410732 -20.00150388604133 -1.0208050324770186 1.292000100365546 1.0119230181246537
40.66691885336843 -87.78050799436556 -19.929588800872914 -1.0231741367432574 1.29190444415035 1.0108342956727585
40.99840582109917 -87.40153982360803 -19.89076672939983 -1.0238700068387252 1.2919432251138074 1.0092082479385143
41.29318976997088 -87.18166821121217 -19.891596932917857 -1.0244709287137437 1.291397029329301 1.008913842887345
41.56399743138086 -87.07623423300535 -19.930691801895804 -1.0239694764098992 1.2910582708937763 1.0095842317325887
41.820372711261506 -86.9263639640382 -19.96987306779124 -1.0225487645560656 1.2914052982320532 1.0109874141311173
42.1155322157514 -86.84101093820973 -20.001464674123284 -1.0229879469131893 1.2917251648021497 1.0127062608520043
42.48511377282688 -86.98467871739217 -20.094030409800467 -1.0257044992565476 1.2907093982331732 1.0153002250044305
42.90225165964641 -87.04414388085434 -20.192047630783982 -1.0283383894527418 1.2897254102892406 1.0175319718117743
43.31396436814265 -86.6943747433948 -20.160031397272334 -1.0301478633363559 1.2910381851407 1.0167159938985901
43.68599916835383 -86.11594619844436 -20.066166188534183 -1.0310063235617646 1.2924322987747296 1.0153805973784562
44.046338328628146 -85.5316852554904 -19.999641495108577 -1.0322665313388377 1.2916449092879942 1.0168369587822292
44.43826344797398 -85.01073453849821 -19.94029503609919 -1.0343613695445886 1.290183847717762 1.018239111147535
44.84889038941962 -84.57080983766865 -19.868975460664224 -1.0350682346750888 1.2898774439746177 1.015520475345371
45.20036884532922 -84.06114370048685 -19.75276435816255 -1.0348459644208208 1.2914358491219646 1.0096509294450282
45.43958933621403 -83.35372112534452 -19.5920437092692 -1.0356199361511167 1.293953650357215 1.004654684369872
45.634313296639604 -82.60141050686948 -19.439316708885958 -1.0390012271817848 1.295242075646422 1.0028539087012658
45.81097917045572 -82.07848672586181 -19.377782780409397 -1.0432212094102211 1.294772858210826 1.002897416682263
45.933812971727434 -81.88051594479802 -19.469144866686975 -1.044602548146953 1.2925333839139714 1.0034147449697783
45.927720677374055 -81.62892879740662 -19.669045589460122 -1.0415987228451018 1.288220415016554 1.00650401726546
45.73099487027342 -81.028119322578 -19.884983822908982 -1.035986814035224 1.2833760676219497 1.0134511035353704
45.5329329711931 -80.3698035619309 -19.991483123999622 -1.0344660753314865 1.2802567417723383 1.0201804883112455
45.43322687950965 -79.83411320617586 -19.90964704166851 -1.0385133350490119 1.2808479415809697 1.0220889746813904
45.35124590166968 -79.3699647709818 -19.76187080073828 -1.0419519925838812 1.2834561987797832 1.019708570380992
45.218464191300676 -79.11493613779768 -19.756616080861995 -1.0407601461604075 1.2841717197806153 1.0170272302780596
44.982926334213516 -78.97640845718477 -19.86904495256615 -1.0379573233552137 1.2828614696972132 1.016883199730215
44.78293661600084 -78.50928310084828 -19.88510740024688 -1.0394809897157158 1.2801963346934304 1.0190160656720695
44.702455786311056 -77.71199759899552 -19.764399406373812 -1.0456837053601975 1.2766346396111814 1.021602247912321
44.68010137720011 -76.86411326699418 -19.59925991802016 -1.0537837986975522 1.2727162242618855 1.0241251331605663
44.64828927590604 -76.0481833637276 -19.435347295239076 -1.0622534311509182 1.2689411642972814 1.0269330638785352
44.51429849109647 -75.32374995833547 -19.27985517020028 -1.0698327641716745 1.2673708396167247 1.0287040401511722
44.25188161282904 -74.7475700950356 -19.155181264028947 -1.0755988129910419 1.268296834111018 1.0291568352239349
43.91973557641474 -74.340134638191 -19.103410662968894 -1.0790885407137563 1.2696925597431745 1.0300120212232295
43.5720010488627 -73.96085689927096 -19.13177028665916 -1.08237911584885 1.2686128617487595 1.0325761706176326
43.15869996730195 -73.50255280579621 -19.21715380059169 -1.0883283793755547 1.264371806541325 1.0361787767974695
42.68013574328267 -72.85103139963176 -19.288051008051042 -1.0958424885457902 1.2591210914341548 1.0396109373223505
42.24996676514271 -71.98050917629274 -19.298508328422642 -1.1027776536170675 1.25393901979412 1.0425902075159397
41.93059995383064 -71.30592707835225 -19.298794560816166 -1.109525630343533 1.2497578283180033 1.044320036535463
41.72800469674006 -70.73859058224367 -19.279810847449983 -1.1162267757012516 1.246514727936752 1.0456507198430467
41.593766830731525 -69.86904919064719 -19.183892041380176 -1.1209166650807632 1.243981157164805 1.047580970051469
41.39601618061822 -69.01023737467838 -19.07284639076294 -1.1231337484603914 1.2433853673178974 1.0493164435950466
41.044578646528876 -68.53962385176476 -19.05052614855216 -1.1238758321060711 1.2443053652137137 1.0503879051796225
40.59280308854553 -68.28566666740277 -19.101038584733065 -1.1232061729904523 1.2450907879385105 1.0504768856683164
40.112989934906686 -68.02076588847419 -19.141953547613006 -1.1215931839396351 1.2458936993138288 1.0494554399742224
39.68956634555964 -67.80719447967657 -19.169766817453453 -1.1199966760883082 1.246584242684642 1.0477039778165562
39.29441482359579 -67.5859607170428 -19.226748054908356 -1.1188731981727784 1.2458280691423984 1.0468863296657214
38.74503137710579 -67.16499031749018 -19.291486964810723 -1.1186557815276126 1.2448329041875965 1.0480523354354065
38.07104062375096 -66.41020214586985 -19.30515246472585 -1.1196861686487034 1.2450424584024082 1.0499447309535976
37.46326916080083 -65.17895028002238 -19.252210395396123 -1.1215745866054063 1.2449473003498235 1.0523646020559478
36.932007142654356 -63.602803545766754 -19.162181809495664 -1.123054277272458 1.2436907102820411 1.055948808546317
36.44046660942986 -62.02710696689796 -19.05597310035965 -1.1239847093399244 1.2415205824941244 1.0598165041970093
35.98820149307542 -60.78659300201317 -18.954575559519366 -1.1261285723594523 1.2388548864308373 1.062944772422675
35.49708421021796 -59.950974548765714 -18.88741677615041 -1.129373467672044 1.2363638332443048 1.0660208998653316
34.95264075679309 -59.30923946753426 -18.851405022580572 -1.1322603784704683 1.2339416848499134 1.0697530358272842
34.417508556920005 -58.799869289765276 -18.831422885336554 -1.1343895199873384 1.2321485570136974 1.0731973604478267
33.95568146003956 -58.4277243641214 -18.8244690311182 -1.136222298610232 1.2309727951080265 1.0750680604454257
33.571247893404596 -58.12333947305447 -18.82375467866932 -1.1386800340237129 1.229450866217936 1.0751259107633984
33.235145205586406 -57.70372666776194 -18.81150829123571 -1.1413565293384988 1.2265747305991055 1.0755598187344342
32.93004944667021 -56.94940311574412 -18.778734042366416 -1.1423274855191656 1.2217148647274652 1.0787063847920968
32.42029396858468 -56.13725459169639 -18.761430879151177 -1.1411112913407861 1.2176131126849805 1.0830963645445144
31.50387232971225 -55.64737696368452 -18.783663479645767 -1.1399673642485415 1.2163186937258956 1.0865835716057468
30.407416233670272 -55.38442623490802 -18.81778535280342 -1.1410965601587182 1.2157776036064138 1.090087150700047
29.392414607375088 -55.543339007164036 -18.940985048390054 -1.145761372164602 1.2132194017236282 1.0949148110166376
28.50229780201272 -55.90206896694226 -19.162125896749906 -1.152417537905591 1.2066246005875945 1.1003085749184234
27.676361323668623 -55.558680878465594 -19.283005332246635 -1.1571782471820553 1.1982010403549932 1.1045503767824214
26.833448273500693 -54.69822883402922 -19.26658572954784 -1.1598749399285593 1.192651181796126 1.107113615443322
25.97792806858208 -53.90136151727459 -19.197872326001313 -1.1617490450579948 1.1915001217952166 1.1087318415125653
25.197260729272788 -53.16432586450409 -19.09779683912545 -1.1628488065148026 1.192855773834523 1.1106603676475324
24.54418987451884 -52.5250531437682 -19.01023112542655 -1.1634594734745982 1.1939500763485789 1.11347490410168
23.980059991698816 -52.091943131673716 -18.95266012429261 -1.1638987044511095 1.1949539930801152 1.1157680142097879
23.469848581861847 -51.72590992925535 -18.904191889659224 -1.165574634560284 1.1952450284102085 1.1167156554554458
23.015951361371652 -51.074010227874595 -18.86075215103973 -1.1688654477979497 1.1915087729535743 1.1174177523342212
22.390251965857924 -49.99266568449462 -18.807464103682655 -1.1732395074131632 1.1847554139527208 1.1189170417274115
21.24735108976462 -48.82808645044922 -18.74546432490943 -1.1791115459322064 1.1799834109202487 1.1215152905511685
19.743662987823612 -48.1078823843029 -18.734417652265265 -1.1854301192423107 1.179196798734441 1.1248764452814535
18.298794007321042 -47.956325142708906 -18.818717340208018 -1.1900046037207694 1.180288229497424 1.128622189343524
17.119118314365558 -48.08122442928586 -18.935421629312565 -1.1928001100720769 1.1815651599201167 1.1322428229024015
16.251535484050727 -48.16262494567335 -19.00707076453899 -1.1945391641537424 1.1824203349720561 1.135568843647606
15.671828136895645 -47.93314097258973 -19.0337065105666 -1.194387328755046 1.1812752582076393 1.1390499638588605
15.285218369565273 -47.396888808462776 -19.026241672820568 -1.1935312498541584 1.178214183180952 1.142295915670057
15.139137927587159 -46.38173414517958 -19.171967443326608 -1.1926880999891813 1.1614145324103027 1.1521170719177187
15.074891458031292 -44.671439601070844 -19.50194699429059 -1.189944660250712 1.1294949513796864 1.170353222452419
14.465665449271414 -43.31491317141903 -19.65483304741492 -1.1871444843861458 1.114449405077159 1.1802831558140694
13.318835650534716 -43.289466122543764 -19.592709163521917 -1.1871226283531338 1.1253716676788061 1.1756646477643806
12.172625351259601 -44.075824671397456 -19.480811213129016 -1.189787482485162 1.144015028179924 1.1662971342234423
11.256711355029575 -44.75303027720756 -19.340098984603856 -1.193080564581877 1.1594012493621693 1.15921653429153
10.604964856843072 -44.895407010218904 -19.21770413006633 -1.194412111107563 1.1671591968531108 1.1561861469761758
10.161320695352188 -44.591350728466786 -19.13251947935626 -1.194268228757556 1.1687114974093924 1.1557559093732088
9.814125078603348 -44.05592995098895 -19.04282836385473 -1.1957973236207067 1.1676951827090734 1.156290218172264
9.314178293365257 -43.197968184139796 -18.93630905997234 -1.1990841091009972 1.1655934251764566 1.1585168744345238
8.42612270922234 -41.88498112288431 -18.844198178201893 -1.2007323924697395 1.163132804161704 1.1627501518777767
7.271997453703715 -40.31417563513352 -18.742715619207125 -1.19982469199102 1.1630341305175462 1.1654403299602314
6.105817889068399 -38.923067326044304 -18.674906884749745 -1.1979057500899541 1.1649304693041602 1.16567696839982
5.081999333755503 -38.21757313895614 -18.7553720175599 -1.1978036597621866 1.1648405406473734 1.1672457918191252
4.323816403099592 -38.208535797385736 -18.96389884162265 -1.2009337843312267 1.1611050471445328 1.171675518524375
3.7648858938015413 -38.07968729369641 -19.107683007789525 -1.2052234738657732 1.157100572992686 1.1761964707563242
3.173749633333407 -37.114449809037566 -19.05258282619136 -1.2095121338088113 1.1562115131847226 1.1792523392786163
2.5226292145833757 -35.73023954049118 -18.940046316108653 -1.2151382001541853 1.1556748549575628 1.1831803718737077
1.9384270211177168 -34.50196007732872 -18.904813795196922 -1.2218020468900044 1.152662139978358 1.1889468410264588
1.4731899181425885 -33.50345222156517 -18.8923752378467 -1.2280964619518864 1.1498979388874935 1.194077282013866
1.187446092478186 -32.68936192534317 -18.877557779134968 -1.2327283214264044 1.1485135520230743 1.1969317855269546
1.0603555199147752 -31.882030326236936 -18.892797209933683 -1.2327915531822469 1.146663848501278 1.1985927773480594
0.9859113610808814 -31.153137340424617 -18.92013770328287 -1.2297703299360396 1.1450842315826422 1.2004410582310878
0.9919012575945876 -30.556834111666127 -18.919201954917497 -1.227419839468452 1.1448993069847968 1.2018848555461723
1.1109526822167484 -29.989880572305918 -18.890502344167338 -1.226029927271798 1.1463895688858052 1.2017012924768022
1.2639971991933472 -29.463826613911323 -18.85418699722947 -1.2258466396614067 1.148895340988672 1.2009960224304024
1.3560341066097066 -28.791820973775373 -18.80024919784266 -1.2264985117330411 1.1509521582859827 1.2010702934617126
1.3472744066436189 -27.911169852590966 -18.721187780461925 -1.229189815363482 1.1522079452282616 1.2017835626423605
1.2442815264709575 -27.17562583015065 -18.664580083371582 -1.2364566374035166 1.1530959438033086 1.2029520726927423
1.1468110885248772 -26.363248521651386 -18.61282832626355 -1.2450199625030618 1.1533704259500666 1.204124267785617
1.1899972924039854 -24.853027294768722 -18.515918150636427 -1.2488879733747664 1.1512134555478861 1.2056152635983823
1.287283648249963 -23.21529105329975 -18.45242561147326 -1.2484111016354298 1.1479879141369984 1.2076212287302772
1.3488448326485951 -22.337473679895822 -18.45591274418407 -1.2488030653250324 1.1473302909698049 1.2093472060287722
1.4768641356175163 -22.098429668755827 -18.460082427639094 -1.2524477154473148 1.1486506610899117 1.2109499790106175
1.7078901236405855 -22.166246496315743 -18.44997311624744 -1.2587466092023436 1.1497141542443594 1.212884130233121
1.948660033122695 -22.262248478451475 -18.45099837643106 -1.2635885863753347 1.149932516530713 1.214221546353057
2.1226883009652724 -22.13935280629139 -18.466153939418717 -1.2636924863611088 1.1498891938076148 1.2145711005633788
2.2773862480005245 -21.607800654295502 -18.455060410928514 -1.2598861097393033 1.1496772495503333 1.2146784716920287
2.546790252048252 -20.503123992324692 -18.385567363643503 -1.2534151228109491 1.147903342719029 1.2146032203409616
2.9200948665925552 -19.310828334303203 -18.29155530660847 -1.2482746076073463 1.1453745229842307 1.2147199142377854
3.263043059876578 -18.724966266812146 -18.253026807331075 -1.2472557991029498 1.1445326398971272 1.2150084018958789
3.5547153666412807 -18.729637046276245 -18.292209279004837 -1.2491591246388496 1.145469349297548 1.2153207403243653
3.851147095895497 -18.897511718212122 -18.343332177682313 -1.2521765786445465 1.1476952277845767 1.215743781027961
4.209181900746943 -18.949035729513188 -18.357372167535445 -1.2540515320460122 1.1512136151222672 1.2146129871250388
4.651590721884645 -18.85381787783597 -18.35758657050891 -1.2537699123918076 1.1548642843888515 1.211881523148582
5.207825294631378 -18.67203358536496 -18.364178386099038 -1.2534957945212346 1.156694892097065 1.210023373305217
6.0296686031663125 -18.33765552273248 -18.33990727088764 -1.255349749978259 1.1562111832061235 1.209514110650788
7.166504005690863 -17.691541485341318 -18.2590285248685 -1.2573461107479353 1.1549820155742825 1.208909881638472
8.375408133795169 -16.83115521969996 -18.158808015562457 -1.2569887877890809 1.1543848326779682 1.207589372322068
9.447640584488141 -16.037085066808636 -18.07591266833141 -1.2555306327525704 1.1543736484306921 1.206038590993648
10.34651056195094 -15.32188769730445 -17.992406744100066 -1.2541066060310446 1.1548786135907698 1.2047525429070496
11.074185715860203 -14.529403529471804 -17.898229811569593 -1.2509867144158584 1.1558498860769941 1.2035613996416017
11.703124311418405 -13.574844960198783 -17.81291825828676 -1.2442819897217123 1.1563042340256464 1.2018282974893266
12.295433474672713 -12.677842837092317 -17.74975491506678 -1.2358022338198813 1.156010065130225 1.1998351304396009
12.855735335009182 -12.10111455646152 -17.711543578183438 -1.2291918645414244 1.1551547834758962 1.1988709341111372
13.440349010767019 -11.698719350954068 -17.68795310193753 -1.2248279830153703 1.1533417412298574 1.1982837242364581
14.052960179940808 -11.352855156114465 -17.663000825060998 -1.2220775514579938 1.1511268073062604 1.1966309526421313
14.61109312317729 -11.387618924212713 -17.664255237789735 -1.2227959925422975 1.1500294901866452 1.1951660766941732
15.115636835842203 -12.011747002892562 -17.70474323051805 -1.228264167133353 1.1514583645098468 1.1954359366084162
15.579943545503363 -12.784092237152096 -17.722954087012578 -1.235496013168818 1.1551644465081228 1.1966070112031013
15.93855992135642 -13.371590619616523 -17.715511496141854 -1.2408408497705337 1.1595427716071756 1.1974730204391513
16.16718170275609 -13.723884585107083 -17.716924664987513 -1.2425551353219424 1.1633315368185508 1.1980076336341492
16.348103799935487 -13.718506544811413 -17.699352538981813 -1.2408045790851507 1.1659835851979692 1.1984173255759152
16.690058510263682 -13.22161748964496 -17.630524636102976 -1.2368846197845667 1.1661283840889136 1.1988370373577335
17.429297012295727 -12.219378699807105 -17.52052902889482 -1.2311015742279534 1.1627140550468482 1.19972365874065
18.5224756431137 -11.403094286739911 -17.451485844266124 -1.2256078690829777 1.1584477266891595 1.2008610723021733
19.72756185328035 -11.42642820206962 -17.472352942241884 -1.224193999387023 1.1561156751156247 1.2009659661543477
20.863529058256223 -11.978329423251026 -17.510763839721363 -1.2273448070466673 1.155573151419471 1.1993496190715196
21.77365392251937 -12.376197136183382 -17.49953030819332 -1.2308783177102516 1.1558198261657693 1.1969404932847436
22.411530980302736 -12.39915343635983 -17.447253516022094 -1.2321904286107697 1.156062327695214 1.1951269338068482
22.855590099106323 -12.37574925676017 -17.404500474999615 -1.233006663369803 1.1562323700599226 1.194706690810107
23.205994752737187 -12.391743512892862 -17.386167150547795 -1.2333249618607665 1.1566057000979795 1.1951493698299411
23.563277998622667 -12.341688185692483 -17.37367964361333 -1.232580362686245 1.1569654271739056 1.195218160327311
23.96579603922588 -12.299218459777698 -17.359116111277245 -1.2318078799992649 1.1572491344768714 1.1946941387915093
24.397932153254317 -12.3593932329506 -17.358269641603172 -1.2310353562959366 1.1576339579729447 1.1940897743628658
25.03283799308071 -12.485510793619232 -17.377733689660946 -1.2289049077104424 1.1579676705121003 1.1937734490861918
26.09076287329781 -12.62436657155755 -17.38137027792271 -1.2255520592041762 1.1587189643840554 1.1934508195555826
27.358432009845846 -12.861918092163044 -17.35365655543105 -1.223382612720367 1.1606774704042495 1.1923982573839291
28.508738338296055 -13.114382957555332 -17.30921267042607 -1.2233774318120743 1.162510331704243 1.1910912989238591
29.469205010781163 -13.302753238180319 -17.285687758568972 -1.2243367649783707 1.1619170825146226 1.1910541905320806
30.272415110638736 -13.518073639773007 -17.315179682034373 -1.224456181550381 1.1588156807134502 1.1922880349552443
30.884628201247356 -13.730517911349338 -17.343376972951795 -1.2230936646864228 1.1562264489315783 1.1936069329092476
31.2141194516958 -13.790871035711309 -17.28928223546543 -1.2211735447773555 1.1569132675247897 1.1953072971119403
31.301030855703075 -13.687194650913057 -17.174511281172627 -1.219935640777313 1.159304061356608 1.1984134283961552
31.338940070362966 -13.626526490760629 -17.08848801067648 -1.2207044149768764 1.1599896904268328 1.202660134568933
31.539965323301246 -13.756612805179238 -17.078691324643504 -1.2247318961922349 1.156898125340624 1.2079368157419614
31.91315728468867 -13.995435918270857 -17.11756048631588 -1.2309987715414645 1.151154934066584 1.2140407744018016
32.291090878650664 -14.235424724249867 -17.158752439349875 -1.2365957606425804 1.1460841380832525 1.2193507016163014
32.57256434891558 -14.350983245616863 -17.16458695938189 -1.239398663786294 1.1436059034018626 1.2225214266221556
32.772574154852755 -14.357457703935012 -17.1183403208565 -1.2408574577580815 1.1435956895597106 1.223895806864165
32.95042036312309 -14.532738692728582 -17.065330107867563 -1.243177094136548 1.1452368819039191 1.2240794796586432
33.155462481512295 -14.904036464317405 -17.05373409354783 -1.2450998876254777 1.1473042681713317 1.223423657519399
33.42065974218513 -15.24404666130438 -17.067942378751052 -1.246228636208643 1.148008441284097 1.2234164441379076
33.754167208404866 -15.437774966947385 -17.06958873628188 -1.2479657695363011 1.1467606111775202 1.2249514283280216
34.112951975724314 -15.578763587990778 -17.06374057501005 -1.2509381558127788 1.1447629638586434 1.2275918079362016
34.43334780756735 -15.748094887586305 -17.07101654872913 -1.2539685367943831 1.143054928947599 1.2305433813174442
34.63881062375981 -15.88201584538264 -17.086672122334576 -1.2549717689719404 1.1418522443920027 1.2334718041171746
34.70143262992496 -15.984006435760227 -17.101631634511 -1.254822950776068 1.140992307229701 1.2375555414458566
34.71331904583457 -16.0895032031516 -17.106323574236377 -1.2561443778343284 1.1399368689107687 1.2432511758857117
34.75481925245385 -16.24775266728419 -17.112992487656257 -1.2592761779375026 1.1388880508040675 1.2485148029297646
34.814056151179976 -16.455271680794496 -17.133253854719115 -1.2621263219918828 1.139038458632156 1.251033187195023
34.84429480998487 -16.592507174214788 -17.148583190648402 -1.2628560308430963 1.1406543129697764 1.2509105315265572
34.826871364683804 -16.64090695771115 -17.169353295268902 -1.261893060328883 1.1422708275437556 1.249878961173525
34.776576888740934 -16.573909567505286 -17.20201232110482 -1.2601181915190889 1.142674468388838 1.2488322183260092
34.73353701111522 -16.384026971770698 -17.217393821316282 -1.2584591299238141 1.1420839490608026 1.2475877119036167
34.72713846823389 -16.25672649979754 -17.217229282590193 -1.2579986601855309 1.1414134811755043 1.2457502551882373
34.7205762246013 -16.25172611946353 -17.211941464996617 -1.2584130289915731 1.1414091781547309 1.2433962352215082
34.685585836682336 -16.25710048432162 -17.197267980846988 -1.2594568171383602 1.1413687017518999 1.2415419192716564
34.657116916141995 -16.2899133376417 -17.188241278914703 -1.2623951064116459 1.1398751433951668 1.241825280990864
34.66665901539331 -16.411105455366467 -17.195073690410585 -1.2675074072964352 1.1371822119553143 1.2441111817701924
34.69485813591646 -16.480000105458842 -17.197222236983144 -1.272562066283058 1.1342354707040594 1.246674650121049
34.68764694623417 -16.154834025213304 -17.151124415991422 -1.2744837006936178 1.1312600467945169 1.2488442133466442
34.64053052148637 -15.21443246905396 -17.036216662227577 -1.2719309076372038 1.1278045542453587 1.251067419760584
34.604017745867864 -14.19993732230349 -16.91777710798616 -1.2681863876058992 1.1245718829040778 1.2530262484988226
34.58298439786487 -13.706935728732102 -16.851161229860658 -1.2661756247439238 1.1235266229842675 1.2533339565062511
34.54877964571366 -13.306171840523078 -16.787990257945285 -1.26356976331272 1.1239660507621094 1.252537154960194
34.49005419973412 -12.993061970911697 -16.73947166696653 -1.2608905600008815 1.1252996361099716 1.2513864056265172
34.407070606289366 -13.451314350743685 -16.784396719591822 -1.261964326997158 1.1288462144692955 1.249015061201785
34.32871834228878 -14.378205964000596 -16.886608386418615 -1.2660615338219041 1.1330812739269707 1.2462202701100615
34.28825330318309 -15.041197634117042 -16.96246645298105 -1.2703500455396957 1.1354230392980793 1.2445791585059744
34.283188480498666 -15.310650599350863 -16.987650707540734 -1.2737600503520747 1.136190733774953 1.2439074391441678
34.29774789313794 -15.35738328711836 -16.966480546342208 -1.2769526302686747 1.1367417219098341 1.2437011898168482
34.319494033342934 -15.330685327518834 -16.918952058138505 -1.2807988084405384 1.1372647981177484 1.2442213994161944
