70.87733869439684 131.12204336256815 -0.6794167382467783 0.7463463648293096 1.4001451260625217 -0.6585356864701095
70.74185718987046 131.206407017833 -0.6262922785728327 0.7460923058959648 1.4009675519260294 -0.6525103285990215
70.5052560440871 131.23172650749632 -0.5852617939617422 0.746807738056852 1.402660653163199 -0.6480186967888194
70.31306171856426 131.31128085748543 -0.5543886343294468 0.745492109881112 1.4061917111947495 -0.6416768551843934
70.27208083020089 131.39389035203055 -0.5259766198654799 0.7454180261879224 1.4093874634648564 -0.6363527079651886
70.36562191847439 131.37754082886687 -0.49428029439796006 0.7491317544057066 1.4100540053843078 -0.635370370406467
70.47990839489226 131.3208944723396 -0.4753107718838767 0.7529177813451733 1.4098880247974086 -0.6364671420468158
70.52317311864728 131.2957867814572 -0.47975283208235164 0.7547278692036701 1.41052611446314 -0.6379606988534445
70.43725604538626 131.2048563644432 -0.49025550267492934 0.7564801191596169 1.4105571548953466 -0.641279400652004
70.03623324329081 130.9838483672058 -0.5308705161849118 0.7554588894982976 1.4106694336197765 -0.6445211330480856
69.10081144306474 130.55577990044063 -0.6560432867188594 0.7473870347144301 1.4128658376501675 -0.6459925398489981
67.69297474626217 129.8974667045623 -0.8411071914626722 0.7352668250163069 1.4173763895674867 -0.6480390719812058
66.06030971782045 129.187683759707 -1.0071215351028164 0.7224616705900195 1.4243046724600208 -0.6494855759267855
64.66875436502707 128.56511706386343 -1.1286695314466186 0.7125075682651321 1.430101929007433 -0.650792720803542
63.79756233715446 128.0957515462623 -1.1992536720117513 0.7115762984699254 1.4300148883658197 -0.6541285269129151
62.89771128166148 127.69412787054861 -1.2079512992651171 0.7184505865371245 1.4266537151852465 -0.6567661771017237
61.58375500205138 127.15606479632447 -1.1650005920152564 0.7280030002230508 1.4235482857521127 -0.6579712703264589
60.26339854825189 126.5293219228943 -1.1030325692199465 0.7378524006241469 1.4199496992200378 -0.6591715921899164
59.08621068591942 125.88833294819852 -1.0947038778065656 0.7421375767868934 1.4174202532261775 -0.6599092604066674
57.87727322741722 125.21292295806244 -1.1430182680611396 0.738067762432862 1.4176783089972136 -0.6591372303672514
56.65948950357409 124.55668642810146 -1.1853806891753154 0.7289319574083855 1.419861861144979 -0.6559869354324444
55.73144493925193 124.0786679450911 -1.2148866936894809 0.7198536812461199 1.4219354684164895 -0.6520988240090229
55.39638464239653 123.8924586140227 -1.2275719339572517 0.7183287780294821 1.4208607543011833 -0.651906582502054
55.43480654306644 123.89360537906884 -1.1940302066503543 0.7283873096604865 1.4158279862724314 -0.6569589246667022
55.22605778686355 123.8468874240008 -1.1403451003757725 0.7449040449983437 1.4094239180975912 -0.663700735087632
54.27495838983867 123.47633324410336 -1.1465691658876278 0.7567709031118721 1.4053792429141536 -0.6687598360355429
52.73450991699447 122.8344379669672 -1.2160878700427857 0.7604370129447627 1.4048842996862212 -0.6709656701205947
51.05917996684711 122.13491342448017 -1.307234107404828 0.7586621480653102 1.4067902245942063 -0.6712480934083106
49.32678736967809 121.36837246664624 -1.4124070470570789 0.7542128350058702 1.4095344413811708 -0.671990618153133
47.56595570071876 120.56566912424503 -1.5202534218893635 0.751991596554815 1.4112507686109292 -0.6746448751265913
45.869473678792815 119.79893190436938 -1.6320247017688136 0.7495086672710716 1.4128209886951444 -0.6767183630866038
44.409570953009485 119.17468283415633 -1.683848358020462 0.7471603917567938 1.4142210676675082 -0.675729322461222
43.38045548581401 118.75646208428041 -1.6759197984280618 0.7484954423620662 1.414341167349859 -0.6739484904319695
42.70791508097892 118.49118792878542 -1.691250940346945 0.7504193308902382 1.4145104075943444 -0.6724479813696114
42.18433295524376 118.28875720288232 -1.6784753586919061 0.7540554231694363 1.4144746771268486 -0.6703730495074749
41.58369181117412 118.04516051032584 -1.6021104193360771 0.7596437599160365 1.413486580949406 -0.6672086317185524
40.78497199079861 117.7751224392726 -1.534657757321287 0.7636569952883822 1.4125920789239792 -0.662883155605885
39.908579922965146 117.5118313752237 -1.5207167393369951 0.7655077321502108 1.4117977308320384 -0.6592360236541346
39.02691875156928 117.16731000362489 -1.5619878446123985 0.7649505638526177 1.4107692080171872 -0.6581018548612425
38.03076162881318 116.67373515228128 -1.645878904176953 0.7616127131486272 1.4105636747318302 -0.6599007474212049
36.94689210490591 116.11713350189436 -1.710338194906552 0.7595445644561838 1.4107912860177514 -0.6640476642626103
35.86946047758392 115.6325350314296 -1.7300608738557943 0.7614276754069449 1.4106492102509525 -0.6690839127551023
34.885995525954705 115.26168585663018 -1.7329592505229683 0.7670371301693366 1.4093390313483538 -0.6746364405138001
33.95646825956196 114.90387133419867 -1.7286252878128905 0.7750033820185183 1.4063174710355657 -0.6802366533320763
32.879992039817466 114.45599957120271 -1.7336965748266384 0.7815920952586071 1.4033762079784582 -0.6843759874300579
31.570554650147322 113.89213833246552 -1.7861599927161977 0.7835870797480049 1.402678326212449 -0.68734766269167
30.157118247116756 113.25924068030973 -1.915227086732497 0.7793891690307964 1.4047851902121433 -0.689951240481281
28.880031685194815 112.65306075420406 -2.0412748833057086 0.7733274620529067 1.407765451944381 -0.6919274604154005
27.871015121722696 112.11874934007125 -2.1073835795936797 0.7696748009771257 1.4096925170999 -0.6937049240889124
27.17841817341862 111.66481939280085 -2.168931682065885 0.7677571606189229 1.4097096644925105 -0.6966024816258427
26.819313566485327 111.3171678410518 -2.196933340533089 0.7697898659535469 1.4066439499683547 -0.7005107489231759
26.657490296881093 111.09327312843192 -2.1689123009270066 0.7744609638197071 1.4022621400421817 -0.7035246888169906
26.480219538132587 110.93645920826191 -2.1544648868721783 0.7751829810815953 1.4000684064653803 -0.704485565382437
26.237135189057835 110.83512479642067 -2.1815356524164287 0.7708203960331701 1.400891791981731 -0.7038883749222458
26.02453502921005 110.83859477142462 -2.2403675205108837 0.7637040119769292 1.4037094109587605 -0.7027479181054821
25.940108198469666 110.99468517302802 -2.2780613698101337 0.7576926299223443 1.4063654121941709 -0.7013245298510868
25.970937299657333 111.37861556553997 -2.2728119249638032 0.7538709597477911 1.408257677206346 -0.698241149975871
25.957030872961973 111.88756252272715 -2.286821641445193 0.7477363968631445 1.4105602487826503 -0.6933890423904022
25.87080789905034 112.4173534815869 -2.3119471995468017 0.7412787488824677 1.4121949707101549 -0.6894076771326607
25.92403656871015 113.14489755951598 -2.336979874270206 0.7399369121658039 1.4119503315145485 -0.6886486725089317
26.172246779613644 114.07654927155062 -2.40911628106932 0.7421880988611032 1.4106509086867953 -0.6915277716911739
26.367250371111034 115.06839869725349 -2.490679922443891 0.746445964666819 1.4085485815748666 -0.6975758130591253
26.36340275591995 116.23400734827919 -2.511103624690331 0.7541714075295529 1.405352361898303 -0.7054895744186416
26.242302074039053 117.51818549266056 -2.468465088586148 0.7640951300973072 1.402085568022641 -0.7125019494502154
26.09550874171204 118.63623177660853 -2.398370994761083 0.7723798529224928 1.3999032428402982 -0.7168375814393653
26.009459429911367 119.484189105225 -2.3392196203506357 0.776291503941267 1.3991299965264317 -0.7187492481443238
25.967769438777818 120.15309626423206 -2.3076912154537483 0.7755847065590004 1.4006488046194527 -0.7183569151200113
26.041993670789537 120.90024619000499 -2.313251027695162 0.7734120467868077 1.4037839413669193 -0.7169613548659675
26.45033318397162 121.92784468729079 -2.3503597699510155 0.7738127038127318 1.4049067267344952 -0.7174157391968787
27.033362286109444 123.14917888839449 -2.398764291356316 0.7769470826427873 1.4029938627762686 -0.7206870032831227
27.354930850993775 124.2644350274347 -2.451406088362557 0.7809358103235526 1.4003677656949893 -0.7270016775995098
27.392786839731382 125.29373421033057 -2.472242594556502 0.7875392346724629 1.3972798280198604 -0.7363603537780367
27.396357769512655 126.51550380696436 -2.440438343303561 0.7962939146000734 1.393580745630403 -0.7454873301272821
27.470882789540823 127.93148151876932 -2.38845547066786 0.801240500004208 1.3909894942708365 -0.749164997485172
27.69637249433407 129.3731810879638 -2.3334664807276413 0.803382090814458 1.388633875662229 -0.7489018173216861
27.98427532820498 130.68838670251182 -2.2818248318922105 0.806502580802676 1.3854725398671983 -0.7497231519155558
28.201022736718986 131.87078608674003 -2.2383976582104137 0.8094795536971511 1.3829231675379683 -0.7509953186996272
28.35969467679912 132.881635396482 -2.1917723915970924 0.813136253432623 1.3805624944276362 -0.7525095380767477
28.406855077266947 133.79567862093535 -2.1520506859518904 0.8181744154936262 1.377876540256746 -0.7567955282788439
28.455016091643586 135.10840412480462 -2.145748073691852 0.8230046276918066 1.3758117008435877 -0.7630093744067608
28.679304617683187 136.84048775658994 -2.1542329951789303 0.8275241468099105 1.3734134242113785 -0.769011503116433
28.849341699615522 138.37752781298065 -2.124741692781556 0.8320711921450599 1.3703652612719468 -0.7744688791226456
28.824177885540657 139.6026499147161 -2.0763346483463385 0.8352866416012243 1.3693502751366886 -0.7780477630071511
28.75136412757307 140.72391613524448 -2.0524573784786173 0.8364120692381878 1.3707128201785301 -0.7789148568368949
28.663857778609007 141.716737391092 -1.993799942373867 0.8372161092430506 1.372024926181779 -0.7767434751387194
28.527675100157303 142.47444397241497 -1.8755432289408136 0.8391096567425339 1.3722806222626498 -0.7736178377075107
28.339672662614703 142.96216022730857 -1.7899310085627795 0.8407113981329948 1.3722513735344481 -0.7736308512706312
28.203048188689884 143.39224559624094 -1.797915079439604 0.8401711377119996 1.3725036619263127 -0.7763321212028066
28.139030389500846 143.89835987154407 -1.9002746626768483 0.8365162594587197 1.373287219944642 -0.7804293692715492
28.113468978483528 144.40699156529766 -2.0524212804626982 0.8306285008392726 1.3746828180680557 -0.7847208151089253
28.269406572357987 144.9284430938304 -2.167383545165792 0.8263185625944209 1.3752898043052182 -0.7863278682878203
28.643223920419867 145.48289999091563 -2.218240815413207 0.8255547065064561 1.374567744476613 -0.7845561377486907
29.04418308004877 145.97567384871243 -2.2274223091773138 0.8269935575894465 1.373544365906754 -0.7804837515245943
29.131757980216555 146.1208932772987 -2.1480472384086835 0.8293222313141859 1.3723699835499361 -0.7743233193379564
28.734926784482564 145.77341404201675 -1.9494577919145097 0.8316676869725614 1.370960352374865 -0.7666143119109294
28.189046949609278 145.3013440577675 -1.754958173234633 0.8336853705968039 1.3700736984263397 -0.7604932173885999
27.849766433919605 145.1219502298565 -1.7026070352962317 0.8351133440221472 1.3702904331212793 -0.7591434920308382
27.725169100303198 145.3689028693829 -1.8003481583049812 0.8350000324347937 1.3719419116938412 -0.7612320472188698
27.762517987419464 145.90409919614748 -1.9869607987851883 0.8345234260405012 1.3735914053215228 -0.7651487136250565
27.73946431050502 146.26736706765655 -2.1653857984279417 0.8353813618340635 1.3727753607856132 -0.7710402838033628
27.367222658261486 146.23721363481263 -2.2393100899621334 0.8375715562612613 1.370014079043319 -0.7760554348963975
26.757918838114747 146.0958126851338 -2.207881959392794 0.841309526579797 1.3669457218741883 -0.7779660959348356
26.05664578726284 146.0296320445463 -2.141142756980718 0.8443829731358405 1.3647059083176443 -0.7767903358396717
24.9680210852728 145.96656761203678 -2.1037592928416395 0.8448398459594164 1.3641422833619834 -0.7740228183609732
23.227444239317375 145.82639735908208 -2.144610316918926 0.8438240700319676 1.3649182547938237 -0.7738452978545194
21.21755334099961 145.57940543659365 -2.2676030842174244 0.8421048466154664 1.3660728523369094 -0.7784778481821004
19.49880381035567 145.34338284653253 -2.415256006348036 0.8395972315398478 1.3674028262633762 -0.7842457996387961
18.104577047766092 145.20629720671448 -2.54199036755362 0.8361564303909776 1.3691399881390283 -0.7875331363062523
16.828634885144865 145.13947752430872 -2.619334775420308 0.8340069015512422 1.3705121760344356 -0.788556634869251
15.637471638919338 145.17655250919344 -2.5994230783394348 0.8354783681679157 1.370917511694845 -0.7864377144838997
14.543673470465308 145.2877605762844 -2.486389743057413 0.8394327706248461 1.3704812639503707 -0.7813270551197776
13.340255963029097 145.44551845089268 -2.3880377875940906 0.8450186749959505 1.3684607143146605 -0.7783963905782516
11.744457372687364 145.69241209967853 -2.384983965766467 0.8521435322050277 1.3646614292486459 -0.780788494632162
9.961714090151403 145.99797350796422 -2.429682840497223 0.8594611336061894 1.3608961360571512 -0.7852484843697676
8.399240644032083 146.1951459137092 -2.467841867701135 0.8649425857857345 1.3580148404826307 -0.7893284021530222
6.92515750329853 146.1177210586017 -2.505253333563503 0.8681658027106316 1.3552593984454426 -0.7947082083137376
5.233861186164349 145.86182507240466 -2.5517694422329376 0.8702939510265854 1.3531300393933725 -0.8016625636271515
3.500766251306402 145.65350838319443 -2.5948552820531394 0.8725032301490447 1.35209049846054 -0.8078866927193595
2.058250233177989 145.60851236725463 -2.625302549119806 0.8760190098416663 1.3509391471195116 -0.8124014817223644
0.8641870539451149 145.70236460042923 -2.6554808004954245 0.879645615761089 1.350018767374761 -0.8151500772162247
-0.4502198952024383 145.86897904522317 -2.6933960707949858 0.8820226820326362 1.3506362407593202 -0.8161083042319177
-2.132187233197442 146.0207923341036 -2.725522379955976 0.8844066486963278 1.3516808888213443 -0.8164911804847288
-4.050756069899372 146.06691191982384 -2.728827075224966 0.8878630804005687 1.351848629272375 -0.8171583722783786
-5.881650303234119 146.08344630825704 -2.700395324695373 0.8921747247485998 1.3517851936553182 -0.8172015096556473
-7.362866762864804 146.09342362179552 -2.6832107580669624 0.8955351804968037 1.3516522792675865 -0.8174741128547975
-8.472146847715996 145.99867868669946 -2.7118417881857955 0.8966626323807658 1.3506494096940047 -0.8199355776515456
-9.321738416746392 145.8018410467272 -2.7612692255965934 0.8968758391077235 1.3487362123506947 -0.8243954126197788
-9.998981120354134 145.58265435655565 -2.792551824968048 0.8975698201645224 1.3468347045151683 -0.8286162173063791
-10.588895936194769 145.40304103985 -2.807063405594956 0.8984166579962218 1.346180374300622 -0.8308307626572508
-11.176946399500927 145.22325448259753 -2.848771816193968 0.8978424542151877 1.3468830066455422 -0.8329520967098564
-11.69144323832219 145.07845976470833 -2.911765914602955 0.8961509529130831 1.3478915776417613 -0.8354772417150852
-11.995146241323884 145.07150406997283 -2.946965719564205 0.8957943312473927 1.34859034348408 -0.8366929158716392
-12.130667568880433 145.13550878495545 -2.9531172404835195 0.8971184140557684 1.3489754105185499 -0.83718727479088
-12.187923469956528 145.19228205930102 -2.955931261584214 0.8983731065811231 1.3493387707123192 -0.8376848920418676
-12.200830867094417 145.24992801796827 -2.970642017102729 0.8983530509384254 1.350020539433967 -0.8380240854862411
-12.152037216477783 145.32602386440783 -2.984606161654182 0.8970806558304789 1.3505097044092205 -0.8372569296031938
-12.023245761313149 145.4346028187863 -2.9868155220029817 0.8950322755735329 1.3501644237174202 -0.8348234961599106
-11.885641934698551 145.5459258969272 -2.994334436404568 0.8928448472997881 1.3493803237532855 -0.8323357118045376
-11.797066584602257 145.62563265390543 -3.01174802174787 0.8911434020204081 1.348709280516684 -0.8309535375162991
-11.778707389672363 145.64943785623922 -3.0275211508717246 0.8904262413839377 1.3485361269942153 -0.830880590671558
-11.846442481307154 145.60105621720325 -3.0363082950221725 0.8909580686034179 1.3491555398046804 -0.8323275577257512
-11.957518699095452 145.51458639928637 -3.038814217027906 0.8921865660597073 1.3502051527159227 -0.8344914154908076
-12.056515496249318 145.43572510126177 -3.0380510898733393 0.8933711755735533 1.3511491452106454 -0.836367352414173
-12.123814464996592 145.38128305423785 -3.0361444018060393 0.8942180354377893 1.3517948283395143 -0.8376182677981063
-12.11825439205311 145.3756664330076 -3.025574913886799 0.8944192188490432 1.3517903565480722 -0.8373369703619371
-12.01290051926324 145.4601118327895 -2.9962271875668 0.8941035011904319 1.350982310912388 -0.8347677120299265
