49.215088729510725 3.774757350377905 70.39674217903413 -1.0421305685489468 -1.1109356679054998 0.014860057437098765
48.433660960492794 3.6001035432812705 69.93613509772285 -1.0351756053380323 -1.099301632910176 0.019524683928846494
47.41742286304779 3.423849078241649 69.72315686320465 -1.0320193335984598 -1.0862862718615016 0.02697754618361941
46.5343049256995 3.294252017270713 69.66030110507361 -1.0313877544907808 -1.0772485151155866 0.03336770265438365
45.86645309996107 3.2286454049941966 69.65956399803976 -1.0318762500015142 -1.072840458267089 0.037159803275308975
45.50115607915761 3.224121955409741 69.6881820775626 -1.0333074925539898 -1.0706770848663498 0.0367670534668327
45.65147518548737 3.261981453258832 69.73906424788335 -1.0352695587410718 -1.0717537939256172 0.032181809616291704
46.24140578304073 3.310602983615486 69.80518701899969 -1.0364824751586272 -1.0755894344746952 0.026980879381925015
46.65852549979721 3.3205264513307826 69.85889922779737 -1.0358179064022743 -1.077351684480153 0.026979821007636903
46.664161795404056 3.2593888986681687 69.8820966442377 -1.0335863133282908 -1.0764420931644314 0.032146262816544466
46.460796583057004 3.1517202564798623 69.88710491797822 -1.03166663750837 -1.0737539554233526 0.037281105006445575
46.26816538930391 3.0339361653329155 69.89466971596089 -1.0307823304439612 -1.0704768674694525 0.03981099442095191
46.46449672623639 2.9368089094441947 69.9283137013651 -1.0298678851073442 -1.0701485729834102 0.037875801695630804
47.00768272954683 2.868706649545998 69.98087207288066 -1.028631165416288 -1.0727021203042093 0.03286249087410329
47.48858208640679 2.8105030151224932 70.02320015105992 -1.0270948535027287 -1.0757386944096272 0.029029084056360222
47.97325296784767 2.775791822879709 70.05016207307071 -1.0248112210017668 -1.0806253403900667 0.024989831556725517
48.54996741423368 2.782691351006063 70.05712201680518 -1.0234512925797556 -1.088256453644607 0.018233416026060507
48.77863187920901 2.792760439507774 70.02255279278909 -1.0249024479341837 -1.0947219649823665 0.012374030293060214
48.255473730696714 2.7560909708797157 69.9468972671598 -1.0279484117528215 -1.0952415340976263 0.013165407131442382
47.34681131327804 2.6786158172214387 69.88379630770929 -1.0305097119063218 -1.08967585172081 0.019864375512663873
46.906248291418834 2.59437388992223 69.88476835983302 -1.031149655641818 -1.0835915627509753 0.024536289427450078
47.05770539523856 2.5041914930203957 69.9236266769584 -1.0298342203152138 -1.080786547470173 0.02397522993578203
47.11450729947812 2.368563892153813 69.94274672089156 -1.0279055827263557 -1.0791957009748838 0.02453559313231419
47.08429031939313 2.1932766510801742 69.9501822634393 -1.0262054987726197 -1.079393112858864 0.02483559669251054
47.48560366026956 2.0185761276064973 70.00760924291517 -1.024975368191268 -1.082684632882013 0.019446314876515262
47.86718664294199 1.815659971844974 70.09147549287604 -1.0240541322339185 -1.0845194003499157 0.014904057689643759
47.50722334716231 1.564070046687672 70.11063278488086 -1.0231411718056713 -1.081415197523863 0.016640976849402044
46.61880557527226 1.3100422503198557 70.06220976588463 -1.0223176509990965 -1.0762384574549315 0.02234141972938889
45.756013864875 1.0806657603738559 70.00712792142522 -1.0219741495009482 -1.0726681232635928 0.029188308453114716
45.19383544209651 0.8647201098282425 69.98753084254255 -1.0219299031219173 -1.0714623431263113 0.03539583506958489
44.88661011773509 0.6370329871106983 69.99088083797083 -1.020885048548937 -1.0737310245927518 0.040917770898387364
44.908945954874 0.4252461807587442 69.99675125418891 -1.018997449798449 -1.0807135068645772 0.04196865877811888
45.56110233998359 0.27396683459303045 70.0286521520319 -1.0175304949697654 -1.0916161316810293 0.03429660818932355
46.234891512075095 0.13034698301885533 70.07302590375441 -1.016220262074615 -1.0998418229350573 0.024963315018972223
46.098417263753504 -0.057325059142979695 70.08884377527067 -1.014864323008952 -1.098732124944863 0.02184532143524453
45.43341117288779 -0.2639678331594761 70.09188623572543 -1.0141694430911914 -1.0905084123651647 0.023758794890700385
45.11118639442673 -0.417877382549098 70.13946436775716 -1.0140073055354122 -1.0820797252452306 0.023651982586797876
45.27786842817612 -0.5297250281693535 70.21564513175015 -1.013276946314189 -1.0785586219022791 0.02008295059189258
45.232924867617854 -0.7074574563947273 70.24926016971693 -1.0121949851527656 -1.07897726287592 0.021169825911410502
45.02322259700032 -0.9233411197690329 70.25460533970129 -1.0114207663640313 -1.0820986371265344 0.02586919777808304
45.16213514530389 -1.068042440545126 70.2654737957007 -1.0105902036000127 -1.0891161791995905 0.02606269580715631
45.589844369898785 -1.1261461286709276 70.2812117722923 -1.0096960473325143 -1.0975730891410025 0.021658224546465623
45.88119321999026 -1.1510533997380836 70.30392304107208 -1.00973120456101 -1.1014953416039615 0.017890500727274144
45.63406913158914 -1.220926630333978 70.32332032458037 -1.0108059210650988 -1.0970321873587046 0.019427444983618147
45.131101702900274 -1.3469333498868215 70.32980598608194 -1.0117214371986465 -1.089889991520538 0.02347348035143882
44.774794234640844 -1.4807883793774201 70.3291588317309 -1.012240521958164 -1.0858287641869468 0.025007697550434548
44.25709625383536 -1.6410023678178451 70.30457737897828 -1.012082752674016 -1.0841202575311364 0.027373679979317722
43.65136965621828 -1.8218898937820707 70.26350749380771 -1.0114770130387225 -1.0862031570747535 0.030143684524009413
43.34080706531226 -1.9764382853327707 70.2499283563774 -1.0113182731423525 -1.0902663343801682 0.02925568366615648
42.96428536026046 -2.1211539795271754 70.23982594414474 -1.0111553358837475 -1.0913163614838435 0.028950596149134738
42.35351092924286 -2.2486609362876857 70.20821279616985 -1.0107819805132068 -1.0896769949109768 0.03162313676966853
41.91900812606612 -2.323323564755385 70.20329850327195 -1.011038824372412 -1.0859527896397152 0.03435447789177126
41.870918097471616 -2.358281178068214 70.2543002947797 -1.0120930111261481 -1.0801791241749223 0.035235494446774124
41.98878773859111 -2.3981963379105875 70.31240494239184 -1.0129753279867453 -1.0751567722332738 0.03441575336974544
42.044893087601594 -2.4696189020599135 70.34178314936209 -1.013009253515528 -1.0724046028967467 0.03428141055943799
42.032588945994846 -2.569436185934716 70.34765901616541 -1.011946278038979 -1.0718787990932142 0.0363626758989809
41.901749268392045 -2.676302141725021 70.31675692299527 -1.0106300266993566 -1.073239998047152 0.03827294136112659
41.70656697186023 -2.757595429116299 70.27210800057213 -1.0107464141600802 -1.0745158715709398 0.03704310019739116
41.57055520251434 -2.8304088480036973 70.25824021694334 -1.0116151188909228 -1.075307575013769 0.0353795192911206
41.578876127474466 -2.9191059145097853 70.26977557926499 -1.0115144752058975 -1.0794023358387563 0.03566157018713032
41.91352629985162 -2.9767265849894162 70.29540415084415 -1.0107778761130657 -1.088535693519259 0.03413696246624942
42.5126495175205 -2.9710463269967513 70.33273641833345 -1.0106645909368699 -1.0979152487094823 0.028951463490306414
43.13271720417001 -2.9165299142562864 70.37200731410552 -1.0120570837956122 -1.102597371927634 0.021436445734132878
43.609869261768324 -2.8564879746279948 70.39117420381729 -1.0147540224840566 -1.1041764949817812 0.013032302912512759
43.57671745657972 -2.877646706640449 70.3680549811132 -1.0171986483120472 -1.104374265415001 0.007897500526630154
43.02847407049474 -3.0054955129368706 70.34401538053662 -1.0178503717410097 -1.1018783962462453 0.0074577755705301195
42.308843908212175 -3.1891916031292107 70.35067380025991 -1.0166963012946306 -1.097656408103376 0.009033690218789352
41.307066378359245 -3.404537189294219 70.35602129809669 -1.015115814541729 -1.091012630148445 0.013930838392545115
40.177905908842014 -3.612070475309826 70.36200877695828 -1.0152055439335848 -1.0820943083263046 0.02161573036275955
39.29743172717279 -3.7858160238664893 70.3749189701015 -1.0173257677151604 -1.0760169745486772 0.028951368028053946
38.61519077522639 -3.9475757427257347 70.36288327600846 -1.0191498205491019 -1.0762866034541094 0.035728207530402255
38.00596083902198 -4.087515754953253 70.30792100037658 -1.0196395795867055 -1.0816037427947722 0.04125307885254106
37.844565567965894 -4.157251912455689 70.26240069074672 -1.0193802402871601 -1.0900824582295334 0.042205959618291544
38.38638837654299 -4.1371969220456775 70.30740512433914 -1.0192151494986186 -1.0974720145263825 0.0376983510031082
38.87405951303231 -4.091351527420934 70.41471276515985 -1.0196172318796288 -1.0972788242851257 0.03321062165650537
38.82367626158445 -4.075939382040131 70.50614968049237 -1.0203185699080988 -1.0909407819787036 0.03207102214819092
38.74051963378977 -4.068638703834665 70.57833966331202 -1.0208089602906791 -1.0871918052212965 0.03101234696139202
39.022335508702966 -4.0383808041814655 70.64215821138438 -1.019966852546281 -1.091241564453334 0.026396524660705804
39.18419080130763 -4.023791642687259 70.67185771849202 -1.01791232049448 -1.0956952020918571 0.022397446426410585
38.839277688626524 -4.061336179957664 70.64966333465756 -1.0162106559410855 -1.0953817332739564 0.022882961535519747
38.25362635822481 -4.129248359054774 70.59514586744916 -1.0151899281266668 -1.094210555446544 0.025052397105636143
37.429013552749765 -4.2274284534458495 70.53089239268473 -1.0138242979090195 -1.0902330949252912 0.02943007906851435
36.72046648769601 -4.3181227271156555 70.48121305424965 -1.012305750906321 -1.0861647370941343 0.03376297526797907
36.543029265669276 -4.360996549706981 70.46725246866531 -1.012086534520312 -1.0877581134991723 0.03526903463242715
36.40363046557802 -4.421989445960475 70.47407726595665 -1.0126235050446695 -1.0908239643832813 0.03886509508404655
36.308739974930944 -4.510152248910378 70.51151104621022 -1.0124693049501174 -1.0926421563754625 0.0428578299980856
36.555768084953854 -4.560904811854186 70.5967488681399 -1.012476077548204 -1.0930786685290508 0.04235170882656117
36.56266146881282 -4.588256278890427 70.67864326866467 -1.012939364583191 -1.0907588659211003 0.0419225849051455
36.28375292765968 -4.58043107723064 70.71643618414818 -1.0135881257720007 -1.0905347095267375 0.041605321583374155
36.01214684408643 -4.514919263776756 70.70821303423085 -1.0153151938275204 -1.0952386589386398 0.037624590871749436
35.319055439454246 -4.480259966205632 70.66481257246417 -1.0165314605104299 -1.0987594928187376 0.036013180333270625
34.25065426415329 -4.528697282881039 70.62420601929709 -1.0149738143785139 -1.0987075319813233 0.04074663745712112
33.3443352113749 -4.5878232992723875 70.61654223200131 -1.011914307116966 -1.0973601790087562 0.047520758503640854
32.85373765999451 -4.595102708171719 70.64868467389203 -1.0099007655870191 -1.0955403024346673 0.05282728262891628
32.66144808054292 -4.588499923018766 70.69780858995057 -1.0090403695771886 -1.093674390190957 0.05761665228566068
32.539642729164676 -4.587100212737237 70.73693761689921 -1.0086234020372915 -1.0928631829796875 0.0625869875076047
32.47430143356583 -4.550755391006791 70.77166369923162 -1.0090051501975532 -1.0925876237585883 0.06458875136935158
32.33488990055331 -4.496385872337754 70.7992927418681 -1.0087928044217398 -1.0917836084031718 0.06377324097119955
31.897606335255514 -4.460753655686362 70.79015999343805 -1.0069586298626683 -1.0932525633554977 0.06400899366773519
31.4727320414774 -4.407618399436192 70.74324683891376 -1.0050073090974259 -1.1006306908029506 0.06244044486495043
31.328477310096773 -4.3130632037216765 70.69517254513705 -1.0039319223357288 -1.1102140223966823 0.055808577866927216
31.061018800626137 -4.22936281211883 70.66518262992457 -1.0037546134399922 -1.1133782917471535 0.049170858304897536
30.599642142776602 -4.201168627634587 70.65992503083858 -1.0041058601614474 -1.1099182445031408 0.04684793694786209
30.475420665599152 -4.1941649232055465 70.70048469019278 -1.0043209964909228 -1.106690170742901 0.046373679411164465
30.63058733192137 -4.161225692384052 70.754309785743 -1.0036251814590122 -1.1073694036067283 0.046598070776935945
30.36894019490795 -4.135782507988269 70.7467448523041 -1.0017207591405755 -1.1105264230616279 0.051853282295054565
29.704349462276312 -4.138783384504219 70.70215205363343 -0.9992058469787686 -1.113689809051787 0.061636529335618695
29.120957037600093 -4.086011539048837 70.6985834920784 -0.9977713791146682 -1.1149398843248288 0.06957745368231344
28.673521131157607 -3.9137457789116823 70.74115630890113 -0.9984577428213288 -1.1139242329263417 0.07309031837545796
28.260304002808503 -3.6814589745862847 70.79329425945336 -0.9992280831811198 -1.1133658969332185 0.07559064375961777
27.90866252976774 -3.441151133576451 70.83497707400522 -0.9983970849546095 -1.1149928111243643 0.07966649222834246
27.877908103591885 -3.1655122529151747 70.86055586313408 -0.9978571640612153 -1.120793915794919 0.08080949066209397
28.370075424278518 -2.849510325468485 70.867560777443 -0.9997381891938792 -1.132351332998113 0.07353430651972057
29.226311249538817 -2.537465567682044 70.88273552976881 -1.002617650732683 -1.1451597166926497 0.0609716951996378
29.87278083365154 -2.2856342828575613 70.93686973315288 -1.0036901930890183 -1.1508482898389762 0.05227820451748116
29.647318471704196 -2.146813735348828 70.99609343560735 -1.002371720741397 -1.146018414023159 0.05356961825951915
28.678545562614275 -2.1127691562268307 71.01343757585752 -0.9998809873987882 -1.1363753230210465 0.06224327585515496
27.64822118325852 -2.1228942877325063 71.01051179943236 -0.9973294630609676 -1.1271141620626606 0.07195687002335675
27.10975804561922 -2.0895747116515526 71.030242587472 -0.9954654910014661 -1.120330902758395 0.0764015748500074
26.999244183486724 -1.9574840974966303 71.05224180542493 -0.9937679951089574 -1.1187263911844538 0.07543739011653246
26.942946545896405 -1.7500899758197535 71.04559646141365 -0.9909376388975304 -1.1225593605026933 0.07458640492370495
27.171297362573224 -1.4661702776438266 71.0371719327139 -0.9880553094175588 -1.12996486716517 0.07105645659816931
27.742521966296106 -1.1056972475208586 71.04544296628903 -0.9865044107372556 -1.1375692189789093 0.06207041606982794
28.06633824311691 -0.7527536713749814 71.06817404416559 -0.9855009799844036 -1.1404786691981037 0.05514503775926716
27.700542667740635 -0.4861539612473443 71.10086217801661 -0.9840606799875766 -1.1358916338031917 0.057955103770010265
26.877141982235624 -0.2819697338552623 71.12695916974835 -0.9828045271105049 -1.127467844320618 0.06780283680006703
26.14024787253438 -0.1017085843100359 71.14726438428968 -0.9829015764331418 -1.1211048965387964 0.07737319342601212
25.643069357793472 0.0527986444104296 71.165337168384 -0.984317812429191 -1.117043382785949 0.083742266764416
25.224150445436884 0.19407939003504585 71.16359909751864 -0.9861241021013507 -1.1130772513647307 0.08770086132175814
24.84482559201475 0.33817250603086324 71.13126449175724 -0.986613134014754 -1.1105351620814172 0.0910710584826655
24.55307188880767 0.4893560436967188 71.08486634696403 -0.984664621285471 -1.1108364010379583 0.09478220657588697
24.245357998179486 0.6608705766622773 71.03516728516593 -0.9815611805026151 -1.1125833575055184 0.09836104845081947
23.93878070312538 0.879767860707652 70.9893933214403 -0.9795946765453362 -1.1141169885304227 0.10022268641169449
23.85763879294123 1.1483872360287486 70.97388120206654 -0.97892222153109 -1.1147653032725509 0.1003936569065206
23.982489162194124 1.4322288827239367 70.98859877713647 -0.9781647048668526 -1.1152859698509758 0.10089969709719906
24.09404037962183 1.695213010133164 71.00444777265803 -0.9765100216998974 -1.1167838672309012 0.10308243799236799
24.100834177602813 1.9580398930522043 71.00587435789845 -0.9738287019088488 -1.1193865000213943 0.10633649990570829
24.087442575059427 2.2692015358300437 71.00783915938449 -0.9714955125417271 -1.1221793328998062 0.1098452162570432
24.069130331064535 2.611318860655386 71.01695620582852 -0.9705771625499426 -1.1241518120222362 0.1133613070125831
23.849136360953324 2.941587775923087 70.99617483715959 -0.9704128850780853 -1.1254474003432016 0.11589798377616359
23.529098230949877 3.2423466914950607 70.95649502367459 -0.9704876783624088 -1.1259704403098227 0.11756836333580056
23.614004321484686 3.5501208845977352 70.967963118572 -0.9710743741631702 -1.1258706632064333 0.11528377020345838
24.024718061614944 3.8620262613024616 71.01527777312351 -0.9712575030295556 -1.1271550969545465 0.10951576208805158
24.30436083738271 4.114853146930635 71.02989574772344 -0.9697466627545906 -1.131624287827433 0.10586306045397029
24.590905486288506 4.413460342363476 71.02114549021702 -0.9676965213709561 -1.1378519704765186 0.10050713723117968
25.168636847490603 4.86837047747846 71.05896884493437 -0.9664525292942847 -1.1423059637186677 0.09189288843228048
26.009976612700736 5.364188852599354 71.15359708067722 -0.9663118772260048 -1.1451677879257018 0.08464901649366945
26.81797849496133 5.7520666758435475 71.22578590234309 -0.9673018765732609 -1.1492442672900154 0.07966153917990604
27.297358126373375 5.992671173229846 71.23482292451271 -0.9687265064933841 -1.15392128756879 0.07666972114322845
27.30528401863242 6.120798356693156 71.19346995079181 -0.9695322613542183 -1.1570005312156022 0.07557645538120286
26.68364614074954 6.183028728605574 71.12847232241468 -0.9694562892793855 -1.1551801714744085 0.07853659193924123
25.46009084398454 6.218197673688581 71.08308052928639 -0.9693512759451689 -1.1452503237986777 0.08788900370584937
24.028625313550982 6.281141887399496 71.06249134690496 -0.9698539685655729 -1.1311009051422218 0.09985696927830759
22.897169660807904 6.3933967924092485 71.06109634098782 -0.9702593961076017 -1.119537644574077 0.11042061328778799
22.27377836013754 6.537588957963878 71.09094453416435 -0.969783980639832 -1.111800480692857 0.11943296279321822
22.009914085309195 6.704994315799603 71.13295505690337 -0.9690108044429001 -1.1069743475957443 0.12654511941839094
22.00267199386284 6.873734851386114 71.17203897970771 -0.9678637480790375 -1.1054750666540492 0.13208996819401575
22.198043278794493 7.046463211265824 71.2100009341262 -0.9660231728267197 -1.1061551232597193 0.13518993830171833
22.32939939740824 7.259173157168698 71.22433037417915 -0.9644986927878415 -1.1076693860469895 0.13566237157588726
22.26832102878908 7.518534488749458 71.215482298003 -0.9638852521789766 -1.110086324692652 0.13626172462690528
22.158667078804065 7.7948076090316105 71.20352114170129 -0.9640388284538831 -1.1138788684479788 0.1374107463800755
22.071105433262915 8.04810929483438 71.1924943167084 -0.9643571557426193 -1.11914551209217 0.13915043580822284
22.040064364056633 8.257963180190066 71.19624982697054 -0.9641853960929285 -1.1249909832043723 0.14293122933073646
22.311227709826827 8.473633566523137 71.22728289038037 -0.9638727060341671 -1.1309392575170873 0.14373787531792015
23.033920880899682 8.747822941406042 71.27738694754632 -0.964079289207646 -1.1367712755689072 0.13477228507487105
23.605755434775002 9.012497653255684 71.31173394287214 -0.9643367135880437 -1.1403601038252247 0.12257178514543912
23.635889201122957 9.20809272882417 71.30189937032031 -0.9648914206247203 -1.1420963587400361 0.11460122891268451
23.348199345159216 9.36811457602562 71.26374101972567 -0.9667057777464029 -1.1426117671210194 0.10981684082082001
22.636764270627097 9.492463046040356 71.22875368028193 -0.9683017056234379 -1.1378001377822353 0.11051020743020437
21.686421078212437 9.567929361440033 71.20868119659826 -0.9685630055888079 -1.129769471510334 0.11690990162108081
20.93838532321252 9.620558228096765 71.19907758227643 -0.9685728789917388 -1.1243937427663213 0.12448442259362372
20.65153801001574 9.707165110457094 71.20125464671699 -0.968715054674069 -1.1228898451817397 0.12677643494582547
20.78299752305319 9.849860339355754 71.21673313881436 -0.9680577353152677 -1.1241170656037172 0.12329159569587825
20.809496485614112 10.004186709626111 71.22894912347252 -0.9661102683670744 -1.125749156079999 0.12407062097851637
20.538610974617306 10.161601747854315 71.2227207791721 -0.9638664477178617 -1.1267981087474201 0.13142668090382603
20.43685110292285 10.36372112611587 71.2247744329662 -0.9626665536525901 -1.1276279172838457 0.13608427200134876
20.661877537298313 10.60460306485435 71.25293479718744 -0.962956603921143 -1.1279743583886426 0.13481870648249522
20.77670036102014 10.801651567915265 71.28622291313934 -0.9645924785031765 -1.126338875339509 0.1344738246104426
20.993439468023816 10.96251096421865 71.33242798434611 -0.9677127040681353 -1.1242365712806481 0.13295364162152717
21.712489493881165 11.157493777424081 71.39886832749875 -0.9713438905557424 -1.1250822162738006 0.12341598525301559
22.35410200310404 11.369352533934421 71.47153957446096 -0.973915557788283 -1.1247067808620042 0.11314582578114041
22.494328846552524 11.591705440311213 71.53217357368969 -0.9750749400761229 -1.120953016414077 0.10789743587233835
22.6059927661969 11.830746901952816 71.56433069935082 -0.9750087959300693 -1.1213793002735963 0.10339225047255812
23.016997597691763 12.037381276156957 71.5895020754022 -0.9744000865868288 -1.126861648895623 0.09932925223190556
23.51863167229078 12.181856958820052 71.62668139385963 -0.9737751103531027 -1.1309801202781193 0.09686322218099769
23.50479812374812 12.26250945386602 71.63082438748295 -0.9733419151275076 -1.1312547750830366 0.09825462636428822
22.859947196742773 12.31874373927008 71.5747102088662 -0.9739368138797309 -1.1296198681665444 0.10269593430319882
22.464297507538127 12.416179655006339 71.53066665344305 -0.9751216092447104 -1.1285494496947976 0.10272335495401014
22.20717238627403 12.512945649326795 71.5173995670895 -0.9748260249144216 -1.1275625395210094 0.1030707917085878
21.324739201035023 12.54261758806691 71.48144725144356 -0.972749386653154 -1.1255559348489743 0.1127880176025425
20.097386537806198 12.53963894963433 71.42973120170426 -0.970150709568796 -1.1233028393395061 0.1281370715601411
19.397286707828783 12.573408417111558 71.40007823140971 -0.9683422305524605 -1.1237518065912373 0.1381306455439485
19.451846121217663 12.640930347783504 71.39832751681823 -0.9676039151764492 -1.1280366942825661 0.13981989395846353
19.393410654551744 12.674011758332172 71.38223797038992 -0.9667392717871353 -1.1323837720940297 0.1428410837259758
18.81716378783922 12.66751105588083 71.32939343694146 -0.9655274646961451 -1.134292461307288 0.14987127845975184
18.42455637802569 12.694130163708778 71.27559319080757 -0.9646730704658621 -1.1362980660239221 0.1518804618408408
18.541242117474766 12.781814231076815 71.2511472166248 -0.9640685729081253 -1.1394433161963569 0.1474954745846034
18.810461304771213 12.915092772263092 71.25522041772702 -0.9630497133743992 -1.1414915427168633 0.14297450559880473
19.29048388031756 13.108395644966574 71.28880551359734 -0.9614949752546287 -1.142807417063138 0.13611545594980565
19.888117749524778 13.339372450754144 71.32725770123801 -0.9599784979776005 -1.1444326885161358 0.12654586030960413
20.237625485994837 13.57556085297138 71.33285428468291 -0.9599298543198427 -1.1464432190830611 0.1187526957310637
20.391046643123595 13.7889776689193 71.31012181781733 -0.9619048255142202 -1.149161891798525 0.11306339095548315
20.451040658684718 13.932283943223055 71.27830638701843 -0.964021878390174 -1.1526607224950267 0.10956768011855902
20.504013478345506 14.007162840351423 71.24922514235965 -0.9649487138458546 -1.157355935233369 0.10837919854853334
20.58468641384563 14.03416816598356 71.22748829483592 -0.9648684289347891 -1.162744044203424 0.10927621342221226
20.681105832444103 14.030839670194492 71.22147662210791 -0.964359011838888 -1.1667896387083778 0.11067259058731636
20.816686607732976 14.018596794752227 71.25298548756044 -0.9639449898547761 -1.1673446532715601 0.11092416625594093
20.640641318080647 13.964976858936593 71.31890516702386 -0.9624693030093339 -1.1627863135586 0.1159836453639916
19.972251522775828 13.86827256892775 71.3732828687162 -0.9594555342108539 -1.1558450457305103 0.12771788322386632
19.157515388810392 13.794184773056053 71.39662347823511 -0.9570348251060654 -1.150137053565761 0.13934608851218133
18.421667503469294 13.7588939915044 71.39951351927162 -0.9560230103326928 -1.1460922499818604 0.1469954257454804
18.0877695473955 13.773867635341531 71.37530529875187 -0.9557612776192479 -1.1463856604308742 0.1448378033485062
18.177134710765316 13.84897273351735 71.35359430526256 -0.955992078594867 -1.148733090739051 0.13456969876721092
18.292438286198127 13.96203030538793 71.37210123980023 -0.9564562776637904 -1.1480553258049004 0.12561385295623434
18.372701286377943 14.073936298935562 71.42582053289298 -0.9569878597501337 -1.1455458766054254 0.12129911691816228
18.498277999263813 14.14968174384503 71.51034993384752 -0.9575285792510722 -1.1416244544658654 0.12058319784212418
18.393047466067443 14.137265762517995 71.59896218466115 -0.9565441809773747 -1.1368204388937475 0.12671496817659855
17.788613688788896 13.984571577616439 71.65090116411409 -0.9523993382681917 -1.1343868950632745 0.1445030012769554
16.939382439667405 13.769291430321804 71.6656718474699 -0.94685162639641 -1.1342926483500826 0.16750915456006454
16.210901897497145 13.596177431416269 71.66232540794186 -0.9423513507504935 -1.1346788486701476 0.1863958353425731
15.705458410542029 13.468029115190195 71.64714164848257 -0.9393935246741842 -1.1362553889729914 0.19925570960239342
15.395766506053409 13.404022339192888 71.60528829875115 -0.9382503532326117 -1.1402562859588286 0.2030598361510465
15.301798912393174 13.45343542103396 71.52871674973296 -0.939181807904731 -1.1465508356176584 0.19231976540789336
15.454621366309002 13.576170392498199 71.45617522293138 -0.941801197877711 -1.153715800683507 0.17226991637670305
15.476032534521426 13.682456862526895 71.4388971440908 -0.9450049839676993 -1.1568473745575332 0.15748870471485635
15.093027019075627 13.742735032388042 71.471148426859 -0.9474560341344118 -1.1543485158333069 0.1523109153839865
14.781860065968083 13.78446768137937 71.50765339948614 -0.9486659280036747 -1.1524875483974901 0.14813648740794721
14.850350096679598 13.812799604118565 71.53789453070908 -0.949106153053678 -1.1530575392109657 0.14068533749802078
15.085160433692828 13.812946829223993 71.56961295796347 -0.9493456872511843 -1.1534817060629785 0.13219943600083076
15.193234568952459 13.778158521363096 71.60040160168575 -0.9486795721250914 -1.1530652257618046 0.1252116885802445
14.840890251910324 13.649501160871285 71.62228706435518 -0.9459406286285201 -1.1514458191514618 0.12675323955968085
13.85902757494923 13.378103671030868 71.62190902645193 -0.9410660160575659 -1.1488295680166216 0.14312089366357972
12.818571398597193 13.079483361017544 71.60992119618976 -0.9360338751419397 -1.1474669653921343 0.16317626701691773
12.485243291562783 12.905628056881298 71.59723797477973 -0.9336600211970445 -1.150716493159241 0.16984749766471383
12.781799118340599 12.853669433209113 71.57629680406254 -0.934463955334712 -1.1575666181799815 0.16239048508941084
13.26357986904458 12.84946794080897 71.55722206922124 -0.9368700325585324 -1.1635426951823633 0.1494876371486863
13.6785923199181 12.859706276067726 71.56501001824986 -0.9392902372754335 -1.1662286218743207 0.13776929760331308
13.901185766532208 12.87476871463161 71.61373451624326 -0.9408386091028624 -1.1655519973589625 0.1304280328277218
13.866847175789232 12.865481674642526 71.68642418493887 -0.9408442903901941 -1.1623904050363092 0.12802394047306537
13.383006096702427 12.763995638884207 71.74385995505223 -0.9388379134903017 -1.1577126062792078 0.13377729391175838
12.707507766248956 12.583251973197214 71.78448816805214 -0.9359449835403386 -1.152929770208229 0.14538549484910993
12.326498934663096 12.430871258444299 71.81401730684625 -0.9341848950195604 -1.150516143517642 0.15140733328629147
12.086495267735508 12.321066156647365 71.8060537342042 -0.9340175621305763 -1.1516486905928003 0.15011615896117886
11.913025818222064 12.23550186981852 71.77487806867701 -0.9350449796524121 -1.1543508811767245 0.14540173787726368
11.69698012053284 12.171417754620506 71.7244092551019 -0.9365086852051436 -1.1573321192783208 0.13912897686691353
11.274320726032702 12.078020579392266 71.67421065452443 -0.936743512477619 -1.1601178297778478 0.13593968899025255
10.906608599734263 11.941927764122969 71.69589062081926 -0.9353927625914051 -1.159872969111106 0.13653498172220294
10.673716319217707 11.791808631725488 71.77702526433485 -0.93410009936732 -1.1560592311204527 0.13688141764579786
10.225321613201508 11.569663325529607 71.85521420751338 -0.9329948614669998 -1.1524286275008642 0.1411362629871242
9.275165101711398 11.209992179925948 71.89745748452057 -0.9306257671214963 -1.1519325824846316 0.15695311151210245
8.385621267457743 10.824509073261297 71.90833829493009 -0.9282338108319015 -1.15561364636103 0.17596788149512343
8.257801454813666 10.571054713002386 71.9013511228189 -0.9280302666104006 -1.1636196284068716 0.18251239279154474
8.675330557974153 10.45756543430223 71.88342719441218 -0.9288190683738125 -1.1732746337922184 0.17526016600573055
9.103106887197892 10.397286764307974 71.87572375659013 -0.9287168862504561 -1.1801380797148286 0.16453278774735672
9.366790927975435 10.340814974876983 71.89872243829166 -0.9280780241116819 -1.1817659249027934 0.15692400604263804
9.462314585405647 10.271616766222689 71.95881311377063 -0.9273150170460739 -1.1784088874887337 0.1530473962516205
9.301576211102985 10.177258196290802 72.01412308494777 -0.9264169571051544 -1.1733591672423311 0.15126267074492683
8.840912487959514 10.017103754911508 72.03715130923231 -0.9249698840914964 -1.169942933966844 0.15505833350099738
8.098574589599785 9.757943908414335 72.06338658318315 -0.922141048286394 -1.1669571666438707 0.1706069609322517
7.202456367984952 9.464579651873981 72.09287616024656 -0.9186706410420277 -1.1638678215509526 0.19268989927276792
6.435513748126766 9.248566901728019 72.0963202549691 -0.9165843472205144 -1.1632895476036027 0.20716510378736702
5.824734188281859 9.140365204494424 72.08192299368551 -0.9164179774702887 -1.16426261477687 0.20864418216847308
5.063910982450907 9.062089760247085 72.06948493765685 -0.9165561483461917 -1.1627360349009224 0.20681082751005064
4.166239728835409 8.953055719594564 72.05262761286217 -0.9158105927372686 -1.1597577532887207 0.2086209962067122
3.543902478216838 8.843773297501912 72.02949796546051 -0.9155340845094815 -1.1595963229962851 0.20733860386503217
3.283575731029769 8.750908894596778 72.03663362958085 -0.9171133699026561 -1.1603413700492768 0.19948464865157395
3.0350619397690197 8.601922311811544 72.09520815730224 -0.9187483250721924 -1.1580136287795357 0.1954845752371851
2.680094269648926 8.374164452008303 72.16582381983446 -0.9186738886736912 -1.1558644682134225 0.20008639477043233
2.2923463928339283 8.113472805481003 72.20470393619244 -0.9176145544838944 -1.1575030428190622 0.2087166193654117
2.1337074954231166 7.890737751876623 72.2146646197065 -0.9171490065105921 -1.1630252408631927 0.21425664495689845
2.1907474257185195 7.749492469823402 72.20966042835337 -0.9170752730703698 -1.1706331828251486 0.21379291462614858
1.8419676148727482 7.627929239272669 72.19107188882666 -0.9157920107268189 -1.1758345338804868 0.21485968739599415
1.0329996713563905 7.494436555601437 72.16190969092689 -0.9133041802961404 -1.1778200676221158 0.21931053641346077
0.1808793749174229 7.384622676579189 72.13286819823618 -0.9105155417296812 -1.1781244973760046 0.22295309528771934
-0.4271463340020263 7.3186269058245115 72.12419417919884 -0.9085779225886766 -1.177031152422198 0.22479349535662774
-0.8037382647685076 7.281114232863581 72.11707709639265 -0.9085060216254592 -1.176339301566042 0.22553080123828462
-1.1690700613862257 7.2396448898794095 72.0828728193406 -0.9101141870006184 -1.1773823674698647 0.2265570862321015
-1.3370097297943777 7.173550860687319 72.08505720542392 -0.9120507825580024 -1.1775671238956733 0.2290862600799028
-0.9718889375747694 7.128662270101538 72.16994506869003 -0.9132103392835939 -1.1753172728977794 0.22880252453928795
-0.0438341409648465 7.190667252996826 72.28696504178018 -0.9141152023068884 -1.173098536758004 0.2182494395910712
1.0734167594079402 7.319909666518528 72.36535887762521 -0.9153942464351392 -1.1742847130529426 0.1999204947289476
1.8745594779725807 7.427565641731906 72.36309620460835 -0.9178396139422198 -1.1793174120004086 0.18116099768491806
1.9534371171031717 7.463794322991571 72.30992939162121 -0.9210889632074291 -1.1823697039822039 0.16991753114704883
1.1234005636051787 7.379059170505595 72.26045960169554 -0.9226069968917625 -1.1789669562017822 0.1735876942703447
0.10065652375505862 7.248608542265175 72.22757604473914 -0.9219250332443508 -1.1743912386244026 0.1830452511957706
-0.4620214968369628 7.148534495217163 72.20709147352775 -0.9195773869715013 -1.174325184472994 0.18899665279725875
-0.9282945899382108 7.024972473396308 72.2012397839159 -0.9153676522665506 -1.1763054707390186 0.19816200237378223
-1.5345475961191648 6.881773307116066 72.2013282943069 -0.9111021064248317 -1.1768042225891528 0.21023692773973535
-2.066856390364984 6.759117431520479 72.20764424428044 -0.9082140768451302 -1.175429029635034 0.21960461591909042
-2.216247362009096 6.683515585362119 72.21404828456608 -0.9070872492402364 -1.1762452062245736 0.22204724470024612
-1.887017711305895 6.697379166071899 72.1915014899285 -0.909097396947082 -1.1833882868526164 0.21215538924126348
-1.653121626385747 6.74194452392252 72.15738422848355 -0.9129219072578874 -1.190237784834589 0.19865926452607938
-2.1563601742403646 6.714667734309238 72.13610376915973 -0.9149147528863761 -1.1892889200127474 0.19513063413945403
-3.060094436870321 6.61080069682151 72.14450880701006 -0.913872257638213 -1.1837947848588914 0.20189028654412922
-3.663336029672302 6.478188789905262 72.21034749547195 -0.9114186195331897 -1.178591755994011 0.21338345691094446
-3.8089292193067683 6.397976100749688 72.28446562224642 -0.9098631950755337 -1.1765177042004666 0.22015478934094213
-3.575977527976103 6.444262710474262 72.29860517884484 -0.9102050497795828 -1.179300696408494 0.21276035886577918
-3.156588529121594 6.556712009907143 72.27681970756875 -0.911061638412255 -1.1849292004885308 0.19709077781082945
-2.7806247005542564 6.629731814732943 72.27149528573845 -0.9106401710299425 -1.190620724335326 0.18474979724000148
-2.895961256362445 6.643036439067592 72.27520289211054 -0.9099660545946743 -1.1921277083429511 0.18047392693068287
-3.69263471247908 6.627860501074157 72.25575120678859 -0.9101105464974792 -1.1887114532569212 0.18252830018074206
-4.4052128189237845 6.638888422298498 72.21687679307252 -0.9103785343121248 -1.1875827162610564 0.1829473083754928
-4.825774239759972 6.660245599008071 72.17755563258856 -0.9105529240079773 -1.1896325318268148 0.1827703909901277
-5.506851179872012 6.592128507136762 72.16010514526145 -0.9092084453885092 -1.188865614623404 0.19182241162420666
-6.341448377682607 6.41336465514687 72.18665129480021 -0.9052297019633428 -1.185733120846462 0.20953726339252876
-6.697420574368062 6.242043507957647 72.24347044312945 -0.901544381909176 -1.1855239245472524 0.22205290240937128
-6.1511398739312995 6.193655399631803 72.32199353420539 -0.9010449909958868 -1.189294288664943 0.21897984680491372
-4.984147949800105 6.238972187156804 72.43168106760635 -0.9025044372468031 -1.1935823211006507 0.20706673090511696
-3.865883693646403 6.312305747956602 72.54074435001993 -0.9045039383550646 -1.1956290380877095 0.19495459270968826
-3.2211293943792585 6.384585003070891 72.60102585422057 -0.9070411096890358 -1.1957784829671712 0.1847580281437951
-3.136397486026059 6.419633644074001 72.60095484533184 -0.9090018687332185 -1.1962260743693847 0.17883974914889136
-3.672665076986341 6.358386806853556 72.57291154569347 -0.9078685667607227 -1.196287897826958 0.18293654878222576
-4.885813703836776 6.172149239688855 72.54534936677331 -0.9027955485319044 -1.1938049106827562 0.20115929139350605
-6.110751030941762 5.9844511795581985 72.51617702699795 -0.8974920566457224 -1.1914279731511463 0.21994637504685405
-6.5869289481358955 5.925762109560676 72.48922903532677 -0.8950485646921086 -1.1922534135362357 0.22278754304626247
-6.7822210902977 5.919770565242629 72.48312773907332 -0.8937274597849145 -1.1919851841063034 0.2171121532688997
-7.071691185620502 5.851787421341551 72.51384275856014 -0.8912471484998762 -1.1888723420256524 0.2144170212955403
-7.349505854531552 5.693871950783519 72.55345695438459 -0.8870102173502441 -1.187765795392821 0.21600963489143826
-8.074319607269645 5.425182419888275 72.56622349055593 -0.8806043901621261 -1.1884127087628147 0.22632147264391772
-8.939132224100325 5.1594647002195675 72.5653558460244 -0.8732812757319611 -1.1910649134331994 0.2396059890941672
-9.498488293347014 5.04502717718463 72.55768672770526 -0.8678617561902485 -1.1960344912934082 0.24620255029308857
-10.30758901405476 5.04659223862991 72.53804712987369 -0.8654274470052078 -1.1968959738531588 0.25095965199698794
-11.055108880534046 5.129225037856104 72.53561679179376 -0.8654830809587408 -1.1938881775934185 0.25205676365396984
-10.880105625525143 5.299626756904885 72.58190464719578 -0.8667472948932238 -1.1934415148028885 0.24210409366139674
-10.070913410818031 5.4737355411063024 72.65818545794517 -0.8667643918086609 -1.1962460857565143 0.2270169575973875
-9.570970752530691 5.517765029131284 72.7272925250422 -0.8635364580887914 -1.1986603684820543 0.22058624334002108
-9.807084581914669 5.364402837751098 72.78208811008716 -0.8575711518231273 -1.1987754947164524 0.23122019329946725
-10.467158231717963 5.105052791458409 72.82168939851115 -0.8514274755983078 -1.1979092114844168 0.2522162753511863
-11.025462561707947 4.935245754986212 72.82537817994381 -0.847828220614709 -1.1981259817247538 0.2665010095918859
-11.159912109908705 4.975498688312046 72.78810841926136 -0.8479477361807426 -1.1998909486074885 0.2633457358778375
-10.988595107109443 5.156845857031581 72.73491002294536 -0.8502151767770341 -1.2016529709444348 0.24854589824003032
-10.635418226356698 5.359403183686396 72.7008193979061 -0.8528087349392213 -1.2028396892971893 0.23312324488957734
-10.156577770934923 5.556438055927151 72.69839184653696 -0.855316177441865 -1.2033422042226134 0.22204166110567924
-9.754238334468791 5.7555314392262105 72.70484682341916 -0.858022609879233 -1.2029564804773272 0.2154449406951005
-9.395622996605276 5.935553409952197 72.70867344490608 -0.8613698388570996 -1.203188299039594 0.21129735086477985
-9.076898172075337 6.058030397648501 72.70965322720396 -0.8640228821951673 -1.2046676340572766 0.2100717865232506
-9.064622686978884 6.118428881768022 72.6842349816014 -0.8646330221557958 -1.2060391942460806 0.21314486629157767
-9.384201812952245 6.143178187887221 72.61760111140455 -0.8648784217612897 -1.2070813316878115 0.21733758903222394
-9.763367259437864 6.153050657990796 72.53395241651585 -0.866575264379907 -1.2081427543854393 0.21801206387982291
-10.08081757163552 6.13272728392324 72.4610096901701 -0.8682235016897257 -1.2087760765612914 0.21641938233136032
-10.31605631456965 6.0730782877219 72.41689446072984 -0.8674146214736653 -1.2091679891201375 0.21796444230442424
-10.42458785806836 6.036070483124881 72.41556547039214 -0.8650946964113375 -1.2083240648574818 0.22252153385372614
-10.337120583913315 6.04903187490453 72.45406451240794 -0.8640412962057957 -1.205882582336153 0.22551308932279934
-10.013393698544931 6.075983650001135 72.51826590844999 -0.8647764942881084 -1.2039641303178354 0.2250893119435186
-9.552168079362426 6.1019054158404815 72.59215925685088 -0.866151931738746 -1.2037752753809725 0.22139285270548675
-9.096768852591204 6.118417421572934 72.66319634506709 -0.8669078348883066 -1.2045074241865956 0.21703181689562856
-8.859096062723388 6.120251491554693 72.7104376515951 -0.866673380005443 -1.2053802231298896 0.21578894369583945
-9.110344610955224 6.142438075056585 72.69300616540546 -0.8668299649259666 -1.206114182186452 0.21726930326913052
-9.65552357375031 6.198631346142307 72.61963850187682 -0.8679466595816727 -1.2063569522272894 0.21830189666709426
-9.990319745925602 6.2332490741728614 72.55667193822728 -0.8689067456618522 -1.206346560168242 0.21783627953725215
-10.059959999391175 6.2166436512907115 72.52287011071992 -0.8689687959676076 -1.2066588352557428 0.21703332275583698
-9.928065899443014 6.162107550454483 72.51516142493813 -0.8677553112213459 -1.2081545843956143 0.21706589609033441
-9.544129687521403 6.095424071349289 72.55775926334843 -0.8655130284004178 -1.209924657587532 0.21788368325522617
-9.106422707488644 6.04263919822765 72.63315413136885 -0.8633046056670585 -1.211085473768361 0.2196861852231094
-9.163652441379352 5.9754195513972395 72.69815854570743 -0.8612398623440998 -1.2109619600581165 0.22714468827274686
-9.743144308002432 5.91935918192458 72.73112075631566 -0.8598117497402074 -1.2089422228159639 0.23945675860121302
-10.068695592787355 5.969189518495705 72.71707170927479 -0.8602551964460066 -1.2085189838244612 0.24610724120718114
-10.042721144816866 6.1100067233080715 72.6629290038108 -0.8619619731768153 -1.2092802041174107 0.24401160454503448
-10.045861190802627 6.272021421712653 72.60644660338116 -0.8637992675734523 -1.206349900415101 0.2379527619145131
-10.019833210076674 6.404558321861899 72.56169355833597 -0.8649652099535632 -1.2018770098601843 0.23319107347588747
