-5.214871849140319 -71.93667077119045 -20.59903336242697 -1.2258085026357777 1.178115415443287 1.1642728158574527
-5.226385463636392 -72.09074873168163 -20.604856666914145 -1.2260207836176098 1.177008195304028 1.165127058074306
-5.270866161051339 -72.02375919256022 -20.581582078956416 -1.221783530835606 1.1763569509706295 1.163071232501607
-5.3193078583177815 -71.97806465712631 -20.538444301489065 -1.217013162691119 1.1767209903611187 1.1594064734329108
-5.390228064425505 -72.11641666306251 -20.503560774183104 -1.2152412545907105 1.1784154428558442 1.1568051249143343
-5.516150626486617 -72.37914887171834 -20.496823288420025 -1.2152957550556232 1.1810173248944316 1.155979100922278
-5.635765481107998 -72.54525459291135 -20.516395527718405 -1.2148124477160434 1.1825191393477035 1.1564380990736978
-5.702514463143085 -72.53889417635794 -20.542279929764575 -1.2133226636006382 1.1823657688076936 1.1575070597107584
-5.696354940159463 -72.36998014314753 -20.554526246687765 -1.2111189315832522 1.1811422956845714 1.1585767237467515
-5.605613810488516 -72.09909319536192 -20.554482721672805 -1.2088739060542266 1.1789564404116466 1.1595169791080155
-5.509446164295637 -71.86069803062435 -20.54503421793374 -1.2069096572432696 1.176881856082355 1.1605993216745656
-5.478258786958943 -71.8749232987625 -20.534918295388024 -1.205644580208462 1.1766488498512004 1.1610237917047557
-5.512935096261785 -72.33034569447905 -20.555158557281295 -1.2061992703447153 1.1783730690722343 1.160211778167822
-5.538258204057455 -72.82777741832395 -20.57116230517185 -1.208335099257069 1.180102377037615 1.1595328065905293
-5.492148948082962 -72.7034830495889 -20.519357657791858 -1.2093798928835295 1.1795757485208547 1.1611439917254611
-5.422494186606519 -72.05656545053138 -20.421236902271566 -1.2086973477164742 1.1766189560762697 1.1658612233965093
-5.371773186669448 -71.33671944914079 -20.32212686309438 -1.2074392029413943 1.1731518274881567 1.1715187791833293
-5.34893240543726 -70.7023594467551 -20.25026156439253 -1.2042795390566776 1.1704319132802472 1.175392284259199
-5.323191511901049 -70.30406758220225 -20.227933680969443 -1.1980100521939838 1.168821919622168 1.1759175018830201
-5.225557128794403 -70.29758085542157 -20.240583824522066 -1.191041260638472 1.1688951469405064 1.1728099258780098
-5.081387125712355 -70.66031654203647 -20.29487828995997 -1.1856986047298805 1.1696330427493895 1.1684109086978915
-4.968597283380383 -71.26629095373153 -20.40356993594351 -1.182659803826465 1.1699352330334158 1.165406771745526
-4.915774368620277 -71.89684887847304 -20.511495408670488 -1.1822218846552692 1.1707978817180633 1.1639903266335025
-4.910829801257791 -72.36806086366813 -20.578385715017216 -1.183062310913573 1.1726274505737615 1.1630777556613618
-4.920326503055299 -72.64503507206246 -20.603807227653128 -1.183716854732273 1.1747161663929189 1.1620663140229686
-4.9241941500663495 -72.74757395573317 -20.587698198960453 -1.1834429563423794 1.176503345155115 1.1608135677633509
-4.948563715429065 -72.85525391292424 -20.540080804852543 -1.1826928040447062 1.178566009998681 1.1592611930229286
-4.995222983906135 -73.29006867222157 -20.51529246012439 -1.1835951304973997 1.1805336804488267 1.1583346945866697
-4.976224111917253 -74.14680708069274 -20.56781099563765 -1.1864807801183244 1.1806389928174803 1.1588643531053435
-4.79123922627268 -75.17584291263643 -20.643336261455413 -1.1903531046119542 1.1795957016353866 1.1603972857886156
-4.370284191136848 -76.0174608382309 -20.664361624514527 -1.1954088063014274 1.1774180278798483 1.1631299387689602
-3.7700289669484253 -76.36038113968267 -20.584327418808172 -1.199909069253471 1.1747158085681142 1.1655468895145276
-3.2284912815566966 -76.2803353749301 -20.432005936376235 -1.201351889392561 1.1742312888007784 1.1659850808485472
-2.9560584876009806 -76.2470341509873 -20.346397330912357 -1.199817790859267 1.1752547235426236 1.1667058418026401
-2.8979209020660592 -76.33014300140086 -20.357464251583615 -1.1962760527898522 1.1754346030841865 1.1686869282076864
-2.8385733740398873 -76.37541336417809 -20.404987175896167 -1.1922056346322005 1.1741042538221103 1.1699929503464133
-2.718688101408425 -76.67538898102897 -20.48472881906643 -1.1897139359996243 1.1731216117338423 1.1694759345804835
-2.580848427156114 -77.35699988505039 -20.57759304074141 -1.1897007666571833 1.1738468052684483 1.1679245540399967
-2.4157738282613317 -78.16020374386922 -20.648566475388215 -1.1920655191087814 1.1752344578650753 1.1667928745946952
-2.1593495738152253 -78.88296583317167 -20.69463305813614 -1.1958068402101434 1.1756557530327267 1.1665466070792094
-1.752748497744058 -79.28977146964147 -20.711705552983453 -1.1982310602138853 1.1737633375416416 1.1671928840872556
-1.2819068321542626 -79.36218167339877 -20.703614894541744 -1.1973954364262118 1.1708212310602617 1.1676767138112654
-0.8423229867384183 -79.5214519358895 -20.673701114487248 -1.1951440859590141 1.1705819105576993 1.1654619161377098
-0.40755890251561455 -79.701171186656 -20.564190207399637 -1.1925747136432676 1.175066856583276 1.1596191764022243
0.025681338077518934 -79.73451601504992 -20.41467353697419 -1.1887313889132936 1.1813312700403171 1.1536553443063338
0.47964252018027664 -79.97670589125897 -20.34770074742771 -1.1857965282015956 1.1841292001291261 1.1522904017309157
1.0115974656992208 -80.17993291477359 -20.33083887464771 -1.1841627539802397 1.1818078329006871 1.1554389747689344
1.560395683259092 -80.16429529051965 -20.319576644217314 -1.1824449310174887 1.1774272680176034 1.1595813948103226
2.0193739663955212 -80.24683258789203 -20.339703145838776 -1.1813368562307986 1.173998646622849 1.1624177643958284
2.30167537033358 -80.78824287096558 -20.401163495068616 -1.1827198987395249 1.173576362074085 1.1631628992648453
2.3629785514589408 -81.99993789780805 -20.506773721129942 -1.1871386788380587 1.177341496736074 1.1623618169141885
2.375721414814797 -83.0153994830696 -20.596024414300253 -1.190033510371004 1.1813114140119907 1.1618823386624204
2.5837361364181524 -83.00119994941176 -20.59627064166701 -1.1889051622524416 1.1810179701852046 1.162685041418052
2.956988471344826 -82.74823754939618 -20.56663116867475 -1.187498853884574 1.1789583598891635 1.1633467153500425
3.3478782006830885 -83.26208330892015 -20.605738470242095 -1.1882498686915965 1.1792664265995727 1.1619105797481333
3.7668124404001166 -84.37568913952728 -20.705049356724103 -1.1904298185122137 1.181285966197023 1.159117034012155
4.306281333268814 -85.4651072981226 -20.809997872954867 -1.192131267590368 1.1822095281464609 1.1570425923928593
4.95299602621845 -86.16901800843819 -20.879151699462216 -1.1912477322415471 1.1816756204203545 1.1561154064841102
5.643074302996404 -86.31817301898548 -20.863008129847927 -1.1885473551340031 1.1806574233235412 1.156486350945432
6.351469804248513 -85.93262484133957 -20.749144396834104 -1.1852960705210638 1.1800229471872181 1.1571327984499233
6.972208874610218 -85.4884647289677 -20.618783852282906 -1.1812969231357546 1.181304698007266 1.1555444297466502
7.45575073658522 -85.23774045209382 -20.526331746382265 -1.177768374011292 1.1834438090501307 1.152896685470655
7.934844457112565 -85.12166036492674 -20.468801735337003 -1.1767166118133243 1.1836162335904452 1.1520045054118402
8.479876694492695 -85.38541142338977 -20.463191336957838 -1.1787574339072526 1.1821689743972443 1.1524451793772088
9.061084093280911 -86.13336924600775 -20.524547607519978 -1.1820645943180268 1.1802871373053814 1.1531738311206603
9.612915995998968 -87.18043475667855 -20.648209167802484 -1.1834542333378546 1.1789983863293059 1.1538743024095068
10.194368218687078 -88.17472764919373 -20.763803512019784 -1.181100503466149 1.1804773686777055 1.1536398964629215
11.054948671990427 -88.65703170279264 -20.77541642416068 -1.1754181599385651 1.1841590704591085 1.1513579447733824
12.191694734066619 -88.60639178835552 -20.676018385617446 -1.1689606172549827 1.1881180540413427 1.1470445633378965
13.450429681094999 -88.68235067918202 -20.561295358784626 -1.16527957048292 1.192201791092675 1.1418941346017895
14.799476328403061 -89.19705070270332 -20.502798850583183 -1.1650182997804717 1.195388448411359 1.137702253332137
16.085334295755466 -89.70899844803222 -20.462392308523 -1.1654082882910515 1.1973825352256262 1.1349811692022167
17.23242687706884 -90.06841452972878 -20.41203332488227 -1.1646802948595465 1.1996047280008368 1.131916155204026
18.34425799238248 -90.2980734923658 -20.364757064636514 -1.1630225526386433 1.2011054117286468 1.128037861961009
19.227975408019688 -90.6411235180164 -20.356863102879466 -1.161591972413802 1.2024123573013556 1.1255463282483373
19.742450889837144 -91.27115450173073 -20.40371595956733 -1.1601377878531942 1.2056159872763312 1.1248242192154425
20.1433653723502 -91.71586182239369 -20.4438252070218 -1.1575816829852896 1.2093710231793189 1.124441528046394
20.567392038052418 -91.93594333487766 -20.453064091682243 -1.154591192750665 1.2127956920738785 1.1236305376452596
21.00210902247168 -92.2121508470099 -20.46692511741119 -1.1510611152547745 1.216090100121061 1.1210285909986766
21.45104124246892 -92.56345371377331 -20.503067935483827 -1.147828783556581 1.2185584124400064 1.1174446591324267
21.93342109048771 -93.10411646475269 -20.56273471776116 -1.1462755301855323 1.221048271201379 1.1151161646434646
22.46620817055078 -93.90423253124226 -20.64675591977622 -1.1452768726948233 1.224799296526298 1.1140699119455908
23.055065400930943 -94.46144674726797 -20.7147257738758 -1.143855782054176 1.2273227198577223 1.1146288719809674
23.772486893446477 -94.28058106963651 -20.690696891766297 -1.1419012146770635 1.2274700667353542 1.115726690989391
24.668904225027966 -93.77621421054667 -20.603549278919335 -1.1399354258318481 1.2270831656328076 1.1143644801230554
25.682016254273115 -93.37964419368896 -20.535955338787794 -1.1382472560573733 1.2258978313841795 1.1106804754005868
26.612157774111303 -92.94775859420828 -20.463923887017742 -1.136071572623332 1.2249237413532086 1.1064063993171827
27.310329216179163 -92.52930012250224 -20.38870044866328 -1.1332807292472666 1.225016833858195 1.1025768377212266
27.92517357534753 -92.13865908011049 -20.338047969595127 -1.1296585728728274 1.225471952360305 1.0997005946499894
28.691686874612934 -91.65538219059033 -20.284104104846666 -1.1266129338984134 1.2262228441495147 1.0979816880883895
29.526745883404075 -91.31771813465234 -20.237780552280277 -1.125586320580062 1.227596580580566 1.0971108967921008
30.293486051206706 -91.3034911264576 -20.22629452449145 -1.124856654688165 1.2292975161805781 1.0953609005349354
31.046119718648768 -91.56345548809405 -20.231642062850426 -1.1243918057388855 1.2305075477895269 1.0917504420742943
31.73599014200455 -92.00242468908499 -20.225151463270034 -1.124848904291575 1.2327169149219155 1.086654614660242
32.32446548344147 -92.36381043554174 -20.23175801540386 -1.1243073774448522 1.236105861911648 1.081595422554
32.908045776812955 -92.29282503616638 -20.244133168204993 -1.1219258506436458 1.239123828441564 1.0780389316837944
33.49977297189458 -91.86647329724565 -20.220854387332913 -1.1192154564577108 1.2420031023317086 1.0755671685843309
34.0197218966369 -91.50441884298758 -20.193905878450348 -1.116983522218435 1.2450207705659846 1.0738255923270454
34.42111390405431 -91.27498283633676 -20.182569990082612 -1.1147452279755519 1.2479625093154265 1.072944453713195
34.73578877757478 -90.81276479453643 -20.156862758647314 -1.1104088951552342 1.2498593764153838 1.0724852138468475
35.0967348225224 -89.99662339094107 -20.119314965312803 -1.104533859883315 1.2489351976108938 1.0725183766918014
35.592052523212516 -89.34082217552785 -20.101119939356302 -1.1021221405829837 1.2460795240398919 1.0727932083555916
36.18001874994438 -89.06514561660953 -20.08086492981946 -1.103805451447812 1.2443447886727754 1.0719070111342694
36.77828915709 -88.94681948857735 -20.028476547027317 -1.1064243518094687 1.2455657187124602 1.0696104449221304
37.31444012064452 -88.97148411495104 -19.97761882870767 -1.1082797283446515 1.2496597510761305 1.067073788805814
37.77173644342883 -89.18022776296692 -19.99003950985923 -1.107911787352324 1.2546167880887769 1.0656560581755663
38.270904995697386 -89.34361271786747 -20.06403507559483 -1.1059091219002681 1.2577463501139574 1.066140164428915
39.00026066363732 -88.90775119410694 -20.090184707540075 -1.104587231828968 1.2578118356683554 1.0677333004216858
39.9266786463842 -87.77811844824518 -20.000302673636583 -1.1048807229487536 1.2564586464945777 1.0687714729694215
40.80897399274224 -86.52060796548426 -19.85081385383498 -1.1064429910896219 1.2558769917782862 1.0686603284200675
41.54484331138049 -85.33539127743725 -19.68519808924822 -1.108664765433924 1.2552025759868632 1.0684722907226933
42.171316233029486 -84.30105869207438 -19.542886436122934 -1.1116173494369668 1.253570191781872 1.0687312061765502
42.66779839863109 -83.52521687683611 -19.48177368055628 -1.1138846168152066 1.251796569087571 1.0693714266569287
43.040134273007595 -82.82634263986816 -19.47066679904554 -1.1146569389282825 1.2500436204355185 1.070620834187086
43.34629058050986 -82.2709832646862 -19.462643603126814 -1.1152024140385381 1.2489504661808146 1.0713086622091115
44.21858988258235 -81.35233772340058 -19.595860321761176 -1.125956737475696 1.2256410114142173 1.0873871767799825
45.69573338637297 -79.8445817366289 -19.89916192195407 -1.1489575857632521 1.1762979400779907 1.1224733640253781
46.3353284020303 -78.74588940053823 -20.03492904945542 -1.1608821625959127 1.1531232109477731 1.14000801753585
45.75306042422222 -78.45068494481393 -19.90109756793396 -1.1544936542771067 1.1713321455156174 1.1284286604540283
44.73287054445845 -78.7230827907054 -19.701416658420058 -1.143114736167904 1.2024193044475444 1.1068791189672065
43.72679830170677 -79.22038610853983 -19.533401824676787 -1.133766572937419 1.2296516885943778 1.0871428850306253
42.934811213867654 -79.42578971171612 -19.387834577211557 -1.1285032651756046 1.247734450982493 1.073871263084737
42.43606950696102 -78.98711654432367 -19.253112290345783 -1.1260923514603474 1.2564223667575067 1.0674872139031562
42.201153845946465 -78.3044742656538 -19.18384104369246 -1.1259022729393569 1.2582839493742173 1.0660596138304625
42.084881149304124 -77.98879502526349 -19.197142153063538 -1.128481045623147 1.2588471924493518 1.0664546302753546
42.006519960234556 -77.80090976027735 -19.250860632420014 -1.1315074402901466 1.259221599145477 1.0681932703651862
41.98637341664899 -77.3771148535424 -19.301782746107737 -1.1335717431808567 1.2577952942224613 1.071028670908375
42.03950704848242 -76.83560837133545 -19.31858167023526 -1.1357057083776603 1.2553793040116346 1.0727279019559601
42.147143723506744 -76.382335205939 -19.314130246551876 -1.1383162435421967 1.2525967375653355 1.0725563545148644
42.17880528145531 -75.89468470643921 -19.31452029891042 -1.1407897759740147 1.2491489871321921 1.0720966493942359
41.990646160326705 -74.8725280407864 -19.290899092652012 -1.141428132250467 1.2453929418881438 1.072810621856818
41.63861188334164 -73.2355069633827 -19.203247522502412 -1.140391317401523 1.2425001824551174 1.074468667628874
41.23335375725402 -71.72796880153115 -19.10169833193917 -1.1403382425269555 1.2417892269658148 1.0759512223379146
40.85166626058143 -70.90013005829428 -19.052109312374327 -1.1431726612288824 1.2428888748162235 1.076934971114178
40.492590998857374 -70.71091775263099 -19.07826332528213 -1.148320988810921 1.2447399063929754 1.0784496686645735
40.07917677588819 -70.74574020845638 -19.160166611351602 -1.1535153073309816 1.2468023515782318 1.0808050866151493
39.684319606020296 -70.29069937278895 -19.21402894643399 -1.1573763424963912 1.246807670388797 1.0836372069074567
39.410363919892724 -69.25355515207727 -19.224430206568897 -1.1587933406543163 1.2439654476936086 1.085776996959152
39.20733010129772 -68.13467620540814 -19.222889097834962 -1.1571414406372293 1.241325904779886 1.0850083462617992
39.03239690828427 -67.15466129122562 -19.195549462963506 -1.1538807318342275 1.2401933065294162 1.0818734594496084
38.88572131779519 -66.30213920659929 -19.136606077799577 -1.1509564866391675 1.2401023953404997 1.0791007088940874
38.736383767272756 -65.71926390559615 -19.067630938099114 -1.150386247280486 1.241935951854646 1.0780172939851425
38.596675451196774 -65.56754619853433 -19.015824860217613 -1.1529111011115432 1.2455340201957723 1.0779033764430634
38.50291167377018 -65.67482069029185 -18.980725316703136 -1.1570155547593184 1.2489893743693545 1.0778096387641938
38.29737163923474 -65.61890356008183 -18.951761526181485 -1.16107457037002 1.2508807590113258 1.0778596618852536
37.78201714199106 -64.76113102128446 -18.92273270950593 -1.1628019088063604 1.2499976322064992 1.0790391347350965
37.10737801615271 -63.21309076065005 -18.903058110147565 -1.162751505512945 1.246622285285876 1.0810834102856766
36.48921179595056 -61.73953798595214 -18.905900517850355 -1.1631450910018102 1.2425692546207885 1.0833784847768138
35.94051314222281 -60.43354215172935 -18.911091862160617 -1.1619060147642433 1.238518499394509 1.0870284258970992
35.49754898715622 -59.23913396689386 -18.89199134815481 -1.1586114006708141 1.2349045652199662 1.0910907830444914
35.128726274924944 -58.47585551063718 -18.861553166181203 -1.1563328011537053 1.2331387838191892 1.0935109180828886
34.709297760801604 -58.21403237958668 -18.841574583494456 -1.1560697131725122 1.2339171688235462 1.0941113587056126
34.246219492816905 -58.002647156808074 -18.803561142743554 -1.1569269526553454 1.235792968503707 1.0935563424079158
33.791175181612594 -57.604046568655704 -18.749503994716136 -1.1590177624272084 1.2367992892510213 1.0937929673726199
33.321098358395126 -57.20039664290255 -18.74026581714205 -1.1623287102232138 1.2358049755237805 1.096194156691363
32.75477378395783 -56.76515733014966 -18.77617439490696 -1.1646827444338137 1.2333414869231492 1.0999539612282672
32.04227330457553 -56.14658544437014 -18.802474994583328 -1.1641472827956 1.23152154395754 1.1034060362374478
31.257970279549752 -55.480770445456805 -18.804516997852026 -1.1623800273624454 1.231210287482996 1.1053501560471752
30.42138197673703 -54.81735436494774 -18.807970614469273 -1.1615408106270286 1.2307023728641566 1.1064281673747622
29.428321580497357 -54.05680172629273 -18.821766229622522 -1.1617183423336552 1.2291470348913158 1.1076409756631431
28.35444035691898 -53.33379491591673 -18.829991870258496 -1.1642160863248185 1.2266163228970597 1.1094933051742428
27.449528479059737 -52.81383113912469 -18.834881671713756 -1.1697932884462439 1.2223287479278087 1.1123587430734323
26.760031888647596 -52.550734007320386 -18.847166107667533 -1.1757958036892404 1.2186606545280474 1.1151894131203621
26.150641708660082 -52.54747822233013 -18.870270563695957 -1.17964182123828 1.2188601445119038 1.1164690070803176
25.530538806727613 -52.53466672653192 -18.879804798912634 -1.181351456670962 1.2215193113470328 1.1167386222779223
24.90027838421043 -52.169270108921864 -18.850534144014347 -1.1826462051409645 1.222822412753551 1.117538562609179
24.348012804236127 -51.40142035440405 -18.82278830739145 -1.1838093720910774 1.2196940587274767 1.1194024742687056
23.772455303199525 -50.51940824344977 -18.836591932649643 -1.1839159486696298 1.2138181203376872 1.1217411689849035
23.007435923352183 -49.83155240759757 -18.86805241170856 -1.183533604838761 1.2094246256480619 1.1234533495908523
22.056247800646673 -49.070035666658214 -18.87352914853686 -1.1815959047721467 1.2062767927420806 1.1253864884337546
20.974898146880506 -47.99532994625072 -18.8480046923788 -1.177394113776336 1.2025983658240955 1.128357571398711
19.922094298451544 -47.05734826919925 -18.819665891683776 -1.1748782783216327 1.199598769567502 1.1309400275707278
18.911530075606578 -46.53126036408944 -18.822739381252674 -1.1765778435577137 1.1976620514571352 1.1326591081078674
17.796792791371388 -46.18398910782386 -18.86978858836155 -1.1803226842141101 1.1959358794793993 1.1332569506840824
16.609172597069065 -46.02643105356697 -18.947234106867114 -1.1846882445893385 1.1960215493038642 1.131980034652115
15.349709975681776 -46.270920839668996 -19.04571448998461 -1.1886055141357637 1.1999323929210233 1.1291290444693267
14.04658466632642 -46.69828645637435 -19.141879113546512 -1.1904706463939108 1.204800622481501 1.1264871183893286
12.973425223879545 -46.83078980320937 -19.199923761452837 -1.1915769466458452 1.2051428046486834 1.1259330711692206
12.20520805318824 -46.70898547596218 -19.222738150707556 -1.1935151553810825 1.2022625050363571 1.1266964316831913
11.64625603422749 -46.613027181660584 -19.234480593771348 -1.1959753819618468 1.1997963810427206 1.1276643877858832
11.268098592929341 -46.41703315231023 -19.23125534613192 -1.1966973397596297 1.1980165911322298 1.1288376420921709
11.018870935156905 -45.80796782461873 -19.190008661041887 -1.193185738819919 1.1963048490324422 1.1303060191019023
10.813791386801565 -44.77518524348534 -19.12189292973236 -1.1878460667460768 1.1937897539932085 1.132912438592975
10.567187153484854 -43.66481439374763 -19.069429847560972 -1.1851118836927306 1.1907444067421349 1.1370729133887332
10.26920409329124 -42.6829303527374 -19.031255674845223 -1.1854251496216577 1.187974641400367 1.14178899698465
9.856891995256092 -41.86555308251404 -19.00199250830346 -1.1886114401503736 1.1848747318093351 1.1459304396829169
9.214598458324822 -41.14618257337966 -18.98366384441639 -1.1943876957049375 1.1811643021325064 1.1494400773581692
8.38226728097305 -40.45839451581818 -18.927573521305014 -1.2005262217848964 1.1797168697044964 1.1520739978319066
7.536631628274602 -39.88054461409631 -18.81319352509441 -1.2053515606710221 1.1822016945813263 1.1526202094284599
6.825811800856681 -39.47942584095016 -18.708371679987984 -1.209032829249029 1.185103978692137 1.1521010384223398
6.166377576099009 -39.2539527361996 -18.69356809528161 -1.2119736295359331 1.185266638313609 1.1529077459681623
5.374070520330154 -38.993490774576216 -18.772237801905767 -1.2139246770282734 1.1828362658589573 1.155545198501886
4.5364425443532035 -38.65263707640695 -18.902778240292392 -1.2166783998689714 1.1783688267784116 1.159450972766865
3.7364904888527835 -38.49316098539752 -19.03900021227785 -1.2208927593159826 1.1752563876043665 1.162348794713155
2.8558109886402683 -38.466376036315566 -19.117938912358166 -1.225559584836638 1.177343039962492 1.162193813358937
2.0073947732753044 -38.01392857569836 -19.086626616597066 -1.2302460085273306 1.181537715342466 1.1609475282356874
1.442503075003794 -36.769126279448386 -18.949033771133458 -1.2337074478858252 1.1827653291397007 1.161794418190612
1.217579801184181 -35.06435457889485 -18.757048713321762 -1.2357482119785348 1.1806288708639643 1.1653853405554153
1.2791032123647086 -33.50705402835099 -18.58590131402352 -1.2374899301249467 1.1761270840814178 1.1705136888308838
1.4415018700114044 -32.68981757147179 -18.51224595016907 -1.2396867904106776 1.171938245937329 1.1747826970830184
1.4866556739979933 -32.54606701572583 -18.527846550441147 -1.2403928342042032 1.1715293639026583 1.1762457006881977
1.405152330072326 -32.5195098983553 -18.57091154690361 -1.239037656876992 1.173885033950885 1.1756224311372887
1.305488531928832 -32.3054315977443 -18.610329959929743 -1.237891418324413 1.1758487649130882 1.1745193269172904
1.2143897613922892 -31.660790625843802 -18.635867168263804 -1.2357212271542948 1.1761968528062123 1.1733492397709209
1.0638977740091704 -30.85332762603171 -18.66694425835941 -1.2319853602767816 1.176527581990746 1.1715391244170383
0.9086422563557743 -30.182694944669294 -18.701850964026853 -1.2302869719591412 1.1766825572290063 1.170325738043059
0.8926619230650852 -29.26361346005346 -18.694960405900424 -1.2320589178500274 1.1739439559804083 1.171476964324516
0.9883768565206872 -28.065520797377204 -18.641309821421267 -1.236556568013325 1.1690364216630216 1.1742360556769058
1.0975521440219487 -27.07702911529126 -18.577297760015284 -1.2436480312015457 1.1650795538752317 1.1769222471424827
1.2396270122014417 -26.202706723400194 -18.493613789183147 -1.2502410921968923 1.1628222213807726 1.178347657294591
1.4731027450581782 -25.064341103164466 -18.382491147955065 -1.2535396114044826 1.1604868439107912 1.1790350455558143
1.792788956626782 -23.700530732520996 -18.288381762156625 -1.253854937047063 1.1567147078737585 1.1800563587804147
2.073769511463358 -22.451391337735313 -18.234064260668738 -1.2521558602210345 1.1535662246557294 1.1809361935678975
2.257434148218799 -21.528106468229197 -18.213222443842355 -1.249826460207064 1.1530235015165116 1.180609882800554
2.4642830314181423 -20.67912495399019 -18.199132211897957 -1.2478109181381392 1.1536566474378773 1.1791528366713993
2.723886936870108 -19.865268694361646 -18.17283936549808 -1.2480628777257872 1.1544390155089035 1.1782140700395867
2.927066806530954 -19.280332178311117 -18.140249739107624 -1.250858724745711 1.1560179642897546 1.1789871881845722
3.076417568010073 -18.73582025719695 -18.100042794662844 -1.2532017234488393 1.157755338543211 1.180748814565288
3.310302594416825 -18.060867017263373 -18.06623593561961 -1.2539806394336883 1.1573703113965452 1.182563388717228
3.637124042771491 -17.400902063383135 -18.048850025517496 -1.2538322419966197 1.1558369940647542 1.1841787274845825
3.99105940896312 -16.797812135584916 -18.011205102557383 -1.2530065230015883 1.1557982829146984 1.1853228309851267
4.457578611075963 -16.06696479161579 -17.94175568402402 -1.2516153336485516 1.155637152534553 1.1862113499529534
5.131098011264547 -15.167855831612792 -17.873164626727036 -1.250289473180445 1.153057274312145 1.1873388525441264
5.8960883986551345 -14.5496480176603 -17.848484416249576 -1.2506913434246105 1.149968951194865 1.187840913860153
6.603731216564045 -14.346824180890682 -17.856787414707593 -1.2524033680649547 1.1486268483300734 1.187181188786147
7.233466129501231 -14.01389522319603 -17.810984519866725 -1.253299651885365 1.1483294645361535 1.1864699317024168
7.8099870341952755 -13.423128189010072 -17.71817399936878 -1.2533635112095667 1.1473358260047124 1.186358528208053
8.373687327978223 -12.815529623971392 -17.66136532157517 -1.2527723692139794 1.145284275847358 1.1866114097352751
8.935169274806915 -12.456477329969438 -17.66997540398026 -1.252353217049091 1.1438831069123307 1.1868963411781928
9.515283680940962 -12.357701690963532 -17.696351767657905 -1.2536082586785382 1.1441996057658876 1.1870892446704715
10.133136079321403 -12.241462895506313 -17.694511653342435 -1.255454535371319 1.1457393756611782 1.1867914758115754
10.777688764573417 -12.095463401364182 -17.699715484611122 -1.2557446849252345 1.1477249855041398 1.1849621441946567
11.456168756119123 -11.645606327927322 -17.69219302985681 -1.2521042240857647 1.1489363188002732 1.182103544840315
12.201681618432385 -10.678063992192545 -17.61603608725269 -1.245655789433648 1.1483005779380717 1.1799523948973187
13.035514459686796 -9.660389412032533 -17.514436065356737 -1.2406789851927713 1.1463210004056166 1.178292442028103
14.157515976656784 -9.169963814935905 -17.464149591898618 -1.2367176117865655 1.145864008042275 1.1753357770986637
15.761538561401593 -9.461426347856552 -17.481485991409635 -1.2312778993589126 1.1497892064853843 1.1704264110086398
17.47346469672199 -10.258341201921619 -17.529193929837177 -1.2259477620503103 1.1567932050973548 1.1653504550280842
18.870727554748065 -11.113403271479259 -17.58608186105058 -1.2222008920240206 1.1631848638109386 1.1619563575225313
19.997211682913868 -11.806977023171058 -17.641629806146803 -1.2197227560977553 1.166877824893009 1.1602259818351168
21.000568535423668 -12.22455936023829 -17.65126570744419 -1.219146527322264 1.1675786116473512 1.1595361796977885
21.937266004280225 -12.338131320572609 -17.600815727436395 -1.2206029633240512 1.1652773112851689 1.1601260698268194
22.931686302424666 -12.37195018239339 -17.528979254277118 -1.2222629473719808 1.1623954409707213 1.162016681112858
24.19294962536966 -12.633862628999047 -17.474228879298742 -1.2218158341708063 1.162391780398512 1.164342720726307
25.7191990034675 -13.064688323802258 -17.435818171017957 -1.2196851270455284 1.163872300523182 1.1666040684303014
27.215242527014404 -13.387051608821613 -17.37683659121048 -1.2181066289468436 1.164421177620111 1.168391370906642
28.381824926541654 -13.57275258761528 -17.306507170622695 -1.2175110114746261 1.164451806319537 1.1696089709424606
29.100143261669885 -13.761320818527572 -17.270181414808434 -1.2161597144129819 1.1654075245563535 1.1702488504814152
29.41832746068101 -14.032911461452338 -17.26347523179239 -1.2135081276593964 1.1686298405853772 1.169117035313037
29.544291792701472 -14.388159222818636 -17.258351175493022 -1.2109600686926911 1.173327748172915 1.165747984199287
29.716109210538203 -14.758930045310304 -17.263018198107076 -1.2082486912254198 1.1770243377882936 1.161666328218981
30.043262359740062 -15.17846275848259 -17.296223393467265 -1.2051922684147276 1.1788163821678117 1.1585796332928513
30.492846194201068 -15.71666117532104 -17.327025341793142 -1.2037223307440423 1.1802146216085139 1.1572058449888818
30.99237739352086 -16.146470052618774 -17.307134015433483 -1.2042274901071857 1.181508165184828 1.1575918885099825
31.46878283244044 -16.327607633356 -17.27057939212029 -1.2055371587606278 1.1810275729332365 1.1596857292517984
31.807487437786946 -16.454449703289505 -17.268194905682666 -1.2067678303131584 1.1800094307649838 1.1621070817677546
31.983082171963197 -16.54369068921759 -17.271586079828577 -1.2067678477983452 1.1806518262977803 1.1631273540017824
32.085237359253846 -16.503527776046337 -17.24877253273831 -1.205522874159323 1.1822747233953226 1.162818742208882
32.122326455644696 -16.44771645991886 -17.22468530426869 -1.2040117804249295 1.1842423681536611 1.162391489659311
32.146530540284296 -16.518504435754497 -17.21560804990647 -1.2026226462669982 1.1864014148812305 1.162491343103248
32.34854112961856 -16.707253637695455 -17.200114434103746 -1.201871504530963 1.1869248405777004 1.1626846006390232
32.71465629614211 -16.95447385729873 -17.178450710489255 -1.20230072220473 1.1853006120560632 1.1626318515210818
33.063268700081736 -17.247145205504815 -17.172152295989296 -1.2035339955776236 1.1835556810737204 1.1620014066238187
33.32662000491342 -17.55355017680213 -17.193545094059754 -1.204812989503071 1.1824699925009536 1.1606217081337922
33.50201262481396 -17.804003607881878 -17.241818312650025 -1.2056791782300573 1.1814015985975963 1.1592484696609429
33.59048052388014 -17.853312751983403 -17.290994120431634 -1.2053255637560811 1.1801378314384705 1.158421201833668
33.61086974884362 -17.59625199808431 -17.30228715395118 -1.2032140923046992 1.1791618225107383 1.1578151823121734
33.61221200603235 -17.167955583808055 -17.277438734196338 -1.2008786902558075 1.1782592701434254 1.157605846436924
33.625315593324004 -16.825910696630523 -17.24331575340891 -1.2001911147671644 1.1773554464898233 1.15793789817668
33.616538280444615 -16.73722207271465 -17.211729665750358 -1.2009218285719703 1.177688855932343 1.158055838162225
33.5942553078572 -16.88427811054251 -17.20446853310476 -1.2020864990030393 1.17862504822746 1.1579243586688817
33.585213800335616 -16.865290794841346 -17.195863930055598 -1.2014835144266707 1.178856759644099 1.1579286232338997
33.56256560110202 -16.23813119073659 -17.111971507026787 -1.1971848410841905 1.178960219434182 1.1579999193082045
33.52199338568612 -15.421387620117134 -16.997066435658674 -1.1922577357321809 1.179385743991659 1.1583890719120884
33.4648510602704 -15.251150034506654 -16.968725670584707 -1.1910752098713002 1.1806227672560694 1.158932383777489
33.40724892303381 -15.835150759334288 -17.04353101170847 -1.193666714527411 1.1826944659328853 1.1586623856223244
33.36639003325344 -16.652244667369136 -17.151329195753206 -1.1971840603712536 1.1847438737647047 1.15769311838236
33.33870239637066 -17.18993891966934 -17.223357622069116 -1.1991085810372255 1.18567044717622 1.157224983178124
33.35471621564085 -17.316500389052706 -17.235914054043477 -1.1998495195692918 1.1843690883143814 1.1578114386939942
33.40519944003179 -17.283930097557683 -17.209520651723846 -1.2014081980804832 1.1823025146355222 1.1587165021502053
33.4445424635866 -17.297607214988247 -17.18221102198795 -1.2033576961309054 1.1816566587864354 1.1587768981600959
33.44509942145153 -17.355445667596285 -17.18079270591755 -1.2038730706303342 1.182558410325428 1.1579651547760612
33.38094066336258 -17.42706398340831 -17.195040031979815 -1.202742681234917 1.184973110667815 1.1569327198913117
33.290606224709606 -17.464890350611757 -17.212390311700254 -1.2007368731600585 1.1877515439160546 1.1561162643091527
