46.13753149077823 1.2456471887556948 70.45563014420071 -1.2121207929567186 -0.8508900313233998 -0.23577644323918703
44.98606323608904 1.2243231383594146 69.94794600445054 -1.2068504600558263 -0.8320375471292659 -0.22887969636355182
44.7227077044411 1.1464822117268383 69.75525890042344 -1.2051380212497393 -0.8218491559104246 -0.22304720029869424
44.881928960787334 1.025315877011772 69.72515689126497 -1.20542823747754 -0.8182058352519352 -0.21981363784093388
45.16206666294764 0.8633387452090899 69.75680946095004 -1.2057234101489906 -0.8181197465937278 -0.2180445879597529
45.37725180182003 0.6891416694791399 69.79987789359305 -1.2047704091811187 -0.8186901036837543 -0.21766920236094833
45.54989107776984 0.5313910866052574 69.8538174895041 -1.2032226214849975 -0.8178721024750548 -0.2177542195290812
45.83113107853707 0.39902922351064807 69.93173701073903 -1.2013135576071308 -0.8153779886480989 -0.2163006701335905
46.14946249679301 0.28429643373421043 70.00969315404907 -1.1995841233715743 -0.8132469377317384 -0.21359950029688418
46.32244819275948 0.19001507032501833 70.04585904837118 -1.1992393747032888 -0.8140938211801745 -0.21250340342248103
46.43971087795926 0.12252500427947229 70.06036599182332 -1.2001245625228367 -0.8165282510428358 -0.2131350137422492
46.74077376083247 0.04527942232183145 70.11767720596809 -1.200626478521085 -0.8177991623392773 -0.21173583202688492
47.187823400115164 -0.058339735964994824 70.20793613585093 -1.1997635623877658 -0.8187941497338433 -0.20838933395749598
47.4260512746413 -0.1610994753056216 70.24472043638076 -1.197935506791013 -0.8206998165048534 -0.20702265242491896
47.277877046032245 -0.23889995284650825 70.20327472921758 -1.19677705666969 -0.8217116397138999 -0.20815439313665196
47.15169379384423 -0.3147391135100497 70.17903951368899 -1.1971561500681975 -0.8214178946369146 -0.20756767297989628
47.372656740579245 -0.4222373519725105 70.20851879385056 -1.197094779641163 -0.8224992019021699 -0.20442931987595725
47.76992486716942 -0.5414334616866836 70.23722948007688 -1.195044328253779 -0.8255624818966476 -0.20195465612305447
48.13203561847233 -0.6300601780783632 70.21787238865099 -1.1929793547182235 -0.8319303284304129 -0.20547859341625874
48.15985912714527 -0.6820268428209568 70.12287987531444 -1.1936422018786834 -0.8404794455424246 -0.21635361601254588
47.79991298704074 -0.7510157880690733 69.99374083721115 -1.1967072404401085 -0.8471847368842597 -0.2288302865627267
47.55628536212856 -0.8718703214745671 69.89563208105648 -1.199958756102282 -0.8551163560028548 -0.24182211458791603
47.35847046493109 -1.010603405023342 69.84510434842728 -1.2029708503161904 -0.8612181985015814 -0.2511924936440186
46.98051260561346 -1.188632942323494 69.84052185710311 -1.2052102499928101 -0.8611377650328429 -0.25246077128832933
46.69174919272857 -1.462890409570809 69.87097860454989 -1.2057100848358213 -0.8587276091906092 -0.2491350811516531
46.482742174734916 -1.7934974435923614 69.90509117275253 -1.205555876931455 -0.8539634740137528 -0.24327731690037635
46.38883245759574 -2.11827579116661 69.94518878949023 -1.2052584668962145 -0.8468483507762876 -0.2359345981179292
46.32918680858869 -2.405184740192243 70.01286473636947 -1.2049943828284215 -0.8376211284891913 -0.22624904373233456
46.284450807898935 -2.645497101327774 70.08560664648104 -1.2047831940216076 -0.8309746954491659 -0.2181969535658777
46.37162781370877 -2.861537230197276 70.11526912723454 -1.2037720461959371 -0.832897248219471 -0.21740214935122093
46.41527456355121 -3.07847513362601 70.09477981032434 -1.2019018679214857 -0.8404635562013473 -0.22217842373283628
46.62021859270767 -3.2959183094049287 70.07903804450599 -1.1999629926322488 -0.8513909828361073 -0.23243265123925932
47.15112356303593 -3.4792234001348925 70.0955919322487 -1.1989294607147678 -0.8642428788165135 -0.2466725823937867
47.532663524882494 -3.6243302737681944 70.13090747422072 -1.1997334347343604 -0.8713352088117112 -0.25546354910706764
47.51477478395742 -3.7783691696910786 70.18294131330985 -1.2023177186415503 -0.8692862003996791 -0.25454971177408015
47.48044743378226 -4.025578240339053 70.24745871906391 -1.2040926048511642 -0.865786798608607 -0.25121181932496495
47.57199689173277 -4.440067222601037 70.29341624774807 -1.2025617815267844 -0.8655729094819455 -0.24948174927638397
47.46683212846035 -4.976719171397854 70.30053228210868 -1.198162573613394 -0.8649061839854647 -0.24380924397246415
47.0663079856847 -5.493413940522941 70.26606399122215 -1.1931574187034621 -0.8633004845718757 -0.23463849141867316
46.70637012485642 -5.8773987368725695 70.19376962217727 -1.1895648220362107 -0.8657243780706807 -0.23296259123272656
46.414170230850345 -6.120638642639621 70.12778942156268 -1.1881245225770123 -0.8688802458966722 -0.23659845860485254
45.7930754893798 -6.265361299685514 70.08903718631862 -1.189150915582721 -0.8651282262936038 -0.23535875921520388
44.89425251854668 -6.342518055298916 70.06391833872385 -1.1924539099462153 -0.8552688429565757 -0.230279761617313
44.338068354532055 -6.385375953328316 70.06538662710214 -1.1956635106485323 -0.8478785240345383 -0.22788091003652708
44.5733171450983 -6.436268710139563 70.1009064546592 -1.196668722690263 -0.850416039426741 -0.232904990447298
45.23256115872723 -6.563058796230098 70.12086346425869 -1.1958157975037187 -0.8602994951526322 -0.24378594991205807
45.80075085470102 -6.8143695491554235 70.11149072254474 -1.1943103589298831 -0.869303660432191 -0.2534557307959703
46.007616322225005 -7.138062204793611 70.11510292429882 -1.1939570797211418 -0.8703798785459188 -0.2544027003400739
45.58126868492546 -7.437111894419344 70.12333769374 -1.1960364741537912 -0.8616627530056216 -0.24548602816192652
44.9176579561405 -7.676143684816827 70.12651605230539 -1.1995003605688561 -0.8511831022506862 -0.235254300311886
44.7149091868243 -7.872239201236319 70.13231678580587 -1.2019126775357767 -0.8491442652946455 -0.23322219238611466
44.913381539129404 -8.048611852581788 70.12625180976681 -1.202127770686296 -0.855726490559982 -0.2389059835110317
44.866630757911636 -8.231355211071488 70.0860929874024 -1.2017931364377397 -0.8619440602477043 -0.244305575932282
44.16887128250364 -8.41315637793773 70.00912957839023 -1.203197332370633 -0.8595637022021023 -0.24413224445238688
43.424282506177434 -8.570045722974553 69.95163568997964 -1.204856003258432 -0.8542766101323592 -0.24190850835417543
43.278478641956006 -8.720840840642541 69.97618010598435 -1.204844966446189 -0.8533741215510251 -0.2395320019587064
43.40888212415954 -8.89276158033679 70.07130998277589 -1.2041796606347377 -0.8520151072494734 -0.23164800145006037
43.63908792238046 -9.065420722583065 70.18139580782648 -1.2027247542747381 -0.8509236135327902 -0.22293415387713345
44.07730348701554 -9.197046103751287 70.25250926746133 -1.2001248191641816 -0.8561061341077052 -0.22332741629999509
44.47440823402299 -9.294913655886798 70.26663751162751 -1.1980490285046308 -0.8648065082606047 -0.2295647151200615
44.670210372751185 -9.414599772494734 70.25859031989918 -1.1972583688060845 -0.8723484033273042 -0.23438697365517774
44.632722427001674 -9.611947888731729 70.24477855201343 -1.1961231552307943 -0.8795867689799742 -0.23724522379463192
44.35663020363174 -9.877028881688386 70.23024877910268 -1.193568570501074 -0.8867372331832233 -0.2387133404031951
44.064575939718154 -10.12878518778578 70.25297531130211 -1.1901797742942122 -0.8911352660273503 -0.23816556008284384
43.93990551887203 -10.311550318938336 70.29781963144166 -1.1877241021826912 -0.8934175972840315 -0.23783428102910772
43.86830550170562 -10.445048757017132 70.30562396153346 -1.1872073191810901 -0.8961507421468307 -0.24002646702597963
43.609989475385376 -10.56222707389513 70.25880350010564 -1.1873131536850177 -0.8991304552797967 -0.24351875066123146
43.222770662716584 -10.665406300455338 70.1879444879101 -1.1877117487086553 -0.9008146338963157 -0.24645632074239754
42.97257410455647 -10.767817408496413 70.14443420132908 -1.1884159698740007 -0.901063757334707 -0.2472209126375301
42.90747290666391 -10.898099196661796 70.15068965054785 -1.1883623428536407 -0.9006872351323206 -0.245517410775469
42.86090200252343 -11.065279450437625 70.16882572518256 -1.1880597035261855 -0.9004632304704507 -0.24307620207408115
42.73289226815126 -11.256318133080917 70.17418144359289 -1.188487941865052 -0.9010542299046473 -0.24034717228277028
42.587298547232294 -11.452070942235693 70.19293394714995 -1.1890066308288918 -0.9009214512697271 -0.23699375500856135
42.460513305930434 -11.626192799025599 70.2182025729829 -1.1886268785868488 -0.8985477093968398 -0.23453858167640526
42.328493695479004 -11.76472905438807 70.22176738082905 -1.1872362860998125 -0.8966801299789248 -0.2336415647667488
42.20127902697887 -11.875932652629398 70.2106712022116 -1.1858175179289798 -0.8982042306460349 -0.23344503758043317
42.12905742335445 -11.981508667653895 70.21839264275083 -1.1853767281940104 -0.9013802658709245 -0.233473327244349
42.1239602447278 -12.105100008987792 70.2575179334669 -1.185400684147132 -0.903671048503452 -0.23330499842515345
42.051789581948434 -12.235126314531527 70.29643686497622 -1.1856916490920484 -0.9044439282453401 -0.23285191748553086
41.77650274213886 -12.353822641128257 70.31734115789718 -1.1870419448844047 -0.9028541023634673 -0.23240216187584686
41.28225475559993 -12.489612092126853 70.33513978100251 -1.188968849301807 -0.8994891827438815 -0.23196703801821644
40.64276066424769 -12.67452269523808 70.35167459312524 -1.1904727966172148 -0.8980006047981279 -0.23109104249758286
39.98770977615351 -12.88516356306021 70.35094840792249 -1.1909497747761941 -0.8998679446676852 -0.22971163929831634
39.3866398789893 -13.074169356984164 70.33337623474767 -1.190101982295058 -0.9027065889587869 -0.22882506929036672
38.934955668929305 -13.207172322159437 70.32390695062499 -1.188839885479158 -0.9049828366658528 -0.2293374481940066
38.67085176843702 -13.27857820359208 70.3272670239846 -1.187859293350373 -0.9071535107413562 -0.23096640767820392
38.5742992927103 -13.313374769953363 70.34095194122261 -1.1871306410019038 -0.9095184569752527 -0.231878040394648
38.59335528472804 -13.345035864809475 70.36745761908959 -1.1873259356192 -0.9105336914388138 -0.2298017928222471
38.524682118295 -13.397150917573034 70.38271943494976 -1.1883635559608565 -0.9096715623770275 -0.2251026129968377
38.300807908041634 -13.472229034685153 70.38504836801883 -1.1892878403479208 -0.9084177000322424 -0.219317466992714
38.07308443452378 -13.563581877545964 70.39308054521307 -1.1894195317282048 -0.9082338508549299 -0.2138379815885708
37.99031486832907 -13.66037306075368 70.41222129013815 -1.1886900705443977 -0.9093317589090426 -0.21153506750502132
37.96125157437441 -13.750479777091591 70.44069287061691 -1.188161197807497 -0.9102481522632045 -0.21354707274544626
37.75185064344203 -13.83866068408324 70.45889235931472 -1.1884762196779093 -0.9109803994446366 -0.21695545780576309
37.38389016274758 -13.940129055644876 70.45111321794428 -1.1883411965320023 -0.9128496856049639 -0.21881426698214035
36.96884908653738 -14.056138106210444 70.43053738453337 -1.186638912631762 -0.9150512802368971 -0.21927150139968665
36.51836870243018 -14.171422369296144 70.42684847614747 -1.1841970089167102 -0.9154636513396415 -0.21939166819628214
36.190192522100595 -14.27694202473543 70.4687321812169 -1.1820991786730453 -0.9142972934617506 -0.2187171401572356
36.0205024142856 -14.372746109751347 70.54538540380902 -1.1805183591914257 -0.9129028710423353 -0.21598337998450906
35.82046167711207 -14.44284755918941 70.59884829806157 -1.1783133657105542 -0.9117846318489113 -0.21238006058654746
35.59934711494993 -14.47528693824291 70.61891846422623 -1.1752463868944245 -0.9105957517239023 -0.21056075541257227
35.41866552443155 -14.48279258249111 70.64523944576965 -1.1737803220052896 -0.9080849100368229 -0.20977596836080176
35.234036973319725 -14.475817849794502 70.68465722016953 -1.1753316504269198 -0.9045852176758264 -0.20890574311804322
35.03130767554185 -14.463502728471378 70.71201888891535 -1.1778373591588263 -0.901865950318509 -0.20955358333619117
34.71457383864794 -14.479828962735233 70.70202879745602 -1.1790061317636304 -0.9004144923688038 -0.21102219830012642
34.22594712541058 -14.535487120432503 70.67133323234643 -1.1784146076094393 -0.899667285292014 -0.21078167056640906
33.836393474265776 -14.574334113403157 70.66907921377084 -1.1768838846883862 -0.8999960526272084 -0.2091521539358316
33.73149166889616 -14.560118751951048 70.69581281302615 -1.1754364898627996 -0.9024212137930554 -0.20800546080318794
33.750491253775884 -14.500210631842055 70.7190373592182 -1.1745463618202727 -0.9053215123978942 -0.20797978731052663
33.79226993420645 -14.402476649528495 70.73952524228716 -1.1745231303939505 -0.9059150283580415 -0.2083940253606834
33.85494312916052 -14.291549097467033 70.7637110287556 -1.1747925409910334 -0.9051942362547343 -0.20873561067805965
33.92875656167789 -14.192978052918285 70.7920993463886 -1.1745249494028414 -0.9050904824623117 -0.2082796789611715
33.99431016007134 -14.118952397022877 70.82286902976877 -1.1738450501002597 -0.905025525788276 -0.20570825852350383
33.888737257254164 -14.072035145078553 70.81504357258176 -1.1725546175092787 -0.9046996535570768 -0.20271433367215613
33.5073855976773 -14.046994474883348 70.76664053940006 -1.1708290611122019 -0.903034717720373 -0.19979681346868722
33.02618568187956 -14.028366526948535 70.74799705664914 -1.1699524620170787 -0.8983382263577699 -0.19342829459702746
32.606102735038824 -13.9801666927278 70.75471817331065 -1.1696423770367244 -0.8943269493563588 -0.18678665064813255
32.31992267257736 -13.885543501154586 70.74528912593064 -1.1679166395841971 -0.8953415945289295 -0.1848870343325757
32.23419686788912 -13.763968907314442 70.75516771442614 -1.1643589353701298 -0.899023574776467 -0.18402497951912433
32.14797611236324 -13.582818051751007 70.78236042412338 -1.1610014021439383 -0.9016909361588719 -0.1813590331725669
31.880416274470672 -13.277379617766584 70.77381336263869 -1.1589036999689848 -0.9026650727312114 -0.17971475393918254
31.658968146282252 -12.879237568571604 70.76631130502534 -1.1580540334492626 -0.9018421742165501 -0.17908691994823206
31.560898927182556 -12.477014533727901 70.80739956574406 -1.1592348446750051 -0.8993396856850624 -0.17726991447424245
31.392721326617064 -12.114167063892646 70.85479426235045 -1.161895919418392 -0.8968494978063161 -0.17568758567545723
31.161449751771514 -11.789172990866707 70.86776433900515 -1.1640053082610973 -0.8963480067839715 -0.1752334700378903
30.90803946335613 -11.48717210915101 70.86413592817242 -1.164826221849378 -0.896034938616628 -0.17357969257982037
30.60279125313388 -11.18153183099418 70.86939288135564 -1.1646699409038883 -0.8933706981076442 -0.170474759343882
30.328239758565566 -10.851515856231007 70.88201380063472 -1.164074098908664 -0.8895791940149891 -0.1680055820070238
30.177724514452564 -10.505494638297987 70.89750470553793 -1.1631173216287118 -0.8872115836920895 -0.16703659532109855
30.20831227277531 -10.149514372984475 70.91255367709121 -1.1612905030163267 -0.8896134646301253 -0.16859404307168788
30.290780139217205 -9.74714814283675 70.91518114836863 -1.1599484689743145 -0.8948791006771686 -0.1716497056397107
30.24432829870972 -9.279876598591768 70.90553061513839 -1.1600513870994347 -0.8976448903697748 -0.17248454012723308
30.178843266679372 -8.813308770825863 70.8814538177475 -1.1603822276046025 -0.9002399487761901 -0.17249273592788678
30.244542339960752 -8.42733186867566 70.85139603960553 -1.1598085481251583 -0.9051683227725846 -0.17372657318275064
30.44729593626615 -8.149748972752455 70.86393604923352 -1.1579481630785122 -0.9088904767639824 -0.1727151719930048
30.657889039058496 -7.948034109253387 70.91476561549072 -1.1548144575177572 -0.9100683963285756 -0.16894382522937829
30.779820567458827 -7.7592277327145975 70.9562426863128 -1.1512241446415605 -0.9102391108067457 -0.16595977115226052
30.733922821426255 -7.5608116597719714 70.95562270642435 -1.1484394749280837 -0.9108907617555427 -0.1648970736499736
30.534595985677367 -7.346054378224868 70.91501475635278 -1.1473797782399775 -0.9128077266126347 -0.16553178341570382
30.387322456266155 -7.090782931448377 70.89616134338297 -1.1484581911475438 -0.9138305837696524 -0.16656680610354913
30.248295493880583 -6.807380991413325 70.91315984989222 -1.1502238567095813 -0.9123292556280147 -0.16515758248865967
30.052527049630484 -6.531285330456325 70.93184718973978 -1.150072013997977 -0.9118037365289895 -0.16218581378520228
29.88983451725367 -6.2686940745491615 70.94878435817606 -1.1477438216726337 -0.9141605038187557 -0.15962740599014097
29.73987476563994 -6.021390947343322 70.9657762387626 -1.1454560786083896 -0.9162489566255336 -0.15674317414652067
29.587081987067624 -5.7497181142972185 70.98142330902598 -1.1443618495482835 -0.9171392474182593 -0.1529231093731222
29.45989074381049 -5.368849647264221 71.00185896567947 -1.1439612923478772 -0.9175111660652836 -0.14888512829014272
29.451502892313 -4.901688039189648 71.04183373537381 -1.1436656950099484 -0.9165153991500024 -0.14619794579054923
29.720235938731363 -4.442764945114694 71.1127568110471 -1.1430711937314815 -0.9158579124163788 -0.14563047804467708
30.149648809928976 -4.02958293833974 71.17060698233811 -1.1424406058245766 -0.9190667925649088 -0.14823191691732734
30.397167072888806 -3.649739733654415 71.16364010100227 -1.1424135566429592 -0.9251564783146066 -0.1540751479453716
30.46540174537955 -3.3006344091989965 71.13310941244102 -1.1421711881278265 -0.9307734101586217 -0.1588648796593377
30.43260527550978 -2.9946321090608903 71.12382764353487 -1.1417122075211195 -0.9339097081682624 -0.15914314046996259
30.281961821012622 -2.715060189121542 71.13444731542336 -1.1422723273059754 -0.9333934535948697 -0.15717347579908603
30.243886846571367 -2.4647511344877584 71.17445513276144 -1.142995096152885 -0.9309502280522762 -0.1558375551711636
30.14914478070774 -2.266221678359293 71.20020286107763 -1.1434488502085736 -0.9293745348062079 -0.1558059464822777
29.640647807530073 -2.1048628188006795 71.16042045318696 -1.1447147399967401 -0.9291743083827405 -0.15713840548454078
28.92394941019906 -1.9631300137870884 71.09060903399646 -1.147161254117817 -0.9291359753517681 -0.15790386509920923
28.23664649293394 -1.849561448319808 71.0271801707078 -1.1503507889980227 -0.9285986148881746 -0.15587787414357784
27.746203647757213 -1.7605277519081235 70.985554042311 -1.1522718601092192 -0.9281854105252447 -0.15290414443601055
27.599942204361476 -1.6203411028694563 70.97728716690297 -1.1516914099846953 -0.9279413814763451 -0.1530969768194076
27.59308930218318 -1.3725471969825622 70.97305497725603 -1.1502850358548047 -0.9276466938440946 -0.15622579116581786
27.585612951824146 -1.0801313107382033 70.95680715332064 -1.1489947064104915 -0.9282076839151587 -0.15890012378878626
27.63730041324088 -0.819443005286467 70.94345555249332 -1.1473380364887342 -0.9301250372970371 -0.1599389754439632
27.736227535684097 -0.6123255239217678 70.94361305860733 -1.1454655222123258 -0.9326410023833747 -0.1589581417274587
27.87791467391647 -0.4336855402427678 70.97134775937297 -1.144127144765748 -0.9340774664857787 -0.15645407144991774
27.97895901515148 -0.2547457606359333 71.01135289101181 -1.143700901322124 -0.9340267245596223 -0.15409507543585654
28.01575424196263 -0.07484280591916714 71.03914073350221 -1.143563008773492 -0.933967001025809 -0.15277277787281957
27.99095270633834 0.10075608649331717 71.04817070102729 -1.1432324781870726 -0.9344228543911786 -0.1521665765884971
27.83205201572263 0.2524122450086391 71.03310038884055 -1.143159268528152 -0.9355642717882322 -0.15142551051793796
27.40717992894453 0.3546918379662207 70.97715829676075 -1.1441425844041033 -0.9375684596211953 -0.14854929708364106
26.787718385884514 0.42671810264999616 70.91047471256562 -1.1464324184026602 -0.9381314190619899 -0.14154816042589258
26.43851762846404 0.5302819619407765 70.91279698068365 -1.1484075585294358 -0.9354648956702758 -0.134304089384128
26.4707345074685 0.6932342373034135 70.96749549773804 -1.1487441171293162 -0.9318569104888372 -0.1316741594285002
26.574423282994545 0.8845762413808741 71.01048916961476 -1.1483587919744127 -0.9293771108509832 -0.13152985631465214
26.591795637313346 1.0803301733417396 71.03393006483978 -1.1472234658558746 -0.9280085791526826 -0.13174228778570557
26.61846463618152 1.2976965168402863 71.04842191284786 -1.145363716310602 -0.9270762384577971 -0.13419640440274172
26.76747654333556 1.5354972159337668 71.04356675829042 -1.1439136960389593 -0.9278085090737762 -0.13942448275051442
26.89526809858452 1.7455485346729362 71.01840643322306 -1.142658796612782 -0.9306633405019349 -0.14244672912128845
26.789061475190458 1.9390627514844674 70.99608161831216 -1.141272569153042 -0.9321532379686286 -0.14000467655822982
26.610212401877895 2.1896619399177677 70.99305665342077 -1.140264379116209 -0.9310332779175969 -0.13736726421416032
26.63559117468695 2.4858075854504618 71.02142023418735 -1.1399097471703454 -0.92915712834301 -0.13749156037348692
26.760224605598516 2.7560647457793834 71.05693805491592 -1.1394068822125654 -0.9279583164220754 -0.138647690301765
26.854142448371697 2.9580942250364917 71.0707616279803 -1.1378546292486627 -0.9280403006880973 -0.14080992535717404
26.93095765507779 3.064027560318979 71.08347095042677 -1.13475494545147 -0.9285743269554788 -0.14048980010823695
26.99746714647437 3.094615366766037 71.12685078265858 -1.1307557266275996 -0.9277404251023802 -0.13399632683725687
27.204548654062037 3.139823363126059 71.19699026399111 -1.1275925102086313 -0.9266602392068529 -0.12751070524228014
27.52852286362282 3.250613039964313 71.25428112911752 -1.1263871332868918 -0.9278991149096494 -0.12662110076313066
27.671474845817876 3.396748178690608 71.28494068871599 -1.127127018912149 -0.9297429571466791 -0.1275448172146621
27.607943743699504 3.5381403570507195 71.29543840996168 -1.1274013290375429 -0.9311349558785663 -0.12718207210757562
27.48838388009078 3.686225136607855 71.26382511323328 -1.1260829681006819 -0.9338079847816624 -0.12882929047593356
27.32678470664933 3.857922429791145 71.19971082107216 -1.1250119686522733 -0.9370898094880711 -0.13256100565802947
27.18890408446899 4.0151530003273415 71.1565501286192 -1.124351088616675 -0.9399242491198572 -0.13312149464420828
27.097343920558806 4.145677835524508 71.15084970271616 -1.1231544427644957 -0.9410168872516053 -0.13029443882264358
26.979100393758486 4.291417165988761 71.17585472869726 -1.1220659627734446 -0.9385306946556606 -0.12709114248812448
26.820296516590275 4.476087829921021 71.21229473351386 -1.1222173350306808 -0.9344918486559814 -0.12435771206732729
26.73997286231139 4.7021086518374 71.23128577149987 -1.123214532549823 -0.9325886420721441 -0.12311361456259998
26.79182991532815 4.951438866446286 71.23192683894983 -1.1241783162556844 -0.9330670544249839 -0.12371342836044716
26.818017610263958 5.189518939178912 71.22663749073354 -1.1243067557804114 -0.9338854922312325 -0.12489841679845975
26.795886553633217 5.4144009591204885 71.23589414650795 -1.1229993577687858 -0.9335383745786083 -0.12582507167963053
26.735859490859305 5.638646199551072 71.25170312953067 -1.121628324169899 -0.9326118579897377 -0.1254588806550042
26.629553391806773 5.860193078073829 71.25041343052058 -1.121270973767634 -0.9329187605814631 -0.12404446719661386
26.542425200709374 6.066044211615781 71.24660443648352 -1.1211145043219686 -0.9342797518768463 -0.1223410764710585
26.5735452814157 6.286042332786781 71.25277126962538 -1.1218190013803095 -0.9370600641995168 -0.12121202416742183
26.630040863304707 6.583839296528446 71.25821855266653 -1.1239306996207041 -0.9409616087467705 -0.12170706564721015
26.447803615509343 6.928639980880237 71.26117899989268 -1.1255012965636977 -0.9435230178204621 -0.12249175328808809
26.17563347035503 7.237111917668445 71.26750250774369 -1.125781169807791 -0.9458220415087024 -0.12273962362697252
26.037137618853677 7.474784477125877 71.26864184252338 -1.125710591798013 -0.948970772142576 -0.12274180156801778
25.901402025161236 7.638806664146651 71.27533465665007 -1.125851175880006 -0.9497209596219853 -0.12109999050811046
25.763524368208323 7.773732050786755 71.2975921182784 -1.126731832205342 -0.9478951242761346 -0.11833814508344839
25.73908583234624 7.940405518930903 71.32586225453002 -1.1278318537453207 -0.946413351278196 -0.1167383169478902
25.6855365693739 8.127544962875756 71.36967955427666 -1.1275180515248227 -0.9442461127025594 -0.11487644172965272
25.59532285788592 8.305278158076643 71.41511583434036 -1.126396684880865 -0.9415195525363147 -0.1140464613934647
25.610515194032097 8.469498937901044 71.44075092358557 -1.1257283779403249 -0.9398281622858946 -0.1169432444991357
25.698939113151184 8.60987300366409 71.45137714380309 -1.1255058464439798 -0.9397989567930297 -0.12067248840403635
25.60046234757305 8.762981246466648 71.45079590893884 -1.1247244827654992 -0.9406927649344163 -0.12204569982319172
25.041292173942328 8.964937267672028 71.44793925485807 -1.1213626434065418 -0.9392546608694488 -0.11986142213553003
24.407275599638034 9.199847061405777 71.45605767968128 -1.1171665941876556 -0.9366011677332607 -0.11712606876151413
24.212703869741766 9.489262100519188 71.46673474260112 -1.1166782017672976 -0.9387401938025577 -0.11714825640218782
24.434677066759356 9.86481836974646 71.47828601847536 -1.1204874859355696 -0.9468874358732355 -0.12029338801866657
24.947639729578373 10.277004582438385 71.5202946699804 -1.1254334902604697 -0.9553025561607291 -0.12779959534167876
25.45229841306118 10.622961309604337 71.58063786112307 -1.1291891895357193 -0.9603430203448784 -0.13660891009465276
25.44508949364358 10.83789723381127 71.61930522630634 -1.1306251034402077 -0.9613790562680594 -0.14050693602253161
24.93331355225392 10.930955960438443 71.62936516360085 -1.130040350103339 -0.9593611461804126 -0.13903714603179645
24.296630195878045 10.958967635082686 71.60761483355432 -1.12955346755096 -0.9578492943417632 -0.13584441457366783
23.75976695738307 10.989638116192332 71.57813660622435 -1.1295545531963018 -0.9583377577637472 -0.1323071955404756
23.285784233381044 11.146154193803675 71.57957165933485 -1.128988062343712 -0.9598544081291175 -0.12848452548692751
22.80408488808362 11.518998470568484 71.61521933995114 -1.1285451261885897 -0.9616270056656651 -0.12629841662002866
22.331966071887386 11.976551619906388 71.67374847445046 -1.128707428224902 -0.9628350111255655 -0.1262163796395726
21.58048903574623 12.317454666025192 71.69843414981119 -1.1281149421137588 -0.964398846386303 -0.12562610815699457
20.705979190794224 12.480856050032862 71.6667200949359 -1.1271038291399673 -0.9684908416073571 -0.1242627839274138
20.251902682538137 12.517673590912963 71.64252586803532 -1.1268847760190348 -0.9735880629614666 -0.12372780924154121
20.052319640107225 12.485817272278851 71.65722564997357 -1.1258805384512014 -0.9759217990668222 -0.12293093382279047
19.876886010600526 12.415287735364469 71.69764861724947 -1.1235140432878645 -0.9746194501451317 -0.12151637011368899
19.667540066361518 12.310691107873748 71.74408197019204 -1.1215804309946316 -0.9707902726415987 -0.1174502493108675
19.111654080222934 12.185794692286644 71.76946591391156 -1.1190990899997326 -0.9656493377287716 -0.10897927690707718
18.383233891281737 12.085397149406933 71.75755290630268 -1.1156120536491454 -0.9631765639142983 -0.10250879407187957
18.024537816041754 12.043271503965407 71.74050461821642 -1.1142249166251752 -0.9654304507924725 -0.10184982962170827
18.20209602800382 12.087263477752558 71.77552107824914 -1.116108196573441 -0.9686441846505172 -0.1051379631028593
18.495065319585144 12.202405073054212 71.8545192568999 -1.1183117634568178 -0.9695477637890788 -0.1095813414740543
18.33590876409078 12.324714156621033 71.92211450737676 -1.1180066132281095 -0.968605533210511 -0.1111360530484728
17.764565837000603 12.399244935960812 71.94353638336433 -1.1167022633278152 -0.9685047478558366 -0.10999419421271503
17.061511493034157 12.389366437343638 71.92411599442522 -1.116149394532607 -0.9705714553584607 -0.10858759481022691
16.213902225960716 12.269537912287312 71.90448733927278 -1.1151889372034138 -0.9724232549871784 -0.10307517985029964
15.113858222205552 12.050145871155792 71.89090804077402 -1.1134540278733807 -0.9721906244247626 -0.08931076138181622
14.354822502345417 11.81959648525147 71.89046837878865 -1.1120684106038166 -0.9728990674204533 -0.07700597142709073
14.384275050534733 11.670589375409632 71.92772441800146 -1.1118494453015333 -0.9751049403578995 -0.07740383397184035
14.668206078153254 11.589788896717693 71.98407546265972 -1.1123753783169954 -0.9754611944828624 -0.08555089447354274
14.995206853684348 11.511512183224273 72.03067759488866 -1.1137168098363202 -0.9767148799707657 -0.09342417187401034
15.411793487228366 11.41096757867598 72.04868590715527 -1.115739123736402 -0.9824168852785486 -0.09986253429253211
15.522442389277119 11.283644883134047 72.02567058647017 -1.1166540480045966 -0.9902632610342758 -0.10496646933961673
15.086913487545349 11.11797014193267 71.98200667374996 -1.116127284817285 -0.9960693310522665 -0.10725441775348231
14.545703848086504 10.930473062300118 71.99024848526818 -1.115143548091083 -0.9964201889237176 -0.1060072634495301
14.001360440099493 10.726558833506534 72.07071109305944 -1.1130054778284724 -0.9912347217445318 -0.09926463227506127
12.99551297101144 10.489706691359359 72.15567327301346 -1.1089280483131456 -0.9835131065209045 -0.08431610296167534
11.548865796808096 10.255404516750463 72.16457033661182 -1.104471038694514 -0.9780434211338987 -0.06646033952845701
10.130641388415533 10.078085639619689 72.09301591505876 -1.1008510775259677 -0.9773449529348144 -0.05542009195883376
9.508082731793092 9.979194366491138 72.04471262262793 -1.099050197028078 -0.9795866467620529 -0.05765181365122661
9.883449227126583 9.9180885527431 72.06742177816764 -1.0998379823723003 -0.9829738193960407 -0.06980238008093848
10.295743639276598 9.805624715312248 72.11324742911475 -1.100949704190721 -0.9854794640142309 -0.07868393463788263
10.402966552900617 9.638010328916087 72.16308857944348 -1.1015656379235141 -0.9873967101240488 -0.08185791224044181
10.685937123137412 9.482962010905784 72.20925499368077 -1.1029087367664507 -0.9923522975397476 -0.08695592155010187
10.898832532017877 9.354872821336432 72.22189852383347 -1.1046478205236192 -0.9986920996061022 -0.09321295192968745
10.806894905655955 9.244274986276848 72.22246724442311 -1.1064290758373736 -1.0015463631324257 -0.09769093296512638
10.42469324922451 9.097941950964971 72.24214091614712 -1.1071633821217068 -1.0012102463574166 -0.09912089118331313
9.617053461141602 8.86875177075344 72.26887365041122 -1.1056830248122993 -1.000101672414779 -0.0969097090433209
8.826677307989257 8.611480860510746 72.28549476265106 -1.1033283905034068 -1.000858261671394 -0.09435928415132312
8.461749327440646 8.374330123561426 72.2931127315599 -1.101379647418562 -1.004060433709756 -0.09279509653940757
8.26290197197338 8.154968289591402 72.29393220645896 -1.0996900921819677 -1.0074799836381556 -0.09095261148600309
8.030785508392869 7.950583021701464 72.28470654808305 -1.0986495003902328 -1.0102747379647345 -0.0895407485424724
7.758335254609026 7.766415750460679 72.27544397488349 -1.0986204557030756 -1.0119209877444832 -0.08901564761221711
7.250092123014033 7.593928735508571 72.27307300418099 -1.099309289571442 -1.0110892793694548 -0.08665567069863911
6.3860329457865195 7.420452340276611 72.2831689747307 -1.0999545898463026 -1.0070286786586795 -0.07981855435848884
5.594924694414729 7.26928389406287 72.3175999883048 -1.0998382520824819 -1.0024043352770804 -0.0722758288590683
5.473651203989901 7.161727174989753 72.39482740946875 -1.0994101439261328 -1.0003554618417592 -0.0693068483468752
5.768954090409963 7.075473266775842 72.48326203438997 -1.0986673736406194 -1.0009777863097202 -0.07119908551405676
5.4649041007159616 6.952970866201046 72.49533704762274 -1.096955636206757 -1.002679867505735 -0.0729206786786316
4.296442286415255 6.752490008932602 72.40597533749397 -1.0946331231417281 -1.005526951012816 -0.06924556296784845
3.1684503674475972 6.519846348833812 72.31022977027814 -1.0925061345392444 -1.010112357073951 -0.06444505730974462
2.8160187961940375 6.339457580476985 72.30172584870613 -1.0915983375102019 -1.014595959696532 -0.06501327578032871
3.178509339504937 6.239094345530928 72.36964674658643 -1.0921458689762749 -1.0179515064201619 -0.06970887448274522
3.8841049363506808 6.193431255554845 72.45673915404728 -1.0932425103880132 -1.0209911047959455 -0.07477234783993443
4.592769027129011 6.170991448072866 72.52440425251507 -1.094014546582415 -1.0237126744201666 -0.07837439607707698
5.159493853026141 6.1611882846461015 72.57076663949616 -1.0944670737359254 -1.0252985868592248 -0.08066089957282793
5.4808504948636925 6.156258054012426 72.60139611148895 -1.0949090436904085 -1.024903462048766 -0.08323686085023299
5.549905869703496 6.138925944154094 72.6136483286482 -1.095195245814958 -1.022813693785489 -0.08709565732521832
5.629902838865483 6.1067366686132605 72.61036341151161 -1.0955631772129981 -1.0219886586357008 -0.09191384787849818
5.41754414583257 6.030132937291967 72.57820532137063 -1.09574194686936 -1.0228053152753924 -0.09221734585166294
4.319813575714564 5.8701431869996075 72.50082463852829 -1.0948790967211055 -1.0223420667922882 -0.08177094568373369
2.8030960699050222 5.679999335408118 72.42162979212999 -1.09339155504168 -1.0195626571261374 -0.06545748757524547
1.805668972723424 5.546877830146322 72.40541650415659 -1.0917161398806945 -1.0158384901561242 -0.05336136860563709
1.5641854256651566 5.495026957365761 72.44605796174832 -1.0897505294730976 -1.0131247839953876 -0.05000863794714277
1.706186090118074 5.491346817070518 72.48193772388483 -1.0889848138983274 -1.012588826253202 -0.05471519171442182
1.9068474746310997 5.497285294990954 72.4770593025011 -1.0907180348390986 -1.0149238417902895 -0.06474878261569131
2.0971559577431584 5.504924384419857 72.453912351566 -1.093597043858721 -1.0183146406986887 -0.07613843042189467
2.3145125774460618 5.515900961559285 72.4521116091226 -1.0958517048059253 -1.0207650315378363 -0.08560976598483305
2.552985451016955 5.513819214940406 72.48564616473199 -1.0968967759416044 -1.0231494215534562 -0.09157778936228063
2.6458378977243235 5.464238966927471 72.5534142804647 -1.096157220955736 -1.0247451082243362 -0.09159899896913179
2.470446737533709 5.362927759328684 72.64858509790889 -1.093414057878424 -1.0233000540887773 -0.0851818571441098
1.7300573912514547 5.22107153630509 72.701895421767 -1.0901409756569225 -1.0201225630957558 -0.07536604049881211
0.12695566489123444 5.032142715963705 72.6457009282141 -1.087358855643445 -1.0184477570664858 -0.06474064420152267
-1.5870273288078391 4.8381724452684365 72.55469644347991 -1.0842169422034629 -1.019618970259315 -0.057306161495968455
-2.7046783578218783 4.667140772702763 72.52088338195927 -1.0807652300074815 -1.0223304740866155 -0.05239923910182249
-3.2644889985416263 4.5359129232069355 72.55080844847942 -1.078507004198217 -1.0242965737152818 -0.048538541817721347
-3.36005062170794 4.461567636154228 72.62069013571987 -1.0778395265593594 -1.0252013895530006 -0.047441761088864304
-3.560344131759056 4.391287832473816 72.68116006894326 -1.0778900114667098 -1.024175490757226 -0.044548488287615186
-4.107443574894388 4.327695588332855 72.71107349259316 -1.0783860023028191 -1.0204577279830385 -0.04009989575153682
-4.469895776354981 4.319807562737211 72.73318265572351 -1.0790484941275829 -1.0171160438784832 -0.03974384985807239
-4.2607859422670185 4.3652460646438955 72.7662492181947 -1.078948993577951 -1.0177995612122341 -0.0448920310997136
-3.7286057277160976 4.419199955599558 72.79277158954986 -1.0782962189574197 -1.0228880718126039 -0.054124425891812336
-3.3494028193516714 4.445418010952815 72.7836623649996 -1.0783404570109092 -1.0302427441533004 -0.0651223655867178
-3.232131405305581 4.438132466677919 72.75479111567917 -1.078348203552974 -1.0370698474432178 -0.07504446401248498
-3.545269077983754 4.384143603581883 72.73648233886999 -1.0765414298431697 -1.0399314545398812 -0.07791398153856946
-4.204491481061725 4.310029305252321 72.75105936885221 -1.074299678621218 -1.0376551208840858 -0.07321667544496226
-4.787288820448856 4.26568272576557 72.80964057045477 -1.0740181473263142 -1.031391653495906 -0.06848912246728395
-5.413182538077469 4.236203413421433 72.88247188746547 -1.07501755895567 -1.022110775922368 -0.06465089017954892
-6.044582291543246 4.195304006804673 72.93475405102683 -1.0745982828506662 -1.0156780248639823 -0.05963944669428026
-6.435319811621298 4.147096605413417 72.96296950772881 -1.0714791135953061 -1.0163918045680944 -0.05333392270255921
-6.728580432824203 4.102415140426296 72.98085188160846 -1.067748420501248 -1.0193592365612736 -0.04450212636473089
-6.780646471554842 4.109694310609422 73.00326189489174 -1.0651171900368124 -1.0212189000781449 -0.03781868732603828
-6.401248644181948 4.200416884313328 73.02158353643532 -1.0628944003882619 -1.0249538348815679 -0.037720078703855714
-6.1339989076404 4.316843717933587 73.01372826755163 -1.0611352245355081 -1.0305214348866698 -0.03782695100876694
-6.311862832911247 4.435876995814654 72.98694383861653 -1.0606097514733388 -1.0338774500702221 -0.03533885251382425
-6.4202440580887306 4.5688142837780825 72.95739450212203 -1.0618815511784239 -1.0369000601387786 -0.03642999958402666
-6.23878992212974 4.683563933430289 72.93070847628746 -1.064356395584107 -1.0415376908122183 -0.04157196684696547
-5.977829161407904 4.759757641500351 72.9219288567987 -1.0661770383278588 -1.0447087346590689 -0.04619866500621391
-6.036268679688437 4.763257123539165 72.93126500129463 -1.0658019814391309 -1.0442920869382686 -0.045828749717734873
-6.868387868076231 4.681250517047687 72.93219310066674 -1.0627464675740164 -1.0390129010941938 -0.03999001100035271
-8.206249100348913 4.560547717287668 72.90922911365813 -1.0587315008609748 -1.0306287796833302 -0.033187722761645604
-9.398488827534871 4.427108852119802 72.89032657209127 -1.0554633925948296 -1.022445030977647 -0.027357746988642014
-10.123650069691607 4.287247082100221 72.91238891888956 -1.0529917312339419 -1.0152289567299033 -0.021991794953077633
-10.418111660674498 4.169416454321933 72.9597552388822 -1.0515025367965933 -1.0099911943542683 -0.018469936604831885
-10.283195496437756 4.106974222070468 72.99767246742144 -1.0507631088863731 -1.0102888793852787 -0.01862582909189738
-9.640479586202193 4.105389378380106 73.01696934879114 -1.0500210154708747 -1.0183368195781706 -0.023203057256073464
-8.715860503343123 4.136924630659163 73.03941990042172 -1.0490937061553698 -1.02903039392057 -0.029880742492402666
-7.850796452025298 4.19184863682949 73.07368701795674 -1.0483649153921886 -1.0363374787781325 -0.036240100513016835
-7.186550807888166 4.279125645919044 73.09740040209775 -1.0489513103596104 -1.040996331724596 -0.043360080012230434
-6.965069516891422 4.340734152377975 73.11405487257746 -1.0513154166885847 -1.0434518363066771 -0.04764010686124408
-7.586905708837618 4.283950116088335 73.10297692465159 -1.0535281710783693 -1.043226894208578 -0.04322926705499057
-8.828181396115417 4.111063136529426 73.04556649735092 -1.0535412254474579 -1.042018842321177 -0.032986365308977
-10.037442622955538 3.9079957048887897 72.98688799656391 -1.0518185619979867 -1.0396189747232856 -0.023618282785797456
-10.93078535417251 3.7299861865449677 72.94806063565585 -1.0493348828523854 -1.0369285673970714 -0.016975381924882915
-11.25835387634059 3.6104085004062063 72.92001342498848 -1.0469277164015858 -1.0375644505421462 -0.015490877251813273
-10.810611541689848 3.5856920005963984 72.90954914853069 -1.0451836653441662 -1.0422009062585804 -0.02230392104093648
-10.237957848000768 3.6132714333937272 72.89811205494794 -1.0433990403946671 -1.0469083926832223 -0.03056601235293882
