70.70237408219374 133.0816085920422 -0.5159276663875669 0.6846603887765408 1.4623280509046335 -0.5769868790153154
70.86207571017681 133.16491423011982 -0.49827360973484686 0.6847204360092096 1.4617339048904419 -0.5755848929481577
71.03592549720021 133.19336063853908 -0.47985701778671286 0.6853936180043461 1.4605866075726601 -0.5744928719238558
71.12477476041947 133.1658486232407 -0.4546411749342827 0.6870232584511697 1.4598127044196803 -0.5736714340607529
71.14047390667936 133.11037485066936 -0.42196647270034765 0.6895793503811514 1.4592730980733633 -0.5731742677328345
71.1882563519587 133.13826069381957 -0.4067595142838981 0.6910882004155474 1.4589542216958276 -0.5720248799163026
71.25669832707483 133.24636354816266 -0.4202573723506754 0.6893919409411804 1.4585246975046733 -0.5694177531819776
71.09352867972606 133.1971425300453 -0.459182287325648 0.6832809574066396 1.4582891258734638 -0.5667666111437966
70.61980429961513 132.92350600963027 -0.512834294380274 0.6749478916254142 1.4589454081682995 -0.5653851411108206
69.97902625537375 132.54564388938303 -0.558955310073136 0.665558152646754 1.4602925158999513 -0.5629114845478109
69.28361420954292 132.15113367123408 -0.58610193782453 0.6563189718393037 1.4618410788990568 -0.5585469509325367
68.72239970313387 131.8952484432517 -0.6049164982813793 0.6529469795153563 1.4626643623115112 -0.5557871954714914
68.44926297093656 131.88114096636497 -0.6298960566077859 0.656319711043219 1.4619115038393187 -0.5546567957353125
68.29059551871728 131.95032647468156 -0.6573487071470024 0.6622402593974834 1.4604132752480976 -0.5539989396643674
67.91206493034429 131.83715784448188 -0.6777430004652311 0.6691588182660471 1.4590824073053408 -0.55527210901558
67.02325514347635 131.27082427355572 -0.6958664344379835 0.6766848344953544 1.4579126318931896 -0.559950265145933
65.49613181603738 130.1779708115954 -0.7284287471413198 0.6819858652098516 1.4573404344942364 -0.5657704487221404
63.33748173112946 128.71596491335862 -0.7933712564885527 0.6790845037573635 1.45876777092051 -0.5671624532393406
60.98010133831235 127.27813104163957 -0.8766688390093661 0.6702827622206322 1.4617131364483937 -0.5644883728896298
59.1445489126519 126.32567640338463 -0.9417063966461527 0.6657619599842799 1.4633728455752368 -0.562524007732468
57.85430281275093 125.72150546423254 -0.9878721459393413 0.6652351666062383 1.463626809044453 -0.5624640023592457
56.933105073195605 125.25795933596673 -1.013758464855412 0.665944647827849 1.463153567096618 -0.5634996602287496
56.34656693241958 124.99325740605721 -1.014822152844848 0.6691305908656282 1.4617112651545132 -0.5647823482511655
55.54573907208419 124.70633703852909 -1.0281806544326824 0.6717081990803521 1.4605490617260648 -0.565476303428093
54.22165537197385 124.21196016215941 -1.0609534250791703 0.673354539969626 1.4589808784611518 -0.5657824773059674
52.683714876580524 123.65598303762451 -1.0922439567369244 0.6757026213136725 1.4566012146086726 -0.5657081116580839
51.064811382126265 123.14130621163183 -1.1353639329917709 0.6755140931360732 1.4566055683568908 -0.5649352381914816
49.530060621007415 122.63860669608358 -1.18672472486912 0.6721364847871925 1.4583976019903702 -0.5637001350382189
48.233599135369175 122.092465547406 -1.2128494303283501 0.6692731211106439 1.45868869476225 -0.5626865954682924
46.893022369282214 121.40428601940906 -1.2304823532195477 0.6643205883235055 1.4593447237305728 -0.5601958916817289
45.342906084173755 120.56916164612201 -1.2916151850286643 0.6510575334198696 1.4634064899872885 -0.5532263179950061
43.96647822838854 119.80351137968293 -1.3841262753739303 0.6389774685699667 1.4671523045997756 -0.5474849215729998
43.07172895209328 119.30987044608024 -1.4576611548496974 0.6417375564087064 1.4656125596095837 -0.5498706285375206
42.45324390301495 119.0096410305496 -1.4876854713986698 0.6554601561698601 1.4604101809986745 -0.5566218523102117
41.82973670607514 118.69787382237352 -1.4710202377963866 0.6707808546088034 1.4548639525574523 -0.5625435577573799
40.91420065704253 118.20720628039692 -1.4328365202189062 0.6830848665276297 1.4501577407466009 -0.5672749424853603
39.71889322263389 117.58205159571263 -1.4118320532459938 0.6930556040286144 1.4451466570299663 -0.5726003298728558
38.75796766397991 117.10604068776678 -1.4152601788988364 0.7032193352090632 1.4383415554445729 -0.5784915117056101
38.09594169283794 116.8274488220225 -1.4148912884817784 0.7112599533732137 1.4319779785413096 -0.5820756681584348
37.33521315510198 116.57677775932635 -1.4180089956034854 0.714049101803964 1.4292856548276314 -0.5826577794743871
36.26053090522251 116.27473608895582 -1.4883925138252136 0.713241256393055 1.4294583996142571 -0.5848597476783068
34.64065371398246 115.72598310942661 -1.641847964082202 0.7087820232391593 1.4301675778678844 -0.5905150152219694
32.66539600238986 114.92127487906674 -1.8077981251669493 0.7022220586311353 1.4304077425894683 -0.5971547936312644
30.8475559988375 114.15673337256945 -1.9526305869642884 0.6983272090009792 1.4306125526927325 -0.604268745776056
29.190773269839436 113.46798089694536 -2.1078340984138366 0.6936801334229357 1.4329159147561017 -0.6096897883676998
27.733923640863843 112.83704272540712 -2.264609502089238 0.6872332786138615 1.436918684874691 -0.6120153764222556
26.57077254198086 112.2847786139762 -2.387791215662846 0.6829721096537651 1.441057586870603 -0.6126005606298817
25.52152513593039 111.72114107107333 -2.4563529163085267 0.6806454648293474 1.445652314203806 -0.611562177552732
24.726992721338384 111.26504432173647 -2.468671176802378 0.6803250250072683 1.4489784522948417 -0.6098396176223344
24.398691602157463 111.07254672249958 -2.4418325499976565 0.6827038046659513 1.448856633661668 -0.6100650080325124
24.452676981811436 111.11274726404403 -2.4065669826622695 0.6855918635088656 1.446011082593162 -0.6137300141637201
24.73024648484465 111.33537709388648 -2.408736532885684 0.6843924504772101 1.442954380836325 -0.6182185379719438
24.943168874362172 111.6971385337018 -2.434947489908609 0.6775755485368447 1.442364284189732 -0.6195087682606688
24.937944811278392 112.47427510082198 -2.428036910038948 0.6702693917912825 1.4449172027383617 -0.6173229313120541
25.060332218532917 114.10053696407715 -2.3663900929281594 0.671597810194098 1.4474527231589382 -0.6156294275898755
25.596916930025124 116.27405261333911 -2.244032885267145 0.686189724772156 1.445844495149525 -0.6189227436398521
26.323621469076514 118.3968027367178 -2.1020279720530826 0.7057459056298772 1.4411634707994732 -0.62503467291647
26.829749539067052 120.27724541431763 -2.031765892583702 0.7191526861023659 1.437489872559193 -0.6312806941908897
26.972156003175648 121.91889986238527 -2.0718030494315247 0.7251828617406116 1.4353933366621692 -0.6405625224031511
26.947104294994148 123.38169914142632 -2.176411133850081 0.7277511695848851 1.432974637091661 -0.6524792077945241
26.934367762452787 125.19410913038053 -2.3010406514813266 0.7304912165072153 1.4299700318040969 -0.6653577547128025
27.198093030601093 128.1153610768656 -2.413399931634733 0.7376631534087206 1.4261835176169755 -0.6785670945303098
27.91648954695126 131.86661685267475 -2.44730758624387 0.7519523400624708 1.4206482471637947 -0.6892171927392734
28.75285048258455 135.4118972499062 -2.387319999725157 0.7692245068376029 1.4141609227058332 -0.6964298996233038
29.410429474684264 138.1793018609048 -2.296153451770132 0.7830744908183769 1.4078574465911722 -0.7022049580308589
29.92537203079076 140.21818726255592 -2.2282401139217374 0.7916314686377671 1.4025223824543267 -0.7076848909404088
30.27147633372447 141.69908902838557 -2.187928717258234 0.7957349487085321 1.3992212558919268 -0.7120929088744553
30.344857128636633 142.68855730198965 -2.167511027130548 0.7965044366168359 1.3985783290770089 -0.7151354721043292
30.100253858174355 143.19700002626178 -2.1765461112822635 0.7949433958662699 1.4000861317578819 -0.7186613221371854
29.665893008215804 143.37087862605836 -2.201576974375714 0.7929669711882827 1.4013530082151575 -0.7245751032932237
29.366780380126134 143.6163515817945 -2.227744882033268 0.7916877981814113 1.400613913216051 -0.7320471207423147
29.42387818724078 144.21004727222638 -2.242816380075322 0.7902924233624582 1.3987273660780222 -0.7364383545479122
29.683912957470515 144.94689325120777 -2.2324182784709823 0.788468311761165 1.3968447262391939 -0.7360351500398159
29.875691468399147 145.5040636547053 -2.1954096303154205 0.7873389900885582 1.3954066975454946 -0.7329897474870849
29.9117848513792 145.8413536104503 -2.1322714195276538 0.7864819869803055 1.3952229781046146 -0.7257412450846203
29.833168814466667 146.04100007963729 -2.092589678327679 0.7836146606447059 1.3965443247723597 -0.714826178992451
29.694665112265717 146.18250736953667 -2.119328661384494 0.7792193196662408 1.3983674487199451 -0.7048644129654327
29.371544193374092 146.37239293345277 -2.2068837372725043 0.7748736270652228 1.4004446153842152 -0.697621131987241
28.7238418986598 146.600976251433 -2.313501202039631 0.7723833238582274 1.4015893603295853 -0.6938895849797367
27.834886360479118 146.74585260773233 -2.375832555328846 0.7730108400211972 1.4002747606351922 -0.693145556188085
26.795861436181596 146.84808737670022 -2.4116058030623915 0.7747006603843429 1.3982668045247815 -0.693327501415954
25.666685496175695 146.93842853433074 -2.4692372082455676 0.7760171997168828 1.3973170095458487 -0.695150417643989
24.532981669828285 146.86506870897185 -2.520263598031773 0.7774718801989717 1.396990413998461 -0.6990182340610638
23.376338809993157 146.62405687189045 -2.5429140145475326 0.7780170121555805 1.397019179225535 -0.7023463567317275
22.24446301782184 146.53727627425457 -2.581836756291807 0.775399582549595 1.3982048950753758 -0.7022105670382334
21.270154840842768 146.7239571937784 -2.636682972452858 0.7721230870852805 1.3993969024455564 -0.6999468370002861
19.99599233157759 146.85916722758057 -2.6676807454945015 0.773907863511985 1.3974451592140027 -0.7014439117384086
17.747678593103863 146.73382727388332 -2.6920239193522866 0.7795020400098002 1.3930103765996749 -0.7081555614731829
14.951796761838084 146.45618906624577 -2.7313556153223733 0.782936700204925 1.3895238211498544 -0.7149920453629196
12.501089331502211 146.2294401411622 -2.7645361877726238 0.7836269558020243 1.3882447012819832 -0.7184295592453116
10.656944342779438 146.1303857078666 -2.7697925782754647 0.7848743567206863 1.3877872817305725 -0.7196718096233654
9.071571641488434 146.06451931776814 -2.741039896624336 0.7878459033891988 1.3873326114971118 -0.7205306681325787
7.3420574068347255 145.9649952088535 -2.712093923464052 0.7914461014862924 1.3876418822926677 -0.7225732485624488
5.464772872890254 145.86444805713805 -2.73185156587269 0.7958412094432428 1.387197425582945 -0.728431396948259
3.38118729766601 145.77546284590477 -2.7919879900860973 0.8009047132275875 1.3850636437179435 -0.7366236572380931
1.1158943847231062 145.68994508864998 -2.866844010305467 0.8044281867379318 1.3831089555830343 -0.7426306768650593
-0.9728868319614236 145.66299680998677 -2.931152562034601 0.8063471226049035 1.3820210378008246 -0.7446421467558869
-2.615866140675771 145.72246066470677 -2.9634740935785056 0.807575266289996 1.3815121038214473 -0.7434237902024594
-3.682183987863178 145.80595408503726 -2.9762983370453817 0.8095457411380231 1.3801562535118554 -0.7426178252620497
-4.278763593627653 145.86796875775045 -2.9807027894229563 0.813361387114105 1.3769383304079894 -0.7443577945349896
-4.793308199971227 145.8955214434291 -2.977123159836944 0.8164206025621898 1.3743146926095182 -0.7457671362904421
-5.446636192591747 145.89989887667002 -2.9688642274233654 0.8175905381855331 1.3738652264920204 -0.7451890879479125
-6.297380688542006 145.89350379734577 -2.9495581405206606 0.8188507168331645 1.3743882465944286 -0.744152614233474
-7.418818929535659 145.81717010580394 -2.9250935787222567 0.8205432293082862 1.3749876495759756 -0.7443917529305335
-8.616133428222508 145.72114347585526 -2.9227464306595046 0.8216394733066146 1.3754456808881663 -0.7458029119993295
-9.721319611590387 145.68645687884063 -2.9643148921769678 0.8216547656115234 1.3759670103802177 -0.747874260023292
-10.798771803088515 145.60798730156705 -3.0439625459753987 0.82071991577689 1.3767490102719657 -0.7514789660120451
-11.65393066779942 145.49497824794253 -3.1287421562290145 0.8199210072897649 1.3770813369934327 -0.755889656207889
-12.045184466171808 145.49910018736927 -3.182399143210571 0.8197265571842223 1.3768012007435295 -0.7580164107342569
-12.12956347622329 145.5645059666862 -3.1959132538671837 0.8186717839989508 1.3769946966100464 -0.7568175876578775
-12.127847548958293 145.5464245612184 -3.188613902429946 0.8164175175859696 1.3775333688697433 -0.7547304471587702
-12.060143582941432 145.52050775545436 -3.16845258777072 0.8147112039605051 1.3777184613591786 -0.7525989740617136
-11.96460666939851 145.56512752286602 -3.147646480487504 0.8141488136884357 1.3779982135002797 -0.7504103979921666
-11.892276026203586 145.62213637702416 -3.137419587975552 0.8141070721768915 1.3783918994217665 -0.7489701032348108
