71.00423952734356 132.2765177913437 -0.4478623192369621 0.7286713126379893 1.4337175801726303 -0.6246365151747781
71.2802278984355 132.43749418551647 -0.3454315987967057 0.7341869326797117 1.4331196839592688 -0.6213847079854173
71.24599051145026 132.46439694020034 -0.32750154324032077 0.7342270171803642 1.435882037499923 -0.6162249284174341
70.62297639846176 132.13930130855397 -0.3969412758959322 0.7244916230234462 1.4421067382701513 -0.6081252814678113
69.24428650090422 131.4375112079947 -0.5202864338216502 0.708629326737819 1.4485808507784554 -0.5991237922848875
67.08566764736545 130.45502093147036 -0.6515532341888327 0.6987189933164405 1.4508382737888283 -0.596315038256527
64.54250222011775 129.27562934499346 -0.7567855844179466 0.6981457637542802 1.4480523403012433 -0.6016208018839334
62.267497864169854 128.19481685536664 -0.8194127623247038 0.7018780635286775 1.4430573419322283 -0.6088978149649285
60.38012325358763 127.35476460656393 -0.8675413723434551 0.7066220122015487 1.4381627139690856 -0.6147709734952131
58.522553015769645 126.5945017217968 -0.9423813883978265 0.7115590265607044 1.4338599838611061 -0.6196954783168453
56.78491991821167 125.90305032533459 -1.0294128241719838 0.7168178093301156 1.4299261543057762 -0.623307079406213
55.412993492839895 125.30408647852062 -1.0844451236552768 0.7226810504382142 1.4261622533396054 -0.6261169406185475
54.29146142659459 124.73052164666649 -1.103387297050508 0.7286512971895246 1.4226177813668794 -0.6287139191619376
53.18842284704306 124.18967106383721 -1.1277364453653913 0.7314821492377598 1.4209752088981624 -0.6296609598519793
51.8510247523181 123.60065723948142 -1.20894203614308 0.7268880460070261 1.423135021815245 -0.6282397878353747
50.11804823362924 122.82756460434717 -1.3343528615279352 0.7182924284993939 1.4267120063657615 -0.625798582656172
47.84861383962628 121.8030763988515 -1.4228214651089217 0.7153250117056904 1.4280445239584343 -0.6243689303298272
45.12951136179548 120.5418439692315 -1.4682670964939133 0.7184455551510899 1.4278540697346158 -0.6246699613060032
42.60185343880244 119.29362101568913 -1.512790359475784 0.7224354193331124 1.427373395618135 -0.6260759850501871
40.68169268297794 118.29303372948505 -1.5452741333535744 0.7251746880175769 1.4268150630621093 -0.6270182571024542
39.30407502250375 117.54847736973667 -1.5449157536659617 0.7269273586682625 1.425902948412534 -0.6268278406253225
38.35920717067802 117.01529384765307 -1.5177371086808669 0.728333078113406 1.4240613156338255 -0.6259178753968386
37.71851358741564 116.67371065685253 -1.4912670517496522 0.7291383728670149 1.4218295708931747 -0.6240347694986912
37.23661298835344 116.43343525105502 -1.4862545307149717 0.7295227438633438 1.4195715635507034 -0.622164835896106
36.691399206502695 116.15852744917157 -1.49706386727017 0.7290803008633703 1.4181918496586667 -0.621269126731008
35.6992827732306 115.73496273763521 -1.5707998041292497 0.7238687912411053 1.4193693645894574 -0.6199791776630466
34.03069727556891 115.08482089615933 -1.7682034460339722 0.709668850555567 1.423631480006346 -0.6166900019143335
32.03122307770117 114.34207191291893 -2.008540242386596 0.6907287227240775 1.4298886147218473 -0.6112060601852758
30.331794655281342 113.74384435581175 -2.1467596809967455 0.6790892054026665 1.4345191080152406 -0.606369184806459
29.19322999136869 113.29563142746576 -2.1829100080200687 0.6789737427095721 1.435299701568339 -0.6059566341233065
28.19975456884697 112.83658416378141 -2.2131366874514664 0.6792584875339307 1.4365434217738131 -0.6062227953720007
27.04812406078669 112.3629560860513 -2.2318758056626518 0.6741820841947546 1.4406999885511604 -0.6018670550042613
25.97259898692841 111.9607273812729 -2.2188672456513183 0.6687644984330301 1.4450149317337369 -0.5955127493712546
25.29110380792053 111.69159008545729 -2.2169974056484776 0.6659452568193385 1.4473382657857845 -0.5916560220597873
25.143093999743805 111.61407301281412 -2.268050669570466 0.6649705917038709 1.4474374652467767 -0.5927100874635957
25.545852851393988 111.94803512860094 -2.3409169743784846 0.6663960855845994 1.4454426652414765 -0.598718464548851
26.371101660017132 112.93574681899898 -2.321607872664311 0.673249147391165 1.4415046207742215 -0.6056338598155624
27.260167042440486 114.438435682765 -2.2104354009388336 0.6829537665700246 1.4381719863687037 -0.6089954881896588
27.9272387017391 116.07579581104716 -2.146942556927126 0.6873705766936702 1.4384341729526975 -0.6088241802800279
28.101980101971165 117.43542236978269 -2.187428672255869 0.6821838404052722 1.4434239338686536 -0.6072356413732478
27.993118611758817 118.56472075033653 -2.244159094513857 0.6759442916512626 1.4498367781380774 -0.6061370788842819
28.135629926484768 119.89155677212494 -2.263713110300357 0.6765873220585501 1.4533367438598992 -0.6063092984048004
28.496976195004883 121.56542462410002 -2.290259489061912 0.6782691524087139 1.4545339895801535 -0.6062037716478652
28.8230723361322 123.33570862958521 -2.3123381504751714 0.6795285214068061 1.4533587758158997 -0.6078076980805143
29.00389800233933 124.81476986623838 -2.306250507885325 0.6855160992006237 1.44837633765682 -0.6160386520823573
29.108550593619842 126.15098300065671 -2.3254282569110813 0.6942918233370383 1.4417418512838465 -0.6291450554617659
29.2206341762728 127.74376266131455 -2.3822134989045365 0.7015757521642911 1.4364924313007768 -0.6412740353352795
29.30301146950631 129.48107637309113 -2.432405829771537 0.706973198360495 1.4333135618446393 -0.6499758591207383
29.432636487315555 131.2191659665579 -2.4541211331469706 0.7108600744905282 1.4316685355560321 -0.6545467730981949
29.692295915484284 132.9803021020807 -2.4589365207511387 0.7137150305822075 1.4307791931455394 -0.6558589366359573
29.985898163703432 134.67076037062932 -2.4546034159110337 0.7173196584174695 1.4298202483555007 -0.6565491056809851
30.25701784600291 136.27887196669042 -2.4335591021220297 0.7236610809832988 1.42790810197245 -0.6586720424596308
30.45195620777219 137.904321909203 -2.37358673079755 0.7328307474528387 1.4245290864558302 -0.6639496494522001
30.597935765401044 139.68895903212479 -2.300619855861498 0.7415867742441045 1.4204567585895898 -0.6723892535270297
30.905004171269916 141.6528974863018 -2.267908455555734 0.7476224285667806 1.4161966956502339 -0.6816796592401579
31.35994381588823 143.5150524773114 -2.2290298991587365 0.7522765355919283 1.410997171845875 -0.6886551943545431
31.737830077757792 144.9698422379375 -2.146338958769321 0.756070825317283 1.40582086696744 -0.6910960524894578
31.80886748705133 145.8917283415291 -2.066213553333581 0.7560138941173367 1.4037086844791027 -0.6880585385375935
31.58568100054645 146.25608018373555 -2.048168301934967 0.7518924867058518 1.4041500882201707 -0.6832273103457616
31.30325002072029 146.28425415415333 -2.1213043868847543 0.7482847747568251 1.4045835073323243 -0.6821867700526745
30.870957621733478 146.25352643568584 -2.2308290497342913 0.7472942080835395 1.4055948891039405 -0.6837997322463325
30.12896291427728 146.16996446368023 -2.2999615204952075 0.7483328419545336 1.4068921551090248 -0.6850732122247818
29.28042601957086 146.01291035705682 -2.3068050866783345 0.7516101055123576 1.406012928521527 -0.686118738953789
28.573070298458937 145.84052398641398 -2.2567228726953474 0.7574844044571637 1.4024331294146368 -0.687555712478422
27.928801386715964 145.70084673032423 -2.206358687785536 0.7643109321737824 1.3976127272943601 -0.6904917990681221
26.941196975143953 145.59867393426987 -2.226548551667312 0.7690833129409194 1.393053504018702 -0.6959273957001852
25.372340323849066 145.5557788521327 -2.3027319597833356 0.7706793971977791 1.389786200230017 -0.7020012091258432
23.44705860124955 145.73508726981302 -2.4152102346650803 0.7688958617663297 1.3890509169349097 -0.7052025556779216
21.501408741767783 146.1678953478425 -2.530571563956125 0.7656421129593679 1.3899808381203262 -0.7043510031097434
19.62681764987627 146.5469240841921 -2.5724055811655058 0.7656641504275157 1.3893025528278882 -0.7030046130818772
17.884189453679866 146.63982768020813 -2.5598409113782132 0.7689375642420934 1.386819681987699 -0.7050506354157877
16.083671158557458 146.65082379419144 -2.5573589228910376 0.7729433745424449 1.3852933182588116 -0.7092694566585616
13.74431279460114 146.8523884062622 -2.5908821884917117 0.7770571272327765 1.3865158745150703 -0.7132201738908879
11.10473093233146 147.15141249402768 -2.6445536329532686 0.7814663249982816 1.3886397974901552 -0.7170464389857162
8.715798010377803 147.34773831144605 -2.6879830763236177 0.7863680638220174 1.3893789913550458 -0.7210213220852817
6.683353404033534 147.47686460182544 -2.714237679676385 0.7905003486774489 1.3898128985720455 -0.7231422067370994
5.024028483173757 147.62959315238461 -2.713921069486317 0.7937010527312871 1.3902213809831976 -0.7225207970972708
3.69732911194382 147.68832026843162 -2.7067453844229137 0.7958836114085586 1.3893741144031657 -0.7223528834425366
2.5812286031958527 147.6163269896885 -2.7113578104982183 0.796965831134497 1.3875599255427342 -0.7238028451046247
1.6326096392508362 147.57347961730196 -2.7069515703873965 0.7980888340231964 1.3862567338747238 -0.724177531915664
0.5890038800709914 147.6068527723867 -2.718110554600992 0.7991916907809447 1.3859525975045817 -0.7233511523494293
-0.972455344636778 147.61498794918063 -2.784521127687509 0.7995711416152196 1.3858720098460826 -0.7236590877349249
-2.8805114376677015 147.56783240915485 -2.864479984293073 0.7998334388232189 1.385754348231476 -0.7250349855509277
-4.607439937541915 147.52095212822354 -2.9149463217698703 0.8010102156082745 1.3853690560955942 -0.726457168646049
-5.946118522804153 147.45296933953784 -2.9611496907487447 0.8021004656151547 1.3844863148199218 -0.728428700783003
-7.032985097407872 147.33464530296132 -3.0275936947397755 0.8012997953765852 1.3846612770822613 -0.7307078587287622
-8.07813516544228 147.08029104558747 -3.1136371112358736 0.7983858903645267 1.3865787597391346 -0.7338151276426952
-9.09683006999688 146.7061480819801 -3.196719095459377 0.7949245382874677 1.3888299303610698 -0.7377999425198023
-9.936126530176413 146.44995069746065 -3.2343548542302596 0.7932261716271756 1.3904988933618039 -0.7400759224952871
-10.565810810654703 146.32336605545947 -3.238267122062449 0.7931334158268948 1.3910369779152143 -0.7403328220761175
-11.099044431748274 146.2128107298504 -3.254248248803292 0.7928280266556764 1.3903464108749315 -0.7396520140924621
-11.49657603417362 146.22266334139266 -3.2803783452412745 0.7922874567274252 1.389686725596289 -0.7374974588963388
-11.6721333829649 146.39879889948293 -3.292325610101094 0.7925581190924256 1.3899661390827678 -0.7342562953669873
-11.679162819558606 146.63684060882852 -3.2894343670921016 0.7936860525627325 1.3908719988576659 -0.7313172691225476
-11.677243490700203 146.8002349735321 -3.2722389312353197 0.7945824538399906 1.392303244919544 -0.7293721284369366
-11.781917415121292 146.81476701646415 -3.23036440128205 0.7948287837773819 1.3942444503372502 -0.7283430779805931
-11.935454213071765 146.77789706761715 -3.178128540077302 0.7952465602120654 1.3962497952757915 -0.7281675744196279
-12.10876800591134 146.69083688283533 -3.1404973128591203 0.795686311280754 1.3977360853053624 -0.7295512665959116
-12.315833520809612 146.48423322000468 -3.1277667166381242 0.794950434066594 1.3983897033057593 -0.7321246224772613
