70.54438794708646 131.2090033545558 -0.8164961145644902 0.6975621257629432 1.4326863716581704 -0.6199168384941847
70.93579623201882 131.4653950624841 -0.7220061132195823 0.7048146056663429 1.4307672447317223 -0.6198795117245157
71.2410061369776 131.6957887953754 -0.6153674455012195 0.7102167569312163 1.4280217749423323 -0.6161803213754204
70.79054415205587 131.56503378265862 -0.5670402770643753 0.7030163964791332 1.429833133683235 -0.6057355089425064
69.99802302329851 131.25739033799093 -0.5781682889090958 0.6938027862774105 1.4334737545239804 -0.5970671175547302
69.44710988143541 131.0959183789207 -0.6362498586959191 0.6918437792527445 1.4353568138590889 -0.5952663884670508
69.18450042037045 131.12943774754933 -0.7262453852452528 0.6940916301785318 1.4357465819913275 -0.5973297995359143
68.73996039384694 131.1051827893842 -0.8304111133950001 0.6942284333884738 1.4367881494975059 -0.5985469354428816
67.70726273492183 130.80663133374705 -0.9155024119186714 0.6917824963842072 1.4388358602650246 -0.5969533390274306
66.06970785827649 130.10968553978785 -0.9457463032403007 0.6935643291518155 1.4390528567317882 -0.5971853106814521
63.79432890611476 128.9317422507831 -0.947954871382211 0.6993637632469802 1.4367995092246986 -0.6012865590816501
61.333406278074804 127.64798901528735 -0.9410811171565562 0.7056366618418195 1.4333304173175345 -0.6060646729796582
59.14009103419255 126.56626901216774 -0.9302955295328275 0.7106122421984256 1.4303096526754797 -0.6097737804866169
57.29116830020952 125.70957597428159 -0.9479933887769758 0.7121603626748387 1.4292120524401906 -0.6117445422895365
55.89452262491399 125.09762697253043 -0.9805118307187232 0.7128522362506604 1.4285381899995413 -0.6122469319544424
54.83800971431511 124.64016053405597 -1.0128920669244665 0.7158209977320726 1.4269137101824767 -0.61317250343742
53.83179485655624 124.25219680953649 -1.0622227633870933 0.7194373564617278 1.4256797407704118 -0.6148782587681291
52.71079290981306 123.83587681916751 -1.114568682658645 0.7204754330620983 1.425767665387272 -0.6162489774115452
51.60331273116001 123.37970141198994 -1.1594872845359978 0.7175776299047462 1.4267134457527715 -0.6166236067410872
50.713437033244354 122.982301919343 -1.1778108424112972 0.7147399500293079 1.427101938522723 -0.6164705906073338
49.84737623893042 122.5758808321313 -1.1665348211721411 0.7168637124998749 1.4254886673955305 -0.6169036276624715
48.541635965695576 121.97908696804039 -1.178717171825603 0.7213240493357198 1.4234177492458993 -0.6175693415739792
46.686330406653475 121.12189851865435 -1.2364750503175634 0.723041985891997 1.423504749716878 -0.6179942377019108
44.6658699775641 120.1557765321756 -1.3269202591872569 0.7217594748174976 1.425549641224522 -0.6185774902694939
43.0026542900651 119.39172837387831 -1.4070670673881096 0.7204351734070327 1.4273987617728068 -0.6181152904783722
41.82040664744248 118.89583560473645 -1.4456295245547652 0.7202997596949301 1.428004680857855 -0.6160530318113528
40.92290829094152 118.52733947468803 -1.4708144850141447 0.7209843346869058 1.4278872852879791 -0.6140445671036308
40.28869787674834 118.28128546924489 -1.4945391796623282 0.7233501076714295 1.4270281736357564 -0.613016774127354
39.82730275464762 118.08146072809498 -1.5152398524645303 0.7262232459077129 1.4257141883945144 -0.613689680304223
39.225101436861536 117.76075838192256 -1.5542775966922968 0.7271930801161806 1.4247357049136515 -0.6166608366648805
38.331332631077416 117.29513443986691 -1.6097426244045125 0.7272925281635262 1.423657306790047 -0.6210009847943947
37.3711493164393 116.82694077840074 -1.6428326059367548 0.7298936266339298 1.4213626946790012 -0.6254260868677959
36.39072736604254 116.3640140874609 -1.6681843295033123 0.7317186070833792 1.419492713494005 -0.6279132989580802
34.86433543923516 115.6270176700913 -1.7696314845537673 0.7243062237276876 1.4220537379865608 -0.6275309750903548
32.66271194417793 114.58783408659897 -1.9480947798785073 0.7089127294103887 1.4286371763724852 -0.6256652006588722
30.373331093313098 113.55694956640664 -2.106193693870421 0.6949071306141479 1.434977848579897 -0.6233311875360066
28.52392019323818 112.786262353651 -2.1927818511535895 0.688427108672822 1.4389035297742974 -0.6215183441599852
27.48116421153189 112.42056005117138 -2.208483708720504 0.6920456879226238 1.4388419141636761 -0.6221213908024423
27.07231103736411 112.31345017735178 -2.1636404906473885 0.7020347243215914 1.4348617734556277 -0.6243688570884229
26.64158755330891 112.13720555850544 -2.1319540691668175 0.7078105401759398 1.4312041475710284 -0.6247431278341277
26.005296826703074 111.83945014109287 -2.182363910183005 0.7059462861710044 1.430324144264238 -0.6231941351454158
25.295128200518818 111.56295945011222 -2.2758570597968233 0.6975365028100633 1.4314607731833062 -0.6203420310889607
24.942014790144057 111.62985146864594 -2.315186143253658 0.6882199525096633 1.4314355647903345 -0.6167048494155367
25.321486546522905 112.20491990981355 -2.243980599873593 0.6886998090117348 1.4272858379057975 -0.6157283774878294
25.885613329716655 112.91631477048729 -2.1417090997747636 0.6939035274293949 1.4231483478118583 -0.6173928010845752
25.995730269050732 113.45975734481519 -2.109859770271943 0.6925489443694719 1.4245900738730393 -0.6179736111788715
25.729854260118344 113.86384761279531 -2.1298640806496243 0.6857802410523532 1.4303632264171675 -0.6161925962288151
25.462155747677976 114.25643251998997 -2.163072864112099 0.6795557895461704 1.4361796273632743 -0.6133874508605285
25.39742802041763 114.80624456339328 -2.21571302642519 0.6770904923981025 1.439956550202611 -0.611515002164945
25.45014105554808 115.57230060492861 -2.2812823358530694 0.6775343473934623 1.442033989204345 -0.6118225550978087
25.584819389967926 116.56125926655707 -2.3357218704906284 0.6797152798824405 1.44258276950168 -0.6143713783859142
25.816630010723493 117.7446516293607 -2.394726939353271 0.6830990602452855 1.4420487259104817 -0.6196874925735355
26.12786969129585 119.49138502631331 -2.466263860249298 0.6886667104656032 1.440383390406676 -0.6290482428388082
26.63593070592838 122.29144375957196 -2.5148878956740504 0.6992444787982854 1.4359215055273038 -0.641907018020135
27.23735747694498 125.46299585977428 -2.5319986671119485 0.7118152965469136 1.4297204392316427 -0.6546751245729001
27.618649096113394 127.95125388845668 -2.5275857381634106 0.721453611689605 1.4244819705024696 -0.6649638607729607
27.677116271600596 129.53261614247023 -2.5076911031438374 0.7271084805435654 1.4210142859847705 -0.6730981009587002
27.658920226575184 130.62192922995803 -2.496107522335035 0.7291761236543276 1.4187316488885449 -0.6785865005158609
27.78739272020305 131.72316551557174 -2.5015072518248145 0.7295611297401772 1.4171636345081442 -0.6808400593244319
27.94525838317446 132.89000405509012 -2.5035377406021837 0.7308581863045986 1.4160927836792234 -0.6823243583962774
28.019174171818776 134.14858333532428 -2.4806827564873704 0.7347718981606213 1.4148932708959845 -0.6858233632020054
28.15595259263946 135.81773693357007 -2.4405660973299255 0.7415432998926942 1.412716227799163 -0.6919413675617223
28.481296768195556 137.74228813904946 -2.4221838937010753 0.7494917808244337 1.40899873286449 -0.7006232106294077
28.86665856164049 139.5147835998823 -2.424503780276564 0.7553103864441412 1.4056807357532222 -0.7074312459922307
29.16842023789072 141.06814737041057 -2.399909271797606 0.756982870219804 1.4045015323369299 -0.7068842513585896
29.337088533746304 142.3832094382543 -2.3335705139535143 0.75615376871469 1.4043077459348963 -0.7013891570430755
29.335627024038416 143.41822382260796 -2.2594584844377263 0.755240086454323 1.4045655727909256 -0.6964422737691095
29.263852373694633 144.18975867651267 -2.21433802897258 0.754551964716387 1.405328447852797 -0.6937311371308903
29.308524151798107 144.78059999269664 -2.2164781958392323 0.7538516840926053 1.4059267292649402 -0.6929639579071423
29.488058741310194 145.23265697776486 -2.2681426004556977 0.753064379844925 1.4060625298187261 -0.6941729818018374
29.70883545788809 145.53504523180075 -2.361838541504084 0.7519010179984557 1.405611110498794 -0.6976439629599032
29.91734031162769 145.67000493604954 -2.4352454988650964 0.7522555921873717 1.403422278685016 -0.7028621017266399
30.096246387594363 145.6942616214679 -2.4063057728388757 0.75718086145224 1.3988920361184034 -0.7070227404001855
30.200250111243186 145.82144896473602 -2.320065465846196 0.7638048609013226 1.394910873915045 -0.7062471879928102
30.065628054513255 146.05423198197985 -2.2723904535840616 0.7656719241864354 1.3947644062211562 -0.7002183793311876
29.626956538184587 146.1917674579465 -2.2805212694976804 0.7613808688257386 1.397888330012257 -0.6922896190370111
29.029648348989326 146.2088775734929 -2.3395191231335097 0.753708245171983 1.4022337772113398 -0.6858025616001111
28.421782846497493 146.2123587436264 -2.3849946380758147 0.7484178374751759 1.4058429104779355 -0.6823365497926934
27.89268899455004 146.2852969627473 -2.354550803956199 0.749826208259009 1.4072073919665895 -0.6814646191257748
27.462030676322218 146.40731880342585 -2.306138518470609 0.7550738519924411 1.406602836840781 -0.6821168801403346
27.110714769693757 146.50056491855068 -2.2701276067771943 0.7600328862724779 1.4048795078678062 -0.6826781373983204
26.545541008665843 146.56291065220574 -2.2646140756017012 0.7615730794732151 1.4036599430335381 -0.6821609925454865
25.388904878063958 146.6250831301368 -2.3118583604372236 0.7594624787015118 1.4038350270523048 -0.6812555137507201
23.899207256330673 146.67820908783602 -2.3870814618620804 0.757927331997315 1.4036673153036998 -0.6819071923664041
22.443038229740566 146.68414150551342 -2.482350539319573 0.7574034136422825 1.4027785833349815 -0.6843000096884434
20.8982382465711 146.55843130629654 -2.555073614026032 0.7569799778314157 1.4019430846713796 -0.687266299388888
19.17732409432752 146.32604029629078 -2.589815265380241 0.7576610876251582 1.4010773934878278 -0.6911827821036132
17.432073589741407 146.13233163338816 -2.611907689199102 0.7592592068164062 1.4004472988259888 -0.6950062513494433
15.62414867918377 146.02445811818887 -2.586986871127754 0.7625667290429219 1.3999097637447304 -0.6966909499051067
13.616149780148813 145.98409230012868 -2.543845551077454 0.7676430102483891 1.3989038068601636 -0.698727456841902
11.648936852885438 146.0218047163853 -2.588748482245607 0.7727928669305284 1.3968401421705932 -0.7060306541260215
10.026488266227672 146.14464532011328 -2.692883598007283 0.7780389831755467 1.3936154258721087 -0.7163418587433308
8.815484220796161 146.33651686608954 -2.772364343999917 0.7839989253149006 1.3895647265478432 -0.724671206850245
7.7313710619055795 146.5190936265356 -2.8369844772517796 0.7890777322090825 1.385974000944242 -0.7306783295352266
6.302805118128443 146.5572644033673 -2.872864764229562 0.7920409085409393 1.3845362974259539 -0.734394875276576
4.428161538114347 146.47288681886445 -2.8808244722541723 0.7932357944742371 1.385294087108937 -0.736420906753962
2.272855882072105 146.40836150365294 -2.906759100476938 0.793488006165845 1.387218887738857 -0.738162243865294
0.22759238431874285 146.46886735794243 -2.9556253831959762 0.7943684886120278 1.3884849983964842 -0.7397229336803919
-1.430511601195398 146.59680947314027 -3.008218539493764 0.7960934432677582 1.3880137786841538 -0.7411042694403077
-2.806203789041668 146.69479502793928 -3.0367391015337937 0.7979531077429605 1.3869487331453736 -0.7415255374155183
-4.033791896180289 146.72897501400382 -3.0539644543847446 0.7998815788905802 1.3862880647849494 -0.7421965326527926
-5.331237159474999 146.61944600149937 -3.1071351947310832 0.8012024061825291 1.3858364686238134 -0.7458858519060791
-6.840336465704176 146.4419067123335 -3.1890040314818444 0.8019333743487962 1.3855641736394133 -0.7510028673728358
-8.350390043689023 146.3270687637508 -3.2358455666391768 0.803435816620748 1.3854410378032203 -0.75384096274595
-9.574314866761412 146.2769964053998 -3.233098150267996 0.8055013620178362 1.3852188604951072 -0.7536521587957932
-10.455720413240035 146.18694260372612 -3.2207983797985955 0.8059869343553308 1.3850415088306574 -0.7523795035932198
-10.993670214298911 146.09187423536503 -3.1961912736250433 0.8055408701775814 1.3847859665452091 -0.7505193603096474
-11.21975047792327 146.11030701863166 -3.1505818703063317 0.8060135927058932 1.3842270886635668 -0.7476810342907171
-11.299694572188 146.15934153873332 -3.1395877588385956 0.8063134805235956 1.38380046760268 -0.7459478736066417
-11.38340727868545 146.15037527929513 -3.1828791040327973 0.8054832161826805 1.3841846115532501 -0.7465809459612638
-11.56556040021295 146.06505238474057 -3.224914523537831 0.8034813242783373 1.3858973937256298 -0.7480174045027235
-11.730592123863904 146.06084702769593 -3.2315787721359266 0.8012088349052706 1.3883913440653481 -0.7474460780726632
-11.66945457306906 146.34628831861812 -3.199134964915191 0.8007314540281519 1.3903494157865048 -0.7430804062135188
-11.478714740631396 146.75410219709835 -3.1380035908506807 0.8022392051978133 1.3912960164335013 -0.7372534819710409
