71.04160463292654 132.71590350914553 -0.46432690165410706 0.676403068306659 1.4452332636687797 -0.5641760551903852
70.76134608279872 132.5847780261114 -0.42444179176235686 0.6710488173248076 1.4470620160226617 -0.5566221241971352
70.43199487383391 132.38697250353295 -0.4067727860492404 0.665566264718148 1.4489294771741492 -0.5506299295395156
70.07975117225973 132.10946206007776 -0.40785658081581977 0.6640622523210191 1.44928876389268 -0.549483297955273
69.54761792397518 131.71296588361432 -0.4427821240430918 0.6644158301559873 1.4496479867386565 -0.5529871340946322
68.92137014007275 131.3837603608173 -0.5052456761665493 0.6648571137151809 1.4506889129964757 -0.5571834381682774
68.37615959875652 131.28784253620785 -0.557495779949859 0.6669965536913246 1.4512201950146704 -0.5591792410461796
67.74964954622692 131.19256047908289 -0.5797667753483785 0.6716235294505316 1.4510588120206345 -0.561046493999062
66.72305738127461 130.72743228484802 -0.6049442341953519 0.6778695256048439 1.4496493356750018 -0.5663703026859408
65.07339384676933 129.82642804966997 -0.6652606104749217 0.6840353699571112 1.4472642375747935 -0.5740538135233128
62.99911583604424 128.72461619921893 -0.7391952237631167 0.6892762793706111 1.4454508831505553 -0.5809892092876682
60.96453964549032 127.63648609031537 -0.8151833399231347 0.6918012741904975 1.4441536541336615 -0.5860199202432961
59.268017964968934 126.66018730811984 -0.9102275396588679 0.6893105912438315 1.4428767831484421 -0.589381448336659
57.95146438035418 125.89068806917135 -0.9942332199735362 0.6839079171930367 1.4421464678891946 -0.5907870937211858
56.74956819146707 125.29586662756316 -1.043760110944075 0.6802698555435654 1.4418616533859197 -0.5900619906450861
55.45583515147828 124.73384228375517 -1.0858249582594097 0.6813255402734559 1.440781143106562 -0.5890815080888095
54.334986313552896 124.25031827370256 -1.1100424838854377 0.6877637501198636 1.4376138644717877 -0.5895728098593269
53.53697418754274 123.93785393479041 -1.1097839008927648 0.6954950967701794 1.4335746470748072 -0.5902500035105015
52.67228779844116 123.64643060416834 -1.1165272701391906 0.6987953723333804 1.4318934879299217 -0.5893762873014383
51.504638078700324 123.17857268213021 -1.1365228833388845 0.6977834309756159 1.4328498089863593 -0.5886113206477057
50.352298913999476 122.56278772030787 -1.149552673641061 0.6969652129467092 1.4329560530659724 -0.5899446009560111
49.435801038693526 121.98216887999305 -1.148889949745535 0.6988254357817132 1.4307013281326995 -0.5917967871675008
48.61274872150351 121.58167400687313 -1.1541658347400154 0.7029662292643868 1.4283413457477092 -0.5923149047452528
47.84596297781279 121.33483440448 -1.1709687572357188 0.7089194515468136 1.4265651850583734 -0.5926331871658219
46.991872515767014 120.98745739403276 -1.1914424098801404 0.7130024358658684 1.4253330143788334 -0.5939442276823563
45.90181504867576 120.48790312530487 -1.2240661587066564 0.7115991788980749 1.4264938376947067 -0.5948340447347451
44.786245337107594 120.05143336051151 -1.2702692722425613 0.707390121162309 1.429680236288171 -0.5942761259620694
43.752915704269114 119.6444489370715 -1.3180634950416041 0.7036230497152967 1.4325901902386755 -0.5938029270812544
42.68086293644972 119.13372787163362 -1.3713262076536936 0.7016041186203557 1.4340170766471918 -0.5947793028390304
41.4533778028091 118.51936840242882 -1.4286137632483489 0.702097260559376 1.4337395124290722 -0.5970193605097398
40.064841223729275 117.83831813139645 -1.4795457566767154 0.7037712555567752 1.4326897110158505 -0.600492472252641
38.70617015950671 117.16642015990675 -1.526734310592024 0.7061525406367221 1.4305892608575217 -0.6054630172602529
37.59865010163762 116.61318991281777 -1.5736251433048216 0.7096119576526939 1.4268964891993337 -0.6106472082411349
36.77380084280536 116.26046881665658 -1.6137209135770598 0.7135959922196535 1.4235835522731177 -0.6142555069360032
36.08781506940291 116.08071609619789 -1.6372428772179242 0.717872087464726 1.4220115155410074 -0.615509035047089
35.470380767972365 115.98459460406619 -1.6496169651077497 0.7223651190429115 1.421065420380903 -0.6153112922076696
34.59513141137115 115.7733507835259 -1.6788531902541952 0.7266062051210391 1.4201481766905983 -0.6158955255364508
33.02560379933458 115.20761436854502 -1.7217770438526974 0.7307699448745402 1.4194837440226153 -0.6180674327613151
31.161500019470758 114.40785619204952 -1.7342313235999525 0.7362593106009034 1.4183916873322895 -0.6209562153149655
29.44652409941252 113.62550685489083 -1.7766997589718745 0.7370093976615018 1.419530976580069 -0.6226500046744737
27.90893648790506 113.00997834061977 -1.9269678957866236 0.7261331459261068 1.4258972187936303 -0.6203676317640118
26.916610913429565 112.70448808068245 -2.0748869536862213 0.7135718528206672 1.4322907707873056 -0.6160245091176737
26.767337497080845 112.69927987740184 -2.105970136376445 0.7113646687294835 1.4324147754138739 -0.6158981359697633
27.202912461493767 112.98274903679138 -2.0637102304357247 0.7143185971593916 1.4283035051680448 -0.6192805652077064
27.857541583543423 113.70449518828482 -2.0094305599937603 0.7149175554668586 1.4248003604488428 -0.6208382242115641
28.506700309324653 114.82802420986445 -1.9544680623643296 0.7152093055869952 1.423161966103068 -0.6209087263559189
28.981196765630653 116.08595942172951 -1.9285237661205559 0.71646117326911 1.4230561221157885 -0.6223497066470286
29.324674308148996 117.33280424468651 -1.9517568484974164 0.7181004131144326 1.4238553867862827 -0.6252421055122892
29.516287389179336 118.75414291834738 -2.0260649482874844 0.717561149064158 1.4259745367887307 -0.628412342402835
29.386211235497328 120.5785265728853 -2.139177350983056 0.7117808581156284 1.4293959981381366 -0.6325590645853841
29.09065076085492 122.61503512152287 -2.211764316470995 0.7066680477611753 1.4311799389102942 -0.6387998986170813
28.971283031154105 124.62530322929874 -2.245768445805987 0.7071725305728904 1.4305207375656441 -0.6464561909853399
29.06515925441716 126.44926386929504 -2.2972317969716265 0.7095232643135128 1.4290188455218436 -0.6530318852929077
29.254768256257996 127.9308011420975 -2.3219302309935466 0.7129624846692346 1.426568818859188 -0.65735819268491
29.48404852957169 129.064777009559 -2.329987418826232 0.7179053054576184 1.4234663279719129 -0.6617487296904812
29.778947344776462 130.20379588661294 -2.38195730325255 0.7229627355165782 1.4205348968018994 -0.6682694160697162
30.29382258535889 131.94233669779342 -2.460820086855078 0.7282187200682411 1.4177226809740335 -0.6748154684900884
30.98912795429419 134.32367229216388 -2.5032739777357067 0.732833468443455 1.4155853256910822 -0.6767582497971465
31.53388352972225 136.73784099962768 -2.4758911515998587 0.737845576329272 1.4135679351066335 -0.6767328639581491
31.711778990014842 138.6961554796706 -2.4140377320330337 0.7436619159532496 1.4108149443899305 -0.6804054951970981
31.676534729086917 140.3072052995392 -2.344211169836045 0.7494476575360645 1.4080884945664907 -0.6860491414930807
31.66929787020127 141.775462206682 -2.277176700609627 0.7555424337053954 1.4056925788136447 -0.691202981099361
31.711790700913127 143.115209844365 -2.2236553801751513 0.7607675815157255 1.4037839879307454 -0.695217517496314
31.700598368158268 144.35325181791188 -2.1688341011427323 0.7639697503993006 1.4032950029547404 -0.696545881031627
31.650195499833416 145.41213437195648 -2.148211381580973 0.7651596669324445 1.4039077429860565 -0.6972716645669585
31.69138951996475 146.29249171952006 -2.194567271005602 0.7646235645116448 1.4046657753250458 -0.6992006439142622
31.886027192630184 147.09518181192126 -2.270010590801205 0.7638533318888467 1.4050997614614453 -0.7010544485107006
32.046219994781076 147.6028478386264 -2.3269455179196834 0.7646372352731984 1.4047798339395916 -0.7031064127886815
31.944509833344362 147.62610193344292 -2.3377015781538057 0.7667806627701137 1.403968989686869 -0.704984112252066
31.70147042829413 147.46542892634653 -2.3050285527592687 0.7689866352649051 1.403031002882245 -0.7044705148535801
31.509414266570275 147.48083730853114 -2.2414880592930704 0.7712722334101764 1.402263162270836 -0.7003983448170533
31.20340093175883 147.626579361178 -2.184444386032626 0.7741704638790357 1.4017683419513505 -0.6958110301140856
30.516649216995624 147.67440473802705 -2.169089974805172 0.7764070535701444 1.4013376051563948 -0.6939806688117505
29.557379835028215 147.55954342417752 -2.170683368698473 0.7769843679840184 1.4009461696647507 -0.694145096373872
28.584228289211257 147.32976505719392 -2.179918560776641 0.7757149355589558 1.4005989212936647 -0.6954486418872519
27.668641851276142 147.07339052019995 -2.2141119106168947 0.7730971008564219 1.4000935096638136 -0.6976483285395252
26.84497479140979 146.95060152460462 -2.2743280985255057 0.7712077074776402 1.3993463570298523 -0.7001437929121865
26.021894298899138 146.98769779744381 -2.34963138183863 0.7700903828461105 1.3992166136542297 -0.7022831969718508
25.018191490115086 146.98819678649855 -2.411402765574814 0.7689478011158151 1.3996143291506833 -0.704274867234429
23.884767163295976 146.88748455197376 -2.4587516199777157 0.7679661518023433 1.3994212052155723 -0.7068286249691462
22.792536313097628 146.8167857477003 -2.4872795191522172 0.7684446358405685 1.3980840048309187 -0.7093867009561236
21.695786788763773 146.79398327141078 -2.486147339848076 0.772442051029891 1.3953661735964527 -0.7132082919650988
20.322033105288376 146.82515456356504 -2.4961161391405264 0.7778460244478098 1.3926524012273669 -0.7183519208476354
18.656789906560775 147.010330615957 -2.5230699397471517 0.7815641045605677 1.3910663824688236 -0.7209345231396882
17.01042638605349 147.27159173766955 -2.5226857165106553 0.7857354404657795 1.389349720164276 -0.7213711525562991
15.499465822850313 147.37304740784248 -2.5117623788993066 0.7912286229700375 1.387237064155588 -0.7238256406284664
14.127617281229195 147.3078715322332 -2.5362326319022825 0.7946861767508562 1.3860008079848012 -0.728071173031472
13.01177250901894 147.19252228424835 -2.591197694055106 0.7962293829611551 1.3846756893640626 -0.7330943706399446
12.007790661308988 147.0335113272453 -2.6643384727461568 0.7966182053852378 1.3836734703773739 -0.738528096026409
10.794861129136219 146.87321919813508 -2.718367406974206 0.7951017056022327 1.3858234638233808 -0.7408578875892733
9.201384429568536 146.74427091591878 -2.7198169415414055 0.7922896602706511 1.390160216759896 -0.73842015563588
7.309096818786332 146.71312601495413 -2.702552859889417 0.7898129663648822 1.3935823300872556 -0.7330947185434474
5.496708566296704 146.836613100033 -2.6807491072743845 0.7903935392992284 1.394705028283279 -0.7274885144446752
4.079956751410066 147.02932341910488 -2.6432926747797376 0.794089698629254 1.3939450340123964 -0.7234732711195384
3.092697555732132 147.16872984244068 -2.6206405476760346 0.7983049548621219 1.3917255330959373 -0.7223443776708236
2.2307706615794527 147.16727762902406 -2.656968199341687 0.8005714950653259 1.3886716385448343 -0.7247307394758824
1.2042457946772382 147.03757954810683 -2.7465145705309415 0.79974139581432 1.3867055566017181 -0.7288862483892162
0.10951170464995552 146.88349004015623 -2.841909361014972 0.7969298313877299 1.3868702597770497 -0.7318724266107721
-1.2053951874251685 146.81313119963153 -2.9162531369215072 0.7942575077112493 1.388556855561784 -0.7324366358694505
-3.0307307236678414 146.82767486701738 -2.958829239028726 0.7938241834874104 1.3900033992967074 -0.73150817131006
-5.051409778148242 146.83558270542503 -2.960601259815597 0.7959670933462755 1.3900467872131608 -0.7303354877800294
-6.876612039435974 146.7876355513141 -2.9521930222458064 0.7988255366262345 1.3895970381053167 -0.7301719832044185
-8.401165853416648 146.71118900364644 -2.9609152739046953 0.8010912768282377 1.3893440981436709 -0.7309526484799824
-9.500701746362967 146.67104854125105 -2.9700766155277076 0.8026460443505269 1.3887550628258554 -0.731112800879909
-10.147495438288217 146.73193702554047 -2.9852018297396894 0.8038650161694296 1.387703655447372 -0.7304141187024371
-10.52506371319887 146.8778599773172 -3.0234950359781907 0.8052118635056851 1.3867826439236834 -0.7290593617192458
-10.802618690912128 147.01085652041294 -3.070234552358838 0.8061422569160712 1.3862536452251597 -0.7271621465889011
-11.051327041901981 147.0505196363109 -3.117555904023955 0.8057908184386485 1.3862761308045943 -0.7272988939484244
-11.350271816086277 146.92074987551084 -3.168475906421773 0.8039534610524294 1.3873375207451573 -0.7315309819780054
-11.670930362096875 146.69592881134534 -3.1928647165744346 0.8018789392161111 1.3891930302939062 -0.7365652032030399
-11.897606246741187 146.57619302724464 -3.154347948639421 0.8017001566620293 1.3911803674041487 -0.7383941757696959
-12.024324003049244 146.53214385513442 -3.1002562940621625 0.8023521776178371 1.3926858976661238 -0.7384065211862001
