-28.110000 47.098763 -200.541000
-28.119500 47.085763 -200.494000
-28.120000 47.091430 -200.480000
-28.685500 46.978763 -200.520500
-29.027800 46.930763 -200.572200
-28.827833 47.029597 -200.437667
-28.811000 47.125906 -200.470857
-28.679250 47.275763 -200.358750
-28.641889 47.413541 -200.342889
-28.570000 47.584763 -200.279300
-28.539455 47.736218 -200.297273
-28.484667 47.863097 -200.293750
-28.466077 47.956917 -200.346462
-28.404357 48.043049 -200.323286
-28.367067 48.102030 -200.348400
-28.309625 48.152701 -200.348000
-28.259529 48.164881 -200.359294
-28.186889 48.158208 -200.368278
-28.121474 48.134869 -200.399947
-28.036800 48.107413 -200.421250
-27.926500 48.113663 -200.428000
-27.803450 48.092113 -200.458050
-27.659950 48.041213 -200.488350
-27.385850 47.999163 -200.546900
-27.085400 47.965263 -200.569150
-26.916350 47.884263 -200.660550
-26.691550 47.817013 -200.693400
-26.500400 47.699763 -200.810550
-26.329300 47.662313 -200.877700
-26.204950 47.605563 -201.007850
-26.037450 47.548113 -201.082750
-25.896250 47.489713 -201.205700
-25.721250 47.436013 -201.283000
-25.592700 47.377313 -201.414550
-25.436050 47.327163 -201.484400
-25.308550 47.282713 -201.599850
-25.159050 47.269263 -201.684250
-25.056450 47.275113 -201.787250
-24.943800 47.283313 -201.855150
-24.865300 47.284913 -201.934100
-24.806750 47.293963 -202.011700
-24.774350 47.298763 -202.085700
-24.747850 47.277713 -202.137750
-24.750900 47.246163 -202.141400
-24.755550 47.156363 -202.184700
-24.769450 47.062413 -202.196900
-24.808200 46.899163 -202.240800
-24.858250 46.737413 -202.233450
-24.850000 46.486313 -202.254650
-24.823250 46.212513 -202.235450
-24.820200 45.922263 -202.225600
-24.821500 45.633663 -202.172650
-24.824200 45.344713 -202.133150
-24.808250 45.048013 -202.073450
-24.815350 44.726013 -202.062650
-24.806200 44.408863 -202.006200
-24.814200 44.081863 -201.954950
-24.807300 43.733163 -201.907050
-24.801150 43.383113 -201.860750
-24.800950 43.017063 -201.822150
-24.794000 42.648513 -201.765550
-24.782100 42.285913 -201.677100
-24.774700 41.954713 -201.602850
-24.759350 41.621213 -201.564600
-24.765950 41.293713 -201.502400
-24.749700 40.991113 -201.447850
-24.718450 40.723863 -201.367300
-24.694800 40.481063 -201.327800
-24.685900 40.238263 -201.262650
-24.657450 39.994313 -201.208300
-24.771700 39.738113 -201.177300
-24.870000 39.476063 -201.140250
-24.854150 39.230463 -201.090800
-24.854000 38.975663 -201.071300
-24.853450 38.755063 -200.998800
-24.834250 38.529663 -200.939950
-24.838200 38.294663 -200.912900
-24.834800 38.055863 -200.853950
-24.846650 37.813513 -200.793650
-24.817750 37.592913 -200.695450
-24.826950 37.376813 -200.640200
-24.815650 37.168463 -200.594000
-24.830050 36.956263 -200.560850
-24.814150 36.782363 -200.465600
-24.833200 36.594163 -200.403800
-24.829350 36.414813 -200.330150
-24.844750 36.215663 -200.281200
-24.846700 36.007863 -200.205900
-24.857150 35.778063 -200.142150
-24.859500 35.577363 -200.056050
-24.752200 35.366463 -199.955200
-24.638600 35.167513 -199.877700
-24.656700 34.939413 -199.797300
-24.649300 34.730363 -199.689750
-24.642050 34.483713 -199.626150
-24.654500 34.233013 -199.565000
-24.654950 33.977863 -199.484250
-24.654800 33.744013 -199.407800
-24.649400 33.511963 -199.337050
-24.670100 33.278763 -199.291700
-24.662400 33.044363 -199.215250
-24.662050 32.823813 -199.139900
-24.627500 32.623363 -199.045250
-24.641350 32.388513 -199.006400
-24.603800 32.211413 -198.920500
-24.607800 31.994713 -198.867700
-24.579900 31.825113 -198.784300
-24.591100 31.628263 -198.751850
-24.577600 31.481863 -198.707050
-24.584650 31.310563 -198.670250
-24.559350 31.168613 -198.622000
-24.545300 31.011463 -198.564350
-24.658200 30.830163 -198.529200
-24.791450 30.638213 -198.513650
-24.751850 30.485463 -198.426850
-24.749900 30.294613 -198.370350
-24.719700 30.136013 -198.285700
-24.704150 29.956263 -198.225200
-24.675650 29.786813 -198.145550
-24.659900 29.595113 -198.096550
-24.627150 29.415363 -198.035550
-24.615800 29.211513 -198.005800
-24.617100 29.010863 -197.968750
-24.599500 28.833163 -197.923300
-24.592150 28.641763 -197.870100
-24.578700 28.445563 -197.826650
-24.587900 28.239313 -197.779950
-24.567050 28.080963 -197.702550
-24.558350 27.884963 -197.633450
-24.382100 27.715563 -197.536800
-24.377300 27.475463 -197.463150
-24.347700 27.257163 -197.426800
-24.212200 27.037813 -197.348500
-24.051750 26.844763 -197.256200
-24.078250 26.631613 -197.216450
-24.053900 26.460063 -197.156650
-24.076550 26.236763 -197.130950
-24.049350 26.075213 -197.060350
-24.078500 25.881563 -197.029300
-24.062050 25.726863 -196.959200
-24.086200 25.537363 -196.910350
-24.071100 25.388763 -196.830850
-24.096200 25.210063 -196.789950
-24.091650 25.041763 -196.710350
-24.115300 24.863163 -196.687750
-24.108850 24.724013 -196.620700
-24.125500 24.544013 -196.584100
-24.120000 24.353663 -196.517600
-24.137550 24.141563 -196.464100
-24.306000 23.924913 -196.428550
-24.324700 23.757913 -196.407750
-24.361600 23.579813 -196.326650
-24.375200 23.432263 -196.298250
-24.400550 23.273963 -196.280100
-24.404450 23.120263 -196.276300
-24.440650 22.968563 -196.257900
-24.457550 22.840863 -196.245850
-24.505550 22.682263 -196.257450
-24.501650 22.571063 -196.238950
-24.539600 22.442313 -196.247900
-24.539950 22.352613 -196.241850
-24.578900 22.237763 -196.254650
-24.562800 22.165863 -196.224850
-24.606100 22.053663 -196.246900
-24.610500 21.974563 -196.228300
-24.665550 21.842863 -196.242500
-24.667050 21.755463 -196.217500
-24.701500 21.631213 -196.227450
-24.856450 21.568863 -196.242300
-25.031900 21.478913 -196.274300
-25.187750 21.412913 -196.272100
-25.197000 21.344913 -196.275950
-25.353200 21.274163 -196.264350
-25.361400 21.158563 -196.218050
-25.360900 21.051263 -196.146400
-25.364200 20.903513 -196.105350
-25.352500 20.785163 -196.035500
-25.355400 20.637263 -195.981550
-25.354250 20.484313 -195.918800
-25.360150 20.331013 -195.859150
-25.373400 20.179013 -195.815350
-25.375900 20.030913 -195.760250
-25.400300 19.872263 -195.724150
-25.394800 19.737263 -195.659700
-25.431800 19.571813 -195.607350
-25.400700 19.438063 -195.529150
-25.426350 19.272013 -195.454050
-25.414850 19.144713 -195.390550
-25.282650 18.957213 -195.322750
-25.290700 18.818963 -195.265600
-25.312950 18.669063 -195.215100
-25.480800 18.510713 -195.173550
-25.502600 18.357313 -195.120550
-25.674000 18.232263 -195.090000
-25.705800 18.052013 -195.043250
-25.682300 17.909013 -194.971450
-25.697650 17.735663 -194.892650
-25.674850 17.563913 -194.826000
-25.683050 17.346513 -194.785100
-25.669750 17.121713 -194.682900
-25.672350 16.871613 -194.616300
-25.649850 16.634913 -194.519100
-25.645600 16.377013 -194.440350
-25.627500 16.135213 -194.334600
-25.598700 15.886313 -194.262000
-25.603050 15.657363 -194.183050
-25.584250 15.425563 -194.145850
-25.598300 15.184663 -194.064750
-25.565250 14.953063 -193.950150
-25.409600 14.699263 -193.847150
-25.235900 14.467013 -193.768600
-25.242000 14.241663 -193.702450
-25.050150 13.988213 -193.622350
-24.887350 13.730513 -193.526250
-24.846350 13.513813 -193.490300
-24.889000 13.272163 -193.451850
-24.855450 13.055613 -193.436050
-24.872400 12.844963 -193.378200
-24.867750 12.660463 -193.324300
-24.889150 12.475463 -193.308050
-24.869450 12.308663 -193.263850
-24.913400 12.104463 -193.231100
-25.092600 11.968113 -193.232350
-25.291050 11.808713 -193.257300
-25.473150 11.666463 -193.251050
-25.677050 11.493763 -193.258850
-25.868100 11.337463 -193.243800
-26.052050 11.164913 -193.247500
-26.259000 11.007713 -193.276800
-26.262750 10.823863 -193.252400
-26.272600 10.625163 -193.208400
-26.108950 10.418713 -193.155600
-26.142350 10.243263 -193.126000
-26.150200 10.071313 -193.112150
-26.185700 9.905263 -193.077950
-26.176100 9.750213 -193.044700
-26.210800 9.582163 -193.012500
-26.223650 9.419713 -192.992350
-26.026300 9.247913 -192.934000
-25.999000 9.046763 -192.919400
-26.014550 8.819813 -192.888100
-25.785000 8.656663 -192.863150
-25.403350 8.434813 -192.782900
-25.007050 8.220163 -192.715050
-25.008250 8.026163 -192.690050
-24.823300 7.799513 -192.635750
-24.638850 7.579513 -192.580100
-24.417800 7.378013 -192.534700
-24.239250 7.154913 -192.505000
-24.418450 6.967663 -192.522050
-24.414550 6.718013 -192.477250
-24.403950 6.462613 -192.442750
-24.391250 6.194113 -192.404450
-24.399400 5.903163 -192.368500
-24.375450 5.610813 -192.341400
-24.360000 5.315813 -192.275650
-24.327450 5.006963 -192.235050
-24.293200 4.694163 -192.169000
-24.475300 4.391813 -192.180800
-24.480300 4.141963 -192.123300
-24.446050 3.909263 -192.102400
-24.632100 3.641213 -192.059150
-24.800400 3.370863 -192.048500
-24.998800 3.086213 -192.011400
-24.771800 2.785013 -191.966800
-24.749000 2.498363 -191.919700
-24.690200 2.185663 -191.886800
-24.693050 1.865913 -191.810600
-24.625150 1.560263 -191.750950
-24.406850 1.228413 -191.666550
-24.358300 0.960963 -191.652650
-24.331900 0.682113 -191.612400
-24.251500 0.425213 -191.547300
-24.191050 0.176763 -191.510250
-24.159600 -0.068287 -191.458400
-24.099750 -0.306637 -191.426400
-24.066000 -0.547537 -191.374850
-24.025850 -0.777137 -191.346350
-23.980650 -1.020087 -191.268800
-23.910400 -1.245037 -191.235550
-23.898200 -1.496137 -191.156350
-23.860900 -1.729637 -191.151300
-23.824000 -1.954687 -191.092300
-23.752450 -2.151937 -191.063950
-23.735200 -2.373187 -191.004500
-23.692850 -2.548687 -190.983850
-23.683600 -2.710537 -190.919800
-23.643150 -2.868737 -190.919200
-23.630100 -3.026187 -190.866200
-23.595150 -3.170387 -190.853450
-23.559300 -3.327587 -190.789950
-23.301100 -3.440087 -190.745750
-23.322200 -3.572537 -190.749800
-23.304100 -3.690387 -190.726800
-23.283400 -3.808837 -190.690750
-23.491050 -3.952937 -190.724550
-23.689700 -4.084637 -190.750550
-23.684850 -4.230337 -190.760200
-23.661900 -4.359637 -190.729600
-23.691450 -4.580687 -190.736700
-23.664000 -4.756587 -190.726950
-23.649250 -4.950237 -190.713100
-23.636900 -5.131387 -190.684100
-23.662000 -5.337737 -190.700700
-23.653800 -5.513887 -190.694200
-23.633750 -5.711387 -190.671400
-23.603300 -5.894237 -190.690700
-23.604600 -6.113887 -190.691650
-23.603250 -6.309887 -190.698450
-23.596050 -6.523137 -190.659450
-23.606700 -6.704037 -190.689050
-23.821550 -6.907887 -190.712650
-23.809750 -7.104087 -190.708300
-23.796350 -7.292887 -190.701600
-23.785400 -7.483137 -190.705350
-23.565450 -7.649787 -190.656650
-23.347650 -7.816487 -190.613400
-23.340500 -7.976937 -190.593000
-23.351900 -8.138137 -190.615550
-23.538300 -8.274087 -190.627600
-23.763200 -8.440587 -190.694050
-23.739150 -8.612937 -190.657500
-23.754650 -8.835687 -190.715850
-23.720750 -9.105487 -190.696100
-23.713000 -9.378837 -190.724900
-23.698950 -9.645937 -190.750900
-23.719900 -9.940787 -190.772750
-23.688850 -10.187187 -190.767900
-23.683100 -10.481387 -190.811100
-23.663350 -10.761487 -190.844700
-23.663250 -11.065337 -190.858750
-23.641550 -11.353387 -190.855450
-23.637100 -11.682787 -190.895600
-23.618800 -12.008837 -190.905650
-23.629850 -12.357887 -190.940850
-23.388300 -12.634937 -190.921900
-23.391700 -12.930687 -190.962450
-23.631650 -13.267137 -191.051850
-23.636800 -13.644737 -191.038150
-23.438300 -14.020087 -191.008700
-23.234850 -14.448037 -190.934200
-23.259300 -14.894137 -190.929150
-23.270800 -15.305987 -190.856550
-23.302500 -15.656637 -190.849050
-23.311700 -16.061587 -190.790250
-23.313450 -16.441337 -190.770400
-23.307700 -16.824937 -190.690050
-23.335450 -17.237187 -190.685100
-23.328750 -17.627087 -190.572350
-23.356050 -17.977237 -190.511250
-23.361750 -18.339387 -190.436550
-23.385750 -18.732137 -190.375900
-23.391300 -19.083887 -190.265650
-23.413750 -19.452337 -190.205900
-23.404200 -19.806587 -190.112900
-23.891200 -20.284737 -190.143850
-23.872750 -20.773287 -190.020350
-23.637850 -21.281787 -189.913900
-23.594800 -21.703137 -189.858300
-23.543850 -22.132187 -189.774350
-23.434050 -22.440737 -189.672850
-23.408300 -22.797787 -189.655250
-23.324600 -23.116137 -189.569950
-23.267750 -23.465337 -189.476700
-23.204850 -23.744987 -189.398700
-23.187800 -24.030587 -189.302550
-23.151500 -24.294687 -189.264650
-23.101650 -24.551887 -189.157800
-23.064400 -24.809237 -189.127800
-23.001900 -25.130737 -189.060100
-22.939050 -25.440337 -188.997350
-22.878400 -25.743087 -188.932950
-22.819000 -26.047387 -188.874050
-22.753350 -26.347337 -188.793500
-22.692700 -26.643187 -188.718750
-22.112850 -26.874987 -188.521200
-21.796650 -27.075987 -188.431500
-21.450150 -27.210937 -188.266350
-21.154500 -27.411837 -188.153200
-20.839900 -27.568737 -188.033300
-20.585850 -27.795637 -187.972100
-20.241900 -27.958637 -187.808050
-20.208350 -28.171537 -187.797650
-20.145600 -28.361787 -187.744900
-20.090450 -28.580337 -187.700400
-20.009150 -28.830787 -187.650000
-19.930400 -29.093587 -187.591850
-20.098100 -29.403287 -187.606600
-20.256550 -29.720687 -187.610450
-20.422050 -30.039637 -187.621700
-20.323850 -30.411587 -187.514150
-20.202800 -30.768237 -187.407450
-20.112250 -31.150037 -187.328650
-19.995150 -31.490787 -187.219900
-19.880150 -31.825937 -187.145200
-20.051100 -32.201687 -187.124550
-20.474750 -32.579037 -187.180050
-20.913250 -32.964687 -187.235650
-21.050300 -33.335487 -187.214800
-21.202100 -33.770487 -187.182200
-21.318650 -34.175337 -187.110350
-21.438400 -34.596187 -187.068200
-21.278150 -35.016037 -186.939600
-21.140650 -35.455787 -186.818250
-20.988350 -35.874287 -186.677500
-20.859000 -36.317887 -186.584200
-20.716450 -36.731487 -186.444200
-20.622400 -37.103487 -186.342100
-20.237050 -37.465837 -186.113500
-19.878900 -37.846037 -185.937850
-19.758400 -38.143387 -185.871050
-19.685200 -38.435237 -185.821450
-19.582000 -38.698737 -185.748500
-19.509950 -39.006187 -185.711150
-19.435050 -39.311987 -185.641700
-19.351650 -39.595487 -185.567050
-19.005450 -39.877987 -185.402900
-18.653450 -40.159587 -185.251750
-18.596800 -40.432187 -185.176300
-18.537250 -40.647037 -185.123800
-18.505600 -40.879937 -185.103750
-18.483500 -41.093337 -185.073100
-18.471550 -41.295537 -185.056850
-18.442500 -41.476887 -185.042100
-18.428050 -41.680587 -185.042950
-18.386750 -41.857737 -184.984500
-18.359850 -42.053187 -184.969050
-18.038650 -42.251287 -184.847200
-18.013450 -42.458587 -184.861800
-18.214700 -42.686837 -184.893150
-18.431200 -42.960187 -184.931900
-18.622000 -43.255587 -184.955100
-18.805650 -43.566537 -184.983200
-18.979750 -43.873437 -185.003350
-19.149350 -44.195837 -185.021750
-19.003500 -44.531437 -184.912650
-19.166100 -44.873487 -184.941850
-18.999500 -45.195087 -184.836250
-19.150200 -45.551687 -184.865300
-19.298350 -45.901037 -184.874850
-19.170200 -46.211737 -184.795450
-19.043350 -46.519437 -184.706350
-18.914100 -46.835187 -184.625000
-18.780550 -47.152387 -184.535400
-18.644250 -47.472937 -184.460050
-18.512550 -47.787287 -184.389600
-18.380000 -48.098537 -184.326050
-18.252250 -48.400437 -184.253450
-18.130300 -48.694087 -184.176850
-17.746000 -48.935087 -184.022700
-17.370550 -49.167287 -183.863550
-16.993100 -49.396137 -183.704200
-16.619350 -49.608187 -183.536150
-16.251400 -49.817937 -183.387400
-15.886700 -50.015887 -183.243900
-15.830150 -50.197487 -183.242150
-15.464250 -50.380437 -183.103100
-15.424200 -50.584737 -183.101150
-15.058350 -50.754487 -182.966650
-14.695950 -50.934187 -182.854450
-14.607650 -51.146587 -182.822250
-14.523700 -51.357837 -182.797850
-14.446500 -51.562737 -182.764450
-14.372700 -51.761887 -182.732600
-14.301200 -51.950037 -182.683300
-14.230900 -52.146237 -182.629050
-14.161000 -52.342837 -182.569850
-14.091650 -52.546937 -182.517800
-14.016600 -52.749387 -182.465250
-13.950350 -52.964537 -182.425750
-14.161100 -53.220487 -182.481250
-14.096250 -53.437487 -182.450700
-14.025900 -53.652387 -182.422900
-13.960850 -53.879987 -182.388450
-13.890950 -54.106287 -182.348750
-13.829200 -54.334287 -182.316600
-13.770150 -54.547887 -182.289050
-13.718100 -54.761187 -182.258650
-13.669750 -54.965037 -182.221750
-13.621750 -55.163487 -182.181700
-13.573900 -55.364037 -182.150250
-13.530500 -55.566337 -182.124650
-13.484250 -55.764187 -182.102450
-13.432500 -55.957187 -182.089250
-13.392750 -56.150687 -182.089550
-13.350850 -56.327637 -182.099000
-13.316050 -56.504387 -182.110850
-13.275900 -56.663087 -182.115850
-13.246450 -56.820437 -182.133400
-13.214600 -56.955037 -182.143250
-12.908450 -57.044737 -182.060900
-12.879300 -57.163337 -182.064600
-12.864800 -57.284837 -182.075800
-12.844000 -57.385937 -182.074700
-12.829500 -57.487087 -182.076300
-12.807650 -57.578087 -182.050000
-12.787250 -57.676187 -182.013550
-13.056950 -57.813437 -182.066350
-13.336250 -57.980837 -182.145950
-13.267450 -58.036787 -182.098900
-13.253950 -58.168287 -182.109600
-13.177950 -58.207687 -182.030900
-13.144400 -58.335237 -182.032950
-13.083850 -58.376937 -181.935150
-13.350400 -58.516587 -181.977800
-13.307700 -58.588187 -181.918450
-13.264050 -58.657637 -181.871300
-13.223400 -58.727737 -181.838050
-13.175150 -58.792187 -181.796050
-13.126650 -58.864337 -181.763000
-13.071750 -58.928687 -181.733250
-13.021050 -58.997737 -181.714900
-12.962650 -59.057537 -181.690200
