21.691870 -15.421606 34.656386
21.678870 -15.412106 34.703386
21.684537 -15.411606 34.717386
21.571870 -14.846106 34.676886
21.523870 -14.503806 34.625186
21.622703 -14.703773 34.759719
21.719013 -14.720606 34.726529
21.868870 -14.852356 34.838636
22.006648 -14.889717 34.854497
22.177870 -14.961606 34.918086
22.329325 -14.992151 34.900113
22.456203 -15.046939 34.903636
22.550024 -15.065529 34.850924
22.636156 -15.127249 34.874100
22.695137 -15.164539 34.848986
22.745808 -15.221981 34.849386
22.757988 -15.272077 34.838092
22.751314 -15.344717 34.829108
22.727975 -15.410132 34.797439
22.700520 -15.494806 34.776136
22.706770 -15.605106 34.769386
22.685220 -15.728156 34.739336
22.634320 -15.871656 34.709036
22.592270 -16.145756 34.650486
22.558370 -16.446206 34.628236
22.477370 -16.615256 34.536836
22.410120 -16.840056 34.503986
22.292870 -17.031206 34.386836
22.255420 -17.202306 34.319686
22.198670 -17.326656 34.189536
22.141220 -17.494156 34.114636
22.082820 -17.635356 33.991686
22.029120 -17.810356 33.914386
21.970420 -17.938906 33.782836
21.920270 -18.095556 33.712986
21.875820 -18.223056 33.597536
21.862370 -18.372556 33.513136
21.868220 -18.475156 33.410136
21.876420 -18.587806 33.342236
21.878020 -18.666306 33.263286
21.887070 -18.724856 33.185686
21.891870 -18.757256 33.111686
21.870820 -18.783756 33.059636
21.839270 -18.780706 33.055986
21.749470 -18.776056 33.012686
21.655520 -18.762156 33.000486
21.492270 -18.723406 32.956586
21.330520 -18.673356 32.963936
21.079420 -18.681606 32.942736
20.805620 -18.708356 32.961936
20.515370 -18.711406 32.971786
20.226770 -18.710106 33.024736
19.937820 -18.707406 33.064236
19.641120 -18.723356 33.123936
19.319120 -18.716256 33.134736
19.001970 -18.725406 33.191186
18.674970 -18.717406 33.242436
18.326270 -18.724306 33.290336
17.976220 -18.730456 33.336636
17.610170 -18.730656 33.375236
17.241620 -18.737606 33.431836
16.879020 -18.749506 33.520286
16.547820 -18.756906 33.594536
16.214320 -18.772256 33.632786
15.886820 -18.765656 33.694986
15.584220 -18.781906 33.749536
15.316970 -18.813156 33.830086
15.074170 -18.836806 33.869586
14.831370 -18.845706 33.934736
14.587420 -18.874156 33.989086
14.331220 -18.759906 34.020086
14.069170 -18.661606 34.057136
13.823570 -18.677456 34.106586
13.568770 -18.677606 34.126086
13.348170 -18.678156 34.198586
13.122770 -18.697356 34.257436
12.887770 -18.693406 34.284486
12.648970 -18.696806 34.343436
12.406620 -18.684956 34.403736
12.186020 -18.713856 34.501936
11.969920 -18.704656 34.557186
11.761570 -18.715956 34.603386
11.549370 -18.701556 34.636536
11.375470 -18.717456 34.731786
11.187270 -18.698406 34.793586
11.007920 -18.702256 34.867236
10.808770 -18.686856 34.916186
10.600970 -18.684906 34.991486
10.371170 -18.674456 35.055236
10.170470 -18.672106 35.141336
9.959570 -18.779406 35.242186
9.760620 -18.893006 35.319686
9.532520 -18.874906 35.400086
9.323470 -18.882306 35.507636
9.076820 -18.889556 35.571236
8.826120 -18.877106 35.632386
8.570970 -18.876656 35.713136
8.337120 -18.876806 35.789586
8.105070 -18.882206 35.860336
7.871870 -18.861506 35.905686
7.637470 -18.869206 35.982136
7.416920 -18.869556 36.057486
7.216470 -18.904106 36.152136
6.981620 -18.890256 36.190986
6.804520 -18.927806 36.276886
6.587820 -18.923806 36.329686
6.418220 -18.951706 36.413086
6.221370 -18.940506 36.445536
6.074970 -18.954006 36.490336
5.903670 -18.946956 36.527136
5.761720 -18.972256 36.575386
5.604570 -18.986306 36.633036
5.423270 -18.873406 36.668186
5.231320 -18.740156 36.683736
5.078570 -18.779756 36.770536
4.887720 -18.781706 36.827036
4.729120 -18.811906 36.911686
4.549370 -18.827456 36.972186
4.379920 -18.855956 37.051836
4.188220 -18.871706 37.100836
4.008470 -18.904456 37.161836
3.804620 -18.915806 37.191586
3.603970 -18.914506 37.228636
3.426270 -18.932106 37.274086
3.234870 -18.939456 37.327286
3.038670 -18.952906 37.370736
2.832420 -18.943706 37.417436
2.674070 -18.964556 37.494836
2.478070 -18.973256 37.563936
2.308670 -19.149506 37.660586
2.068570 -19.154306 37.734236
1.850270 -19.183906 37.770586
1.630920 -19.319406 37.848886
1.437870 -19.479856 37.941186
1.224720 -19.453356 37.980936
1.053170 -19.477706 38.040736
0.829870 -19.455056 38.066436
0.668320 -19.482256 38.137036
0.474670 -19.453106 38.168086
0.319970 -19.469556 38.238186
0.130470 -19.445406 38.287036
-0.018130 -19.460506 38.366536
-0.196830 -19.435406 38.407436
-0.365130 -19.439956 38.487036
-0.543730 -19.416306 38.509636
-0.682880 -19.422756 38.576686
-0.862880 -19.406106 38.613286
-1.053230 -19.411606 38.679786
-1.265330 -19.394056 38.733286
-1.481980 -19.225606 38.768836
-1.648980 -19.206906 38.789636
-1.827080 -19.170006 38.870736
-1.974630 -19.156406 38.899136
-2.132930 -19.131056 38.917286
-2.286630 -19.127156 38.921086
-2.438330 -19.090956 38.939486
-2.566030 -19.074056 38.951536
-2.724630 -19.026056 38.939936
-2.835830 -19.029956 38.958436
-2.964580 -18.992006 38.949486
-3.054280 -18.991656 38.955536
-3.169130 -18.952706 38.942736
-3.241030 -18.968806 38.972536
-3.353230 -18.925506 38.950486
-3.432330 -18.921106 38.969086
-3.564030 -18.866056 38.954886
-3.651430 -18.864556 38.979886
-3.775680 -18.830106 38.969936
-3.838030 -18.675156 38.955086
-3.927980 -18.499706 38.923086
-3.993980 -18.343856 38.925286
-4.061980 -18.334606 38.921436
-4.132730 -18.178406 38.933036
-4.248330 -18.170206 38.979336
-4.355630 -18.170706 39.050986
-4.503380 -18.167406 39.092036
-4.621730 -18.179106 39.161886
-4.769630 -18.176206 39.215836
-4.922580 -18.177356 39.278586
-5.075880 -18.171456 39.338236
-5.227880 -18.158206 39.382036
-5.375980 -18.155706 39.437136
-5.534630 -18.131306 39.473236
-5.669630 -18.136806 39.537686
-5.835080 -18.099806 39.590036
-5.968830 -18.130906 39.668236
-6.134880 -18.105256 39.743336
-6.262180 -18.116756 39.806836
-6.449680 -18.248956 39.874636
-6.587930 -18.240906 39.931786
-6.737830 -18.218656 39.982286
-6.896180 -18.050806 40.023836
-7.049580 -18.029006 40.076836
-7.174630 -17.857606 40.107386
-7.354880 -17.825806 40.154136
-7.497880 -17.849306 40.225936
-7.671230 -17.833956 40.304736
-7.842980 -17.856756 40.371386
-8.060380 -17.848556 40.412286
-8.285180 -17.861856 40.514486
-8.535280 -17.859256 40.581086
-8.771980 -17.881756 40.678286
-9.029880 -17.886006 40.757036
-9.271680 -17.904106 40.862786
-9.520580 -17.932906 40.935386
-9.749530 -17.928556 41.014336
-9.981330 -17.947356 41.051536
-10.222230 -17.933306 41.132636
-10.453830 -17.966356 41.247236
-10.707630 -18.122006 41.350236
-10.939880 -18.295706 41.428786
-11.165230 -18.289606 41.494936
-11.418680 -18.481456 41.575036
-11.676380 -18.644256 41.671136
-11.893080 -18.685256 41.707086
-12.134730 -18.642606 41.745536
-12.351280 -18.676156 41.761336
-12.561930 -18.659206 41.819186
-12.746430 -18.663856 41.873086
-12.931430 -18.642456 41.889336
-13.098230 -18.662156 41.933536
-13.302430 -18.618206 41.966286
-13.438780 -18.439006 41.965036
-13.598180 -18.240556 41.940086
-13.740430 -18.058456 41.946336
-13.913130 -17.854556 41.938536
-14.069430 -17.663506 41.953586
-14.241980 -17.479556 41.949886
-14.399180 -17.272606 41.920586
-14.583030 -17.268856 41.944986
-14.781730 -17.259006 41.988986
-14.988180 -17.422656 42.041786
-15.163630 -17.389256 42.071386
-15.335580 -17.381406 42.085236
-15.501630 -17.345906 42.119436
-15.656680 -17.355506 42.152686
-15.824730 -17.320806 42.184886
-15.987180 -17.307956 42.205036
-16.158980 -17.505306 42.263386
-16.360130 -17.532606 42.277986
-16.587080 -17.517056 42.309286
-16.750230 -17.746606 42.334236
-16.972080 -18.128256 42.414486
-17.186730 -18.524556 42.482336
-17.380730 -18.523356 42.507336
-17.607380 -18.708306 42.561636
-17.827380 -18.892756 42.617286
-18.028880 -19.113806 42.662686
-18.251980 -19.292356 42.692386
-18.439230 -19.113156 42.675336
-18.688880 -19.117056 42.720136
-18.944280 -19.127656 42.754636
-19.212780 -19.140356 42.792936
-19.503730 -19.132206 42.828886
-19.796080 -19.156156 42.855986
-20.091080 -19.171606 42.921736
-20.399930 -19.204156 42.962336
-20.712730 -19.238406 43.028386
-21.015080 -19.056306 43.016586
-21.264930 -19.051306 43.074086
-21.497630 -19.085556 43.094986
-21.765680 -18.899506 43.138236
-22.036030 -18.731206 43.148886
-22.320680 -18.532806 43.185986
-22.621880 -18.759806 43.230586
-22.908530 -18.782606 43.277686
-23.221230 -18.841406 43.310586
-23.540980 -18.838556 43.386786
-23.846630 -18.906456 43.446436
-24.178480 -19.124756 43.530836
-24.445930 -19.173306 43.544736
-24.724780 -19.199706 43.584986
-24.981680 -19.280106 43.650086
-25.230130 -19.340556 43.687136
-25.475180 -19.372006 43.738986
-25.713530 -19.431856 43.770986
-25.954430 -19.465606 43.822536
-26.184030 -19.505756 43.851036
-26.426980 -19.550956 43.928586
-26.651930 -19.621206 43.961836
-26.903030 -19.633406 44.041036
-27.136530 -19.670706 44.046086
-27.361580 -19.707606 44.105086
-27.558830 -19.779156 44.133436
-27.780080 -19.796406 44.192886
-27.955580 -19.838756 44.213536
-28.117430 -19.848006 44.277586
-28.275630 -19.888456 44.278186
-28.433080 -19.901506 44.331186
-28.577280 -19.936456 44.343936
-28.734480 -19.972306 44.407436
-28.846980 -20.230506 44.451636
-28.979430 -20.209406 44.447586
-29.097280 -20.227506 44.470586
-29.215730 -20.248206 44.506636
-29.359830 -20.040556 44.472836
-29.491530 -19.841906 44.446836
-29.637230 -19.846756 44.437186
-29.766530 -19.869706 44.467786
-29.987580 -19.840156 44.460686
-30.163480 -19.867606 44.470436
-30.357130 -19.882356 44.484286
-30.538280 -19.894706 44.513286
-30.744630 -19.869606 44.496686
-30.920780 -19.877806 44.503186
-31.118280 -19.897856 44.525986
-31.301130 -19.928306 44.506686
-31.520780 -19.927006 44.505736
-31.716780 -19.928356 44.498936
-31.930030 -19.935556 44.537936
-32.110930 -19.924906 44.508336
-32.314780 -19.710056 44.484736
-32.510980 -19.721856 44.489086
-32.699780 -19.735256 44.495786
-32.890030 -19.746206 44.492036
-33.056680 -19.966156 44.540736
-33.223380 -20.183956 44.583986
-33.383830 -20.191106 44.604386
-33.545030 -20.179706 44.581836
-33.680980 -19.993306 44.569786
-33.847480 -19.768406 44.503336
-34.019830 -19.792456 44.539886
-34.242580 -19.776956 44.481536
-34.512380 -19.810856 44.501286
-34.785730 -19.818606 44.472486
-35.052830 -19.832656 44.446486
-35.347680 -19.811706 44.424636
-35.594080 -19.842756 44.429486
-35.888280 -19.848506 44.386286
-36.168380 -19.868256 44.352686
-36.472230 -19.868356 44.338636
-36.760280 -19.890056 44.341936
-37.089680 -19.894506 44.301786
-37.415730 -19.912806 44.291736
-37.764780 -19.901756 44.256536
-38.041830 -20.143306 44.275486
-38.337580 -20.139906 44.234936
-38.674030 -19.899956 44.145536
-39.051630 -19.894806 44.159236
-39.426980 -20.093306 44.188686
-39.854930 -20.296756 44.263186
-40.301030 -20.272306 44.268236
-40.712880 -20.260806 44.340836
-41.063530 -20.229106 44.348336
-41.468480 -20.219906 44.407136
-41.848230 -20.218156 44.426986
-42.231830 -20.223906 44.507336
-42.644080 -20.196156 44.512286
-43.033980 -20.202856 44.625036
-43.384130 -20.175556 44.686136
-43.746280 -20.169856 44.760836
-44.139030 -20.145856 44.821486
-44.490780 -20.140306 44.931736
-44.859230 -20.117856 44.991486
-45.213480 -20.127406 45.084486
-45.691630 -19.640406 45.053536
-46.180180 -19.658856 45.177036
-46.688680 -19.893756 45.283486
-47.110030 -19.936806 45.339086
-47.539080 -19.987756 45.423036
-47.847630 -20.097556 45.524536
-48.204680 -20.123306 45.542136
-48.523030 -20.207006 45.627436
-48.872230 -20.263856 45.720686
-49.151880 -20.326756 45.798686
-49.437480 -20.343806 45.894836
-49.701580 -20.380106 45.932736
-49.958780 -20.429956 46.039586
-50.216130 -20.467206 46.069586
-50.537630 -20.529706 46.137286
-50.847230 -20.592556 46.200036
-51.149980 -20.653206 46.264436
-51.454280 -20.712606 46.323336
-51.754230 -20.778256 46.403886
-52.050080 -20.838906 46.478636
-52.281880 -21.418756 46.676186
-52.482880 -21.734956 46.765886
-52.617830 -22.081456 46.931036
-52.818730 -22.377106 47.044186
-52.975630 -22.691706 47.164086
-53.202530 -22.945756 47.225286
-53.365530 -23.289706 47.389336
-53.578430 -23.323256 47.399736
-53.768680 -23.386006 47.452486
-53.987230 -23.441156 47.496986
-54.237680 -23.522456 47.547386
-54.500480 -23.601206 47.605536
-54.810180 -23.433506 47.590786
-55.127580 -23.275056 47.586936
-55.446530 -23.109556 47.575686
-55.818480 -23.207756 47.683236
-56.175130 -23.328806 47.789936
-56.556930 -23.419356 47.868736
-56.897680 -23.536456 47.977486
-57.232830 -23.651456 48.052186
-57.608580 -23.480506 48.072836
-57.985930 -23.056856 48.017336
-58.371580 -22.618356 47.961736
-58.742380 -22.481306 47.982586
-59.177380 -22.329506 48.015186
-59.582230 -22.212956 48.087036
-60.003080 -22.093206 48.129186
-60.422930 -22.253456 48.257786
-60.862680 -22.390956 48.379136
-61.281180 -22.543256 48.519886
-61.724780 -22.672606 48.613186
-62.138380 -22.815156 48.753186
-62.510380 -22.909206 48.855286
-62.872730 -23.294556 49.083886
-63.252930 -23.652706 49.259536
-63.550280 -23.773206 49.326336
-63.842130 -23.846406 49.375936
-64.105630 -23.949606 49.448886
-64.413080 -24.021656 49.486236
-64.718880 -24.096556 49.555686
-65.002380 -24.179956 49.630336
-65.284880 -24.526156 49.794486
-65.566480 -24.878156 49.945636
-65.839080 -24.934806 50.021086
-66.053930 -24.994356 50.073586
-66.286830 -25.026006 50.093636
-66.500230 -25.048106 50.124286
-66.702430 -25.060056 50.140536
-66.883780 -25.089106 50.155286
-67.087480 -25.103556 50.154436
-67.264630 -25.144856 50.212886
-67.460080 -25.171756 50.228336
-67.658180 -25.492956 50.350186
-67.865480 -25.518156 50.335586
-68.093730 -25.316906 50.304236
-68.367080 -25.100406 50.265486
-68.662480 -24.909606 50.242286
-68.973430 -24.725956 50.214186
-69.280330 -24.551856 50.194036
-69.602730 -24.382256 50.175636
-69.938330 -24.528106 50.284736
-70.280380 -24.365506 50.255536
-70.601980 -24.532106 50.361136
-70.958580 -24.381406 50.332086
-71.307930 -24.233256 50.322536
-71.618630 -24.361406 50.401936
-71.926330 -24.488256 50.491036
-72.242080 -24.617506 50.572386
-72.559280 -24.751056 50.661986
-72.879830 -24.887356 50.737336
-73.194180 -25.019056 50.807786
-73.505430 -25.151606 50.871336
-73.807330 -25.279356 50.943936
-74.100980 -25.401306 51.020536
-74.341980 -25.785606 51.174686
-74.574180 -26.161056 51.333836
-74.803030 -26.538506 51.493186
-75.015080 -26.912256 51.661236
-75.224830 -27.280206 51.809986
-75.422780 -27.644906 51.953486
-75.604380 -27.701456 51.955236
-75.787330 -28.067356 52.094286
-75.991630 -28.107406 52.096236
-76.161380 -28.473256 52.230736
-76.341080 -28.835656 52.342936
-76.553480 -28.923956 52.375136
-76.764730 -29.007906 52.399536
-76.969630 -29.085106 52.432936
-77.168780 -29.158906 52.464786
-77.356930 -29.230406 52.514086
-77.553130 -29.300706 52.568336
-77.749730 -29.370606 52.627536
-77.953830 -29.439956 52.679586
-78.156280 -29.515006 52.732136
-78.371430 -29.581256 52.771636
-78.627380 -29.370506 52.716136
-78.844380 -29.435356 52.746686
-79.059280 -29.505706 52.774486
-79.286880 -29.570756 52.808936
-79.513180 -29.640656 52.848636
-79.741180 -29.702406 52.880786
-79.954780 -29.761456 52.908336
-80.168080 -29.813506 52.938736
-80.371930 -29.861856 52.975636
-80.570380 -29.909856 53.015686
-80.770930 -29.957706 53.047136
-80.973230 -30.001106 53.072736
-81.171080 -30.047356 53.094936
-81.364080 -30.099106 53.108136
-81.557580 -30.138856 53.107836
-81.734530 -30.180756 53.098386
-81.911280 -30.215556 53.086536
-82.069980 -30.255706 53.081536
-82.227330 -30.285156 53.063986
-82.361930 -30.317006 53.054136
-82.451630 -30.623156 53.136486
-82.570230 -30.652306 53.132786
-82.691730 -30.666806 53.121586
-82.792830 -30.687606 53.122686
-82.893980 -30.702106 53.121086
-82.984980 -30.723956 53.147386
-83.083080 -30.744356 53.183836
-83.220330 -30.474656 53.131036
-83.387730 -30.195356 53.051436
-83.443680 -30.264156 53.098486
-83.575180 -30.277656 53.087786
-83.614580 -30.353656 53.166486
-83.742130 -30.387206 53.164436
-83.783830 -30.447756 53.262236
-83.923480 -30.181206 53.219586
-83.995080 -30.223906 53.278936
-84.064530 -30.267556 53.326086
-84.134630 -30.308206 53.359336
-84.199080 -30.356456 53.401336
-84.271230 -30.404956 53.434386
-84.335580 -30.459856 53.464136
-84.404630 -30.510556 53.482486
-84.464430 -30.568956 53.507186
