6.521244912773657 -10.514492146098092 3.2149706994930756 0.11674123534620039 0.02604972653098756 -0.14091837751007047
26.979365375912785 -43.55455843631391 13.326808010216777 0.4812657479842076 0.10620080837741193 -0.5845531292847104
53.66100580886356 -87.394893317178 26.696438525116413 0.9634573119245812 0.20621468634576395 -1.175199289476287
74.78487873460885 -123.58647790903707 37.58272119500873 1.365759365297346 0.27853299883484106 -1.666696237653426
87.58889422218338 -146.56613096423462 44.29449660040217 1.629638072137074 0.3147640256773528 -1.9818854673796011
93.70865286160529 -157.69168789113695 47.31725115339303 1.7668919797655576 0.3234667279762783 -2.134895631799205
95.24680627527694 -160.75695388527595 47.87990433896711 1.8165194786856333 0.31569809234593127 -2.17825844773744
93.75958594969595 -159.5352490040369 47.21359280975075 1.81786077101721 0.3031776057182797 -2.166712639893323
90.82547544351928 -156.56796828280176 46.0868324721894 1.7999369947098058 0.2984629211072691 -2.136552457436548
88.49342495675108 -152.25647507431444 44.59543698707559 1.8005961832505573 0.31480323814459765 -2.1016005625974716
88.11990208072869 -146.33100637992777 42.70360325311539 1.850600829889339 0.3553827838940663 -2.0653756295351426
88.56038781058115 -140.83882468937395 40.901682552597386 1.9125726575839104 0.3998316032666217 -2.037575619920437
88.11075668587567 -138.12903395398627 39.634122860213765 1.9328653925290404 0.4225964713742495 -2.02565655574844
86.60739436964079 -137.68054151303966 38.69046237988968 1.9237346921630525 0.41904199118709695 -2.0228299522704716
84.44883823906414 -137.74635085694538 37.698531938157274 1.9148758183850854 0.39861337128308233 -2.024698876860882
82.41994478864358 -137.53375138786282 36.59972199773389 1.9091228316518951 0.36673006488973914 -2.033991594947914
80.97065891074686 -136.87789018503403 35.44474044086646 1.9084573991562073 0.330204090787149 -2.0471844068188956
79.72685677710417 -135.7150634640346 34.17125007589936 1.9185376406651098 0.2939445100318393 -2.0569145581629598
78.223379162831 -134.32584297620565 32.78853531735911 1.9364611787214876 0.2540553236086928 -2.0606057628835406
76.38624486748071 -133.08802994527846 31.546366092631196 1.9540301908260087 0.2152311047246937 -2.062604697885026
74.48965411386374 -131.77149768650304 30.504753550445166 1.971930833185321 0.18961611951611557 -2.0667779401950273
72.83115360996408 -129.96665916286045 29.406651185666604 1.998450870561824 0.1777365600054297 -2.071718064887511
71.3200303565067 -128.1685396029689 28.246431362340275 2.0298046210550105 0.17008788174570796 -2.0744474149440433
69.61576941869144 -126.74061862067616 27.20621025111082 2.05810406486163 0.16290068944917208 -2.079061535529216
69.12586242727608 -124.5322547520212 26.20581242093437 1.7748798250859954 0.129241080476523 -1.8177839967672977
70.57792381615342 -121.55198562593206 25.22552154695039 1.139558726645367 0.06421713624350035 -1.2400284186440007
71.59732405278093 -119.79107500708716 24.65809527402049 0.854918204748249 0.034758797879565394 -0.9432858289053218
71.13491729934336 -119.49235889466638 24.704042400465795 1.1181109056203373 0.06425539312970523 -1.1013943306228902
70.06111957181241 -119.6067147083624 25.10159666539613 1.5445016081066232 0.11507062798354908 -1.4008343644827073
68.85559093222878 -119.72909178387393 25.583048096013187 1.9241618780735799 0.1629057753245074 -1.679107349198461
67.55135575275845 -119.50377559045162 26.222161819282277 2.177523023024123 0.21085080674706844 -1.878464357725913
65.68299871939989 -118.60357839887797 27.214220701289953 2.2979753363895505 0.2781922142700136 -2.0052686212070268
62.89939620929832 -117.00477187924224 28.403297313726654 2.317051221058111 0.37445508988059445 -2.0851840054817377
59.383654897601055 -114.83925379810697 29.564211879592037 2.280568088812509 0.49482002806010844 -2.1331821903594284
55.5416343024623 -112.41195566851576 30.700431341857303 2.2273467028254945 0.6202428448145367 -2.1537855073846766
51.524007813916086 -110.11875765078499 31.872551383189347 2.1786084694259795 0.7304471177027079 -2.1530747898677434
46.90473809468637 -107.63286651485066 33.19933903301647 2.141863944702178 0.8227992488767264 -2.133629597994866
41.30999841146475 -104.44838163032907 34.74814368027876 2.1162899975785265 0.903418770799639 -2.0949608694423527
34.726216754543294 -100.81956570335403 36.63883705791227 2.0947945314939047 0.9767044397109397 -2.0533535472035838
27.62629170419541 -97.19079666160599 38.91181139272296 2.0706825215877935 1.0468168207076713 -2.0238041974140035
21.31145559692971 -94.06221111985042 41.09002750043973 2.042842868219984 1.1119777972308993 -2.002567238710568
16.492440179508478 -91.70917846209232 42.77108992815981 2.0129042914553374 1.1701193203595446 -1.9856660647591053
12.611580303211767 -89.86098582217286 44.068743189584296 1.985405013166988 1.2236598644321899 -1.9745291515647618
8.94011538982581 -88.11140320313072 45.11273055661657 1.9581902535448403 1.273262662872944 -1.967739683061108
5.576812137981509 -86.34842142563096 45.64752539281764 1.9212042077355984 1.3165246072904773 -1.9567783499283604
3.054030900197269 -84.6777283697237 45.45636550936317 1.8875391541245017 1.341925106885256 -1.93967558776728
0.4331539769759689 -83.0310305736115 45.067848741059066 1.868161440031852 1.3444558008386227 -1.9373695500145467
-2.7630703692267846 -81.37295308494735 44.8304144340953 1.8564378113713096 1.332939478767029 -1.9551022304532357
-4.65934993942402 -79.82121971723245 44.13498984900665 1.8599035030227071 1.3123717347613324 -1.9628012762601612
-4.6808741703109895 -78.5163549303426 42.85557185974439 1.8764307724767852 1.2897790226712158 -1.95091499665575
-3.7883849109448606 -77.41312812989383 41.384114924281974 1.8935399419246033 1.2732210088013136 -1.9304994087571967
-2.5987735126916336 -76.28841209743325 39.91168574371919 1.9035228291475212 1.2669606781524334 -1.9086800115004183
-1.6730708485319457 -75.13547267313741 38.72412246549945 1.9057856420690444 1.2699539114005989 -1.8917955877024148
-1.1600593535397417 -74.0947152718031 37.79257536691527 1.9125090132916305 1.270965141641217 -1.8784817721817575
-0.7945480356754335 -73.23467984368908 36.88145806727305 1.9267019941860388 1.2652698358316459 -1.8665298415903824
-0.3065756515027226 -72.51616356210782 36.03119780854812 1.9423385620165807 1.258015877285954 -1.856366726728945
0.2741223361260784 -71.85488594790466 35.37507779498525 1.9564036934785038 1.2523196076752203 -1.8485098419826311
0.7566969913319902 -71.36455820414571 34.92810739244163 1.9652422878404405 1.2481479818351984 -1.8436057297512347
1.005529461395515 -71.21242557627271 34.62663823301526 1.9666602629116396 1.2444560104591291 -1.8421463745788746
1.0742078349366473 -71.28546660932693 34.43065198882696 1.9636387912840454 1.2406037904909337 -1.8441908102617255
1.10967705497166 -71.3461259312859 34.3286877678757 1.9606513330779012 1.2366339534379498 -1.8487502962089968
1.0590877378775696 -71.30420713212757 34.32057932914847 1.9600340503700728 1.2331139781744205 -1.854139532645977
0.9414849741671987 -71.22837209496576 34.36214605132666 1.96071269941541 1.2313888776163533 -1.8575643634909416
0.8718020676182499 -71.23150727278554 34.454354400055934 1.9541252746889322 1.2366040117279598 -1.8597650552318923
0.8174885001036192 -71.3187440705417 34.59524538509903 1.9417223309254141 1.2466855623670492 -1.8625704089444457
0.7918682794428578 -71.40537800221956 34.634958359161146 1.9406228007365303 1.2488199992127287 -1.8625640238307686
0.8453211932749143 -71.43928290855146 34.552165054032315 1.9511404067554698 1.242490095385151 -1.8588830657655726
0.7861706560238603 -71.45734689881826 34.526067110843066 1.9548255980222542 1.2407021221067172 -1.8559490363868347
0.486206995024832 -71.48226768709632 34.61635471768749 1.9470817228747102 1.2471432126347382 -1.8549551516460459
0.30197194799789073 -71.44447844418642 34.66606322858458 1.9418645292113155 1.2515474773471604 -1.8527752083748783
0.3266768459802257 -71.35448258224136 34.611452230085646 1.9441213468057943 1.2488882716920413 -1.8498472817086116
0.34730705267936757 -71.30756456131296 34.5189595430009 1.9480527088999815 1.2426357878567615 -1.848591722351643
0.4437441859610629 -71.32257977524782 34.4006809093121 1.9514922308951927 1.23494606381469 -1.8486398768177872
0.5384975840996005 -71.33493457645963 34.29709102935146 1.9554105551631993 1.2265014433824595 -1.8503913624476978
0.5646869528331713 -71.2943242742511 34.239326934508625 1.9593089151293455 1.2186793476712219 -1.8537841123222354
0.5856825305661166 -71.23906870355106 34.290161156495216 1.9537618414112576 1.2180428199744666 -1.86030078903539
0.5463368258809806 -71.22067690038875 34.45297111685441 1.937748953918069 1.22593440231775 -1.8701659814732294
0.518422882520901 -71.27084274454971 34.513503505033924 1.9268615972666971 1.2323403239092476 -1.876264689460977
0.5386404123387457 -71.38952171366206 34.4087800978581 1.9262371453489675 1.2329897956858205 -1.8761297511224115
0.4520139038361129 -71.50203667806667 34.36345333518014 1.925190676327678 1.2347714503001905 -1.8768944030358061
0.01531810167938144 -71.59072199257623 34.531474523577074 1.9145040565685387 1.2434850523581442 -1.8841350534308128
-0.4955046331550319 -71.65054811752884 34.69732539258818 1.9054257251867492 1.2492315180370404 -1.8918578293269022
-0.4979758633272729 -71.61242011559023 34.61895541202995 1.910688590803193 1.2431181524820982 -1.8915619361738232
-0.11579433888081037 -71.48406125721309 34.414972134051695 1.9212114055591116 1.2341918069809117 -1.8857052555838543
0.1948126648840579 -71.39677805648277 34.23810374772211 1.9280192870872386 1.228913157687595 -1.8797026143724276
0.30468465709900283 -71.41851223668061 34.10590186586469 1.930200240758949 1.2233492533684105 -1.875284214264711
0.4076914000643054 -71.45468763931592 34.01157901012749 1.9280200390146953 1.2139762689513083 -1.8719123328804916
0.4750127642409775 -71.50144873374018 33.94991873585056 1.9231536033602497 1.202706651099525 -1.8683019337400362
0.2925257937980819 -71.64181757459211 33.91850185425661 1.9167957241618425 1.192899713919481 -1.8654278253646126
0.03416663113917573 -71.8106767093691 33.89551920985897 1.9100757950743867 1.1863632251251794 -1.86486563317921
-0.016586398935536872 -71.87318281157826 33.860997818939595 1.9041004812892768 1.1847284495055863 -1.8655800847299715
0.1945594501035691 -71.80829893293287 33.81163903650718 1.898773544136895 1.1878614171582238 -1.865789718174249
0.41733490542873986 -71.72159065277951 33.75527028982279 1.892074489773098 1.191636526438721 -1.8658248617517055
0.369949056476256 -71.70230494190275 33.7045664892359 1.881532163352953 1.191745959602701 -1.8674381800252178
0.14757237151958033 -71.73717521906512 33.66329803475351 1.8693864131788605 1.188507190109992 -1.870905165917001
0.011762199844843252 -71.80212697153034 33.648633177988245 1.8584651043212346 1.1853315370095219 -1.8757348776382154
0.05035546155205643 -71.93897943933978 33.668335220580055 1.848837457861308 1.1842927845060667 -1.8813391097744696
0.19803795982059755 -72.14666606869783 33.68640622505078 1.842653661184002 1.1847437062211432 -1.8851804392784057
0.3991183684358822 -72.31961825788632 33.68961352329883 1.8413053434674302 1.1861619846824776 -1.8859585557295493
0.48115008949840843 -72.45619390921897 33.6965593292246 1.842619257431612 1.187894565638497 -1.884808122745488
0.3417483997304436 -72.61812982099667 33.70727725018053 1.8445232957858446 1.1889877379350429 -1.882419356177197
0.28235432459553844 -72.6620301231979 33.722646281648494 1.8485674277699662 1.189772925077786 -1.8795460655675615
0.40800525446505875 -72.50225976209725 33.74399638791289 1.8573703782864968 1.1894836510634303 -1.8767966819791742
0.36528159306139146 -72.35675162557587 33.839748930615634 1.86166817045066 1.191957526710705 -1.8756884722871647
0.006012968555362569 -72.34791219520503 34.106032937340984 1.850278266206443 1.2033190350387206 -1.8793964873703661
-0.38742965575813537 -72.34942625423646 34.36080446578742 1.8384313253588556 1.2126654230781309 -1.8851783604979335
-0.5707955620278005 -72.27502149606812 34.37137833350978 1.8471198845846013 1.2046891418317303 -1.8860935713090416
-0.610673500091043 -72.14922046105443 34.2272766877868 1.8718304723513772 1.1832847399550503 -1.8815721403808074
-0.6532677686026683 -72.02258424792895 34.09787821645021 1.8984401412152065 1.1612262059418443 -1.8740417109598848
-0.6939869412142187 -71.92319191362854 34.041379842935946 1.9201023894370766 1.1461216259174034 -1.8637623522727356
-0.6717844865728207 -71.8489450894879 34.04917046022144 1.9358727607305894 1.138489104545526 -1.8523113560832725
-0.785444981231049 -71.85973924962524 34.093837846458214 1.9453316634575877 1.1359656320746767 -1.8421045572794328
-1.3055118357141609 -71.98781335090713 34.29528500257498 1.9421402839500035 1.142640473509128 -1.837050586161848
-1.9586397965606344 -72.09665561945286 34.730185527038664 1.9304781866470053 1.1573513965081146 -1.8382793074519106
-2.309968327466045 -72.08933082896012 35.171360234130816 1.929455229457939 1.1653075074309864 -1.8386132592747715
-2.5267983670572614 -72.02633721790797 35.540673294759124 1.934972947169943 1.167634014138896 -1.836608795679081
-2.996148992632559 -72.07505138446145 35.974635508932344 1.9237438016751964 1.1795059012015874 -1.8388479585890067
-3.7470882336515676 -72.22052930187607 36.47018454229581 1.8984219503693396 1.1987587415885974 -1.8462686141040041
-4.505092552518466 -72.22846604371898 36.93518396720546 1.878090032335009 1.2146363122221437 -1.8542861625471327
-5.065796537108859 -72.07505468598443 37.2429496009953 1.8741652116550398 1.219755101559306 -1.8571991049007575
-5.460715944549144 -71.85606399052946 37.40752753157854 1.8835864930592274 1.2162324075710416 -1.8536642757622275
-5.871652717618293 -71.62535963958138 37.60953856852453 1.8892399663106105 1.216893109777617 -1.8493630293924213
-6.373179153033373 -71.47116402262245 37.79641530036434 1.8920581718952603 1.2186997437095672 -1.8450642616913042
-6.826871169224927 -71.43308607585415 37.80848861890631 1.903818808014055 1.2117790280657992 -1.8351833937544706
-7.224986051113289 -71.46296293088022 37.70564418481092 1.9203486301713504 1.2004340359658745 -1.8204165129016916
-7.8513997042749235 -71.50614043287186 37.701095450570406 1.9280899329710706 1.1952906794052458 -1.810104980124854
-8.853397962951098 -71.53468255472558 37.94574396751615 1.9192240500679612 1.2035220894056058 -1.8099680012178698
-10.013822019821879 -71.53692451788814 38.37240078632045 1.9019434155924866 1.2202712842244718 -1.8162912331130552
-11.161041123687623 -71.52512731444477 38.8464187913766 1.8853771961011936 1.2375837207325295 -1.8244009339917817
-12.149727141148688 -71.47711370768948 39.272095552387896 1.87129342507329 1.2532480595711064 -1.8307607742506988
-12.87443376126534 -71.35086339796483 39.59161660973035 1.861288244146989 1.2658423633097566 -1.8330171670844653
-13.31819500712518 -71.15722015284032 39.70609345791689 1.8643891928213683 1.2674847953826132 -1.8282121700366085
-13.591494781752692 -70.98659720797188 39.62299573208698 1.880137270500436 1.2572189549580266 -1.8182251212364426
-13.965566616221707 -70.93676102289743 39.54866972990857 1.8890558527905639 1.2500568520685422 -1.8110533230659052
-14.361503749941363 -71.00662313769035 39.564880571099735 1.882678394482022 1.253095989678998 -1.8090662431629267
-14.601798429543539 -71.1037690399085 39.563575067212554 1.875872559532374 1.2554901975249448 -1.807253773569852
-14.769494743912567 -71.11228361548906 39.4839132810698 1.8820244317911503 1.24875803275322 -1.802427419846706
-14.859652639825008 -71.00490259912155 39.387287921891556 1.8973069448286917 1.2373918682305178 -1.7961418718615847
-14.956915081695463 -70.88255405712775 39.343784214503756 1.9111659774844658 1.2296648831364136 -1.7887411873646974
-15.298126815055696 -70.83789081943831 39.37340447152711 1.9171947190361538 1.2286986534446216 -1.7806569975197324
-15.93149314044987 -70.86257441970713 39.465812973484645 1.9169348117192342 1.2309887927949332 -1.775017979755655
-16.74847815275963 -70.8842369520462 39.65129459974055 1.9100130001732198 1.2367031480601103 -1.776186823787127
-17.67624880100582 -70.83991071282527 39.93328070426146 1.8980981250429738 1.2460531713381435 -1.7815796837024533
-18.720133949706593 -70.75868076331284 40.252833358149594 1.8865382638913648 1.2538082994236068 -1.7866905616874016
-19.68846097277003 -70.682683501351 40.52002889758944 1.8787874598617575 1.2553786419730677 -1.7920275642852577
-20.475457331870142 -70.64987061611107 40.68637271819637 1.8754942295925776 1.252689896870745 -1.7953348776870897
-21.137812472450708 -70.66113569126668 40.78508439593777 1.8750132241553557 1.2510742472481942 -1.7931656636207707
-21.56675066027182 -70.66894351636469 40.83429966916875 1.876979982907304 1.25115936742721 -1.7857568605667273
-21.781315776449233 -70.65849518326843 40.87069546894114 1.8791671754655428 1.2530786645061163 -1.7747600217422632
-22.295439371314423 -70.61371917109133 41.0087841514454 1.8798602919605374 1.2567529751384217 -1.7632818214036405
-23.44320042570112 -70.5816436648267 41.2826865485643 1.8784590498701867 1.259500117312875 -1.7544900905017413
-24.578703297119084 -70.60335189137908 41.54555013897178 1.8758921660960008 1.2585314808960182 -1.748470742825172
-25.112881969874923 -70.63438176210943 41.684216845342256 1.875040194505377 1.2529241924348025 -1.7454273525248696
-25.504515563335666 -70.65216819018933 41.76965304767414 1.8760705832743956 1.2447231349262693 -1.74551703042989
-26.315696558066485 -70.67018825215014 41.89891197222258 1.876554596279162 1.2365226870562527 -1.7469126885229067
-27.388778318455735 -70.67811920671369 42.062207681075236 1.8767825610639313 1.2282302856514804 -1.748427548552355
-28.578689143834502 -70.65789408074083 42.248887718021294 1.8783368594052028 1.219309593226914 -1.7514821839011208
-29.92180452866825 -70.66975834613909 42.45861375515034 1.8774327262621076 1.2135576304441482 -1.7555094882167759
-31.172481616202774 -70.78872693930361 42.65137087181577 1.8711153890120564 1.2148141417486658 -1.757301296212981
-32.02583844560826 -70.98911910005108 42.790389127707115 1.8636411982979348 1.2204819573342112 -1.756538452798602
-32.441577125938984 -71.20237377466475 42.86418490408689 1.8585803646054875 1.2259387476729882 -1.7549453737126643
-32.69323808456861 -71.34991708825547 42.91953887774663 1.8558156281695717 1.230242349520614 -1.752582128110487
-33.14154452185692 -71.40611304343909 43.019125270020204 1.8532082335088305 1.2359616945424414 -1.746712245150639
-33.77357641254762 -71.3735798248462 43.14482793620013 1.8520836565047165 1.2420048381071727 -1.7375541400075623
-34.16885045486244 -71.23879360972332 43.205056479211976 1.8574931148256257 1.2419740318177186 -1.7293487969540429
-34.207152264495356 -71.10435526687446 43.16201550250994 1.8656041293516656 1.2367865586426037 -1.7221703295355972
-34.501603269006125 -71.12757930296823 43.148752888236054 1.8668804393120748 1.2329574810742634 -1.7170590962385797
-35.53179728433565 -71.3552008882699 43.28780603516206 1.8594385165053882 1.2309804662703392 -1.718244865131273
-36.93146192080273 -71.64137331847623 43.52491666974414 1.8482141485744235 1.2301761739897907 -1.7240271982602213
-38.17690054421618 -71.82766774767775 43.7420798561786 1.8393997712531391 1.230027618962425 -1.7293425857684932
-39.022041340722545 -71.90418888559562 43.848508997752056 1.8368930580157476 1.2291919635476665 -1.7302477106332976
-39.33268977017229 -71.87355323564435 43.8377237656461 1.8402229482760066 1.228923647037019 -1.7255702805940598
-39.44272484835575 -71.83362575418188 43.77645358303033 1.8459232804300318 1.2291576402604005 -1.7178999864258628
-39.88546091407163 -71.88596889067693 43.76167665119409 1.8487899216982069 1.2305124423709166 -1.7103932367823362
-40.50057397098897 -71.91730625647416 43.851908927415266 1.8465944205864133 1.2351509492246837 -1.7052835105453876
-41.20343536851608 -71.90225625859136 44.04129884865957 1.8381723288491014 1.243273119584946 -1.7013444634956647
-42.09621948854694 -71.90811355620828 44.279390617201116 1.824822380533484 1.2519069089015344 -1.6939989995068596
-42.9091372875168 -71.93817121970007 44.48482047447238 1.8135886612733974 1.2558311844438788 -1.6837539803228907
-43.19900469486473 -71.89009152522092 44.58298657092213 1.8114820652066561 1.2540467216474576 -1.6697848108748283
-42.92422036920384 -71.70150053850207 44.66067077943813 1.81448462661917 1.2537336287721181 -1.6516404124884456
-43.06432221448456 -71.55019722976661 44.97566182908461 1.808570108853862 1.2629471941754327 -1.641009722297036
-43.453713526885466 -71.33228213068875 45.416573857244884 1.8002566402086793 1.2759186340446553 -1.6346018731018601
-42.78364353122748 -70.8198727959307 45.616929450875475 1.8056589614710592 1.2818180808353448 -1.6165932462154466
-41.86117792587655 -70.30900574445754 45.661935833180934 1.8156090604869362 1.2815296869430122 -1.598490605532008
-42.32913261069076 -70.21256949763743 45.83977655561301 1.8132465301096827 1.2808143451164256 -1.6001646434554975
-43.57490728895448 -70.34755798778957 46.081427654320805 1.805352063865365 1.2796116367728358 -1.6104648064487361
-44.64357888640967 -70.4218785515605 46.24725613490287 1.8033001656812773 1.276086386037051 -1.6139863297006602
-46.000447610757504 -70.62146593083267 46.40225318619329 1.799560974972703 1.272871768710758 -1.618307430516278
-47.155037074583966 -70.81483718242757 46.50827838973413 1.796176348934408 1.2712731902733565 -1.621574738933056
-47.408723990997046 -70.70107015042387 46.53361485388811 1.7998404598531899 1.271000300153951 -1.6166427118382314
-47.557514993141965 -70.50709701056275 46.61024997154847 1.8005585528430883 1.2732704459282784 -1.6137588904524431
-47.87011211341052 -70.34411783132197 46.73910669921004 1.7974013569556133 1.2768855625650575 -1.6132000359697367
-47.8511346313149 -70.01926059287325 46.85703498692938 1.7982891785038033 1.280547549685604 -1.6044835048019004
-47.35241945448445 -69.5537993941383 46.95260687640389 1.8024918242738652 1.2834521108915298 -1.5881901534209488
-47.07141105937971 -69.3350550625274 47.044762515048106 1.8025129309856283 1.2838644464944136 -1.5754665253092623
-47.59114552913384 -69.4367149607215 47.19220964126769 1.7966474380156114 1.2845700246362268 -1.5708652319112604
-48.045654976942956 -69.41678211128786 47.301413479363646 1.7968215466380064 1.2868065098550723 -1.5621039272695079
-48.50713037981417 -69.37146310249022 47.34259453670389 1.8026213481931936 1.287584056563821 -1.5511403078991188
-49.99008701902984 -69.71319185266339 47.45180800473143 1.7998195266171053 1.2878878745110798 -1.5550916719211623
-52.08488164430712 -70.28281504751905 47.645844218902056 1.7873604691349283 1.2910878317056667 -1.5713739147674457
-54.052952683465506 -70.69635933272973 47.9074948209626 1.7740674877378648 1.2987060071597574 -1.5863917303826507
-55.67711917682067 -70.85685516825231 48.24014953611608 1.7625960955147213 1.3105807730852517 -1.595568357263223
-56.88563068431557 -70.80397750600902 48.58168739710325 1.7538922897592062 1.322864925470125 -1.5982092178569236
-57.85964786127579 -70.62482866073127 48.89611741381262 1.7484879595966456 1.3310360835677137 -1.596966680521413
-58.66440783347443 -70.38605919915452 49.18507230987969 1.743751875305241 1.3345159320721196 -1.5966563532947649
-59.02253550269981 -70.00094056804345 49.378979302762026 1.7443467621583308 1.3315632513139404 -1.5953722197563878
-59.14528702515257 -69.57063573229436 49.45750582474786 1.7503826699551976 1.3234085814452952 -1.5904385940850205
-59.38115506662238 -69.23253745523729 49.49995905813235 1.754648732700067 1.31582509240845 -1.5835317555438344
-59.757663478573164 -68.96973362812808 49.58664583611669 1.7543020277691936 1.3118155954518835 -1.5800680315812703
-60.36285059514307 -68.83363345194294 49.71826687999489 1.749835255520721 1.3102494605102883 -1.5806165255758762
-60.95665163030786 -68.80672804244755 49.83156734043058 1.7421268433759733 1.3113983901823838 -1.5786177619687556
-61.48170635978498 -68.83955044161863 49.9381767275193 1.7311722732778005 1.3169692708462986 -1.5747424257566496
-62.18442021062034 -68.9326857709521 50.05893598356158 1.720569005981932 1.3236664141729624 -1.5734030124707217
-62.86277848317992 -68.99814807040057 50.145749636167054 1.7152956918545432 1.3276013100926205 -1.5713132022060647
-63.69422699637434 -68.99263827002613 50.24899962988468 1.7138131639945917 1.329502575055184 -1.5682393855462462
-65.03701369142398 -68.9868410699465 50.43681242213441 1.7109945622828662 1.33130224405661 -1.5689549162760708
-66.48291756262486 -68.93605763419185 50.610957439372925 1.7099486205547794 1.33106105190011 -1.5684622989967072
-67.93192888861412 -68.75096497524322 50.768627519866556 1.714002056463846 1.3294899757397116 -1.5633817599591755
-69.49154785684453 -68.46350214210538 50.99267653880859 1.718231761406171 1.3317146095146954 -1.5589741107116155
-70.87406402459665 -68.19748495409087 51.21795665943841 1.7200686412688935 1.3369655888828214 -1.5559678008595825
-71.93723558267628 -68.07515129869243 51.357956478589486 1.7204460230765934 1.3412303908545509 -1.551598889427824
-72.40595089885976 -68.01871365327047 51.39333930952594 1.722024105382972 1.3439433699729129 -1.5437458425792316
-72.24159086262182 -67.91332164246128 51.374226955521756 1.725879434479747 1.347222224258195 -1.5340204548030298
-72.12880885978183 -67.8504079042507 51.38188199128852 1.7276492496245561 1.3528041776112603 -1.5283996076819357
-72.41804288155716 -67.88556999099954 51.41728154314086 1.7257707594076093 1.3595873336397704 -1.5274208459675367
-72.78178159335906 -67.89584860596322 51.45211754081254 1.722768475333538 1.3664027864657244 -1.5275474198457286
-73.12804459112581 -67.79681480082988 51.51689717941159 1.7190226657663588 1.374360160480443 -1.527192382302825
-73.72712140995905 -67.65567894745135 51.64291249464832 1.7139463032484894 1.3835663844200576 -1.525747252255848
-75.00540554883425 -67.50554331145953 51.88804960632785 1.7081129035901128 1.3918125690589291 -1.5258389335623421
-77.34541403388319 -67.30572019539645 52.32904322420232 1.7015301437277586 1.397644803723066 -1.5297812971429374
-79.86192317532776 -67.05981499425164 52.80710812800328 1.695499847680811 1.3997898612181983 -1.5329446310660257
-81.38722547408832 -66.81222144669475 53.10643553031669 1.6913530818394191 1.3982218614563147 -1.531768576928397
-81.96290681831744 -66.58542832457331 53.26217026312687 1.6873810676449492 1.397058739545141 -1.5291617808985243
-81.12997702854742 -66.37387142436296 53.168428068934006 1.69336942663114 1.3883499890060236 -1.5194047737340763
-80.27312825359115 -66.33252955059474 53.03948794173792 1.7086250339535787 1.3709244057370231 -1.5086188426663543
-82.04739350442082 -66.5129653783741 53.42966986694822 1.7089171797321057 1.3680583711278174 -1.5182855256903736
-85.6203614008296 -66.66146690378423 54.195373047297025 1.693234263892561 1.3824084588711716 -1.5425865901162545
-89.00996490852695 -66.6336525630205 54.90522891576278 1.676782990502168 1.3985854436250649 -1.5625074114471436
-90.83256840509668 -66.45718941181244 55.29520212627409 1.6649181758582305 1.4103621613024808 -1.5704838821341671
-91.30193924209563 -66.27584769845437 55.42247172210787 1.656884576831027 1.4171024979343163 -1.5718943140946546
-91.89574674173996 -66.24675029496966 55.52590500138245 1.6502337937706522 1.4202874736721616 -1.573753921486622
-92.98203832651191 -66.3436024203515 55.69926674242589 1.6437395427721633 1.422441334522979 -1.5776249888344893
-94.15399441702743 -66.38217684663987 55.95157155073332 1.63850812001438 1.425409965201323 -1.5838724289036565
-94.74913365462308 -66.17098148331732 56.091341419545415 1.6414330802558292 1.4253191604296167 -1.5833220088514186
-94.79118709131579 -65.75882060062122 56.05515780493842 1.6525359350014777 1.419920969805823 -1.5721598036408428
-94.90397891551346 -65.39359514838286 56.03698218125733 1.6600119849840178 1.4148601820537872 -1.5617533515890476
-95.7652386580611 -65.19247406450529 56.24654558104734 1.6563300941582337 1.4164644598938994 -1.561516994892716
-97.40440098121428 -65.07355447292345 56.65180487679922 1.647404878664964 1.4223377232243748 -1.568999138795466
-98.87745007806652 -64.93781930632582 56.979433521643514 1.641936890263494 1.426526689461945 -1.574357166905871
-99.39961069495403 -64.6864624197754 57.104219981871665 1.641112099312338 1.4294797094570453 -1.5707261976969633
-99.04184873259953 -64.3880118553005 57.107605206763765 1.640162450993342 1.432037906736594 -1.5627332655905215
-98.74083854122699 -64.28002968451055 57.13754273421412 1.6348666774683052 1.432517428692566 -1.5604275392401292
-98.9656348606896 -64.26242382509437 57.221604322102266 1.631757834978892 1.429097580131553 -1.5621800171352715
-99.62466019265759 -64.1179995371389 57.333327604049465 1.6364202170738107 1.4225422657538513 -1.5625413188012853
-100.32431514890484 -63.8578870425835 57.459339200320784 1.6416843990981937 1.4168666534364933 -1.562180076862331
-100.40790461943428 -63.491447424466884 57.54082040518164 1.6427548964472296 1.4132378899889557 -1.5616477371954225
-100.4783203398647 -63.10320303448184 57.6710739398993 1.640824569920103 1.4118318116802666 -1.5628502281329562
-100.76051753667751 -62.75282153368191 57.854006552407526 1.639706932236654 1.411105580414464 -1.566416226106756
-101.06547132745045 -62.452824759567704 58.04598749948789 1.6412162958251293 1.408776702605652 -1.5713579601861987
-102.00024232371808 -62.2460299950795 58.34028641846977 1.6414970871902235 1.4076357920490368 -1.5752079333261073
-102.82211042571805 -61.933271147404525 58.603700815792095 1.6418387450793617 1.4095039586229776 -1.5718886927504467
-101.32249612525757 -61.258274124734626 58.462884067166364 1.6564825555738194 1.4022256053148947 -1.5491156514667352
-97.52105717560805 -60.41465123689716 57.92723538033847 1.6836164538328888 1.3814921148662722 -1.513480318067732
-95.221111774669 -59.87938263239556 57.62500075502017 1.696219148564411 1.36861430608768 -1.496626584731209
-96.092067249816 -59.663670398876846 57.79767525544127 1.691497611605218 1.3709671419643645 -1.500152459554019
-98.65642473405202 -59.58791153761541 58.187161927653605 1.6831190611174156 1.3772455458789516 -1.5077372313361859
-101.61137574327051 -59.6814577072834 58.64969286015749 1.6705524121939825 1.3837427084523575 -1.519301736254183
-103.41956266690126 -59.77410316491436 58.99539224210746 1.6569721373586859 1.3899347982175718 -1.530373341604379
-103.83920494914292 -59.76858424569474 59.12036932046149 1.6485768212254281 1.3927784387345423 -1.5355196135465081
-104.31028030209289 -59.763470582939405 59.238628453237226 1.6424664052820743 1.393342200833326 -1.5414676575214874
-105.53558235289805 -59.71685242002904 59.531607663290856 1.6356350806494793 1.3950738030368197 -1.554719877896555
-106.97721636496523 -59.58937220973946 59.936598793460306 1.6285517646549086 1.398610471476204 -1.5739809931480258
-107.81274852219664 -59.43947505162413 60.27961724481436 1.6211275363647548 1.4030690313213041 -1.5933996725059396
-107.10443996610525 -59.286828111495716 60.322646435754294 1.613915003471015 1.4066378605094152 -1.60419555717222
-104.86656987365257 -59.1400230140284 60.02679172151039 1.606924536670203 1.407186876793967 -1.604721155128587
-102.33025251426338 -58.99000611228404 59.64276123233046 1.5996195198395784 1.4047690810349849 -1.6027659389992106
-100.42735506051261 -58.797600429884945 59.37756559406452 1.592739282746388 1.40191998953913 -1.6043799021367322
-99.23538676297775 -58.60882026697888 59.25481145368999 1.586208175438872 1.4003058093277778 -1.6099746717905767
-98.56556635896828 -58.47983020756475 59.24281411509354 1.5788466810982 1.401426365196399 -1.6164230851138175
-97.98764775051905 -58.29324566748575 59.210103764510464 1.5752537265161801 1.4040937687454793 -1.6169647357565207
-97.10420265425425 -57.99616350619653 59.07481358034168 1.5776215794342991 1.405403071406294 -1.611274115663174
-96.35030176467615 -57.77068802838757 59.00472294219419 1.5782732275153748 1.4063401754838625 -1.609997741847855
-95.67706681360613 -57.57580622563516 59.01266666698551 1.5757580998987473 1.409014929681842 -1.6143529735007696
-94.45779998295718 -57.2350278674959 58.877254269888354 1.577543925918039 1.4110311138342744 -1.6140236043869767
-92.99574901251061 -56.824563267423684 58.54679770489852 1.5874846985125128 1.4080884680954002 -1.6052058666629574
-91.63676651812742 -56.41481459697156 58.151436314557245 1.602199297075287 1.4016227543525623 -1.5917802038269047
-90.3520743678834 -55.97406163490746 57.80276758246033 1.6163108883750539 1.3960165695295172 -1.576984012994163
-89.74797272932862 -55.54712580060198 57.72221346105334 1.621019474994846 1.3979016378796094 -1.5689583862308016
-90.24886858414982 -55.23576912997248 58.07587047931953 1.6093192714459625 1.4115184451697957 -1.5769614993396148
-91.08336099064837 -55.0064865922882 58.62024021812823 1.5887045470275352 1.4306016283229046 -1.5936583525775534
-91.68026160093805 -54.73930986385291 59.08867064564803 1.5701742472690556 1.4479299255126712 -1.6072536928098762
-92.31466033107577 -54.50591440481796 59.43735564676976 1.5566999887920185 1.4602729654738345 -1.6163907892769966
-92.89160030798004 -54.39596816696961 59.549192556705876 1.5512547878001413 1.464165885540699 -1.6163590742734566
-93.11391144675105 -54.30897890766223 59.45681263842556 1.5531171959348096 1.46236352232689 -1.607219216629041
-92.97266717161007 -54.10410607510401 59.44527899039965 1.5548797341706009 1.4630666794888358 -1.6037926979723989
-92.63707772408526 -53.813722944381674 59.55560531606396 1.5545618657018003 1.4667963645834234 -1.6097844954344604
-92.60411251791672 -53.61199023008422 59.71027760514247 1.5514456169101134 1.4717883592442003 -1.6172367924375965
-93.12680354615219 -53.54626737014691 59.90623154648887 1.544692795127001 1.4776480937571717 -1.6230984210107733
-94.34859915511197 -53.60186800637926 60.159456478829625 1.53685515809068 1.4794710031232876 -1.6316548530665862
-96.37675965715188 -53.81579210785611 60.506373822470024 1.528766041841167 1.4745896852825537 -1.647527735656518
-98.38389849942747 -54.089060569438544 60.93073285725497 1.516807434194857 1.4693161955849874 -1.6677303873426768
-99.03271207656935 -54.19008294909369 61.18044536461724 1.5036631333901957 1.4670578014604927 -1.6790139170277079
-98.17616865230293 -53.96590318651424 61.04541054303837 1.4996147790454328 1.464512006541681 -1.6730263760452524
-96.82412075237423 -53.46752131543016 60.815497139574376 1.5020143593622421 1.463494706767059 -1.6631758762626059
-95.84583505493181 -52.96613732926741 60.826206803952815 1.4998749209996394 1.4665437630995868 -1.6622383252245125
-95.97870589909655 -52.68527555314337 61.108530920268905 1.4917890660963757 1.4714212904512718 -1.6687638769498596
-97.21690252273706 -52.564079539581726 61.45154928614366 1.4856089984778205 1.4737034557323185 -1.6762282273189855
-98.76441488394863 -52.47649873312562 61.72927993729539 1.482658080002595 1.4748585967547116 -1.6805815638941848
-99.60920690259701 -52.28790709805688 61.975913202298216 1.4780603783025863 1.4815385857276717 -1.6827395915688454
-99.05408760137969 -51.904738773334905 62.12676656431195 1.4723600199094693 1.4945561075097284 -1.6827749103627614
-97.80362978717817 -51.480664513253565 62.16261454540738 1.4671830599032503 1.509154918213454 -1.679575252284958
-96.8293168763792 -51.17989312683759 62.119436998874136 1.4630395134229057 1.5204134630047432 -1.67376324085828
-96.36313994826239 -51.00493186623471 61.982284804793196 1.4613365502626934 1.5257174939187068 -1.6654644759848352
-96.52208512444383 -50.86338436839961 61.79962574860244 1.4641975775713472 1.525814842089955 -1.6548230993478903
-97.19494420780038 -50.65593627985039 61.67464309440338 1.4717220696080808 1.5238831087412765 -1.6442266952379412
-97.87819959536489 -50.453771764987025 61.63230829689075 1.4780324949356243 1.5223283703174764 -1.637585967445967
-98.2635771756969 -50.40781936452616 61.69597850797456 1.4755084826446137 1.5227602949106882 -1.6390757617995757
-98.27160160692463 -50.508738807041134 61.82945674708613 1.4649920115035506 1.5248659487762182 -1.6476150027439198
-97.98635378556162 -50.569053120671455 61.878785445687576 1.455475145694697 1.526053707038794 -1.65482258916371
-97.83887256673063 -50.4664858280571 61.852244793984326 1.4515801080379989 1.5256099539527028 -1.6570285646261471
-97.8620330156061 -50.2814537823327 61.90026022341919 1.4485005460701017 1.525839229722787 -1.6600105199853865
-97.69574581390759 -50.124292051630135 61.9084142424296 1.4454748208517327 1.5237839104729107 -1.6618628177460568
-97.27560490171584 -50.04802454754855 61.62256772648368 1.4484228288376113 1.5121476857458895 -1.6545847081924951
-96.82354495363326 -50.007063345176945 61.10745306635435 1.4574836860194271 1.4943497457218493 -1.6383254252196453
-96.6627608270073 -49.86628175394971 60.749054049885984 1.4653087751042597 1.4820362904646773 -1.6236242757988162
-97.18179653132194 -49.63285929350006 60.7726902507667 1.4675202100422733 1.4785181578454543 -1.61863376318378
-98.59200669801749 -49.37941120672086 61.04815108419086 1.4674232654838935 1.479681638037682 -1.6183600999428664
-100.26520141096614 -49.02740913182221 61.47467381391349 1.4665081633565276 1.4855828037176027 -1.6215405161207046
-101.39955892902253 -48.70637659047187 61.84357337991098 1.46612040473039 1.48900114364131 -1.6290834988073795
-101.81107634124373 -48.643352974635675 61.87366410636775 1.4690265724492257 1.481204674706 -1.6336008696770676
-101.4600741356484 -48.71310248826667 61.61304949887027 1.4737008397810603 1.4698875256266917 -1.6300220756654573
-100.62791484147479 -48.75896041914163 61.43384215418618 1.4724603517255859 1.4679521793228458 -1.625772206856726
-99.79747276355322 -48.760775452953396 61.49151803083136 1.4640310883498002 1.476160073684272 -1.6259350204841863
-99.36118456771135 -48.761925604226136 61.49980865286493 1.4596882448129413 1.4807569853307911 -1.6241059538286264
-99.49692500155476 -48.694398566696066 61.486209651823216 1.460987794128795 1.4804264613687095 -1.621387754348577
-100.0037655436059 -48.43657545006447 61.642203167225446 1.4613473356677593 1.4843022677651838 -1.6209216125774861
-100.68151125796646 -48.051856204965176 61.87563744934178 1.4605886259348528 1.4912018659075337 -1.619512987151357
-101.30546259582253 -47.55574602271213 62.111778148943664 1.4611956029390152 1.4995166539972988 -1.6163027996143602
-101.63408946448487 -47.074094598074716 62.336725311416906 1.4618574783909715 1.5081810976756937 -1.6151127313881917
-101.48799915975763 -46.77603290366354 62.457451483749665 1.4608083496037416 1.513237649182575 -1.6161214008689584
-100.86565260977068 -46.58722991654435 62.37093791630579 1.460482728104902 1.512921197838215 -1.6130355031460153
-100.23539936918559 -46.45459384137054 62.31052745310157 1.4577223498810503 1.5129780158941635 -1.6107229750837364
-100.03175895420841 -46.33702628613197 62.57131478554973 1.4475422422493112 1.5201567025696643 -1.6177066220203393
-100.31048509683109 -46.14684265009818 63.00116159339307 1.4357321840121755 1.5302834488969204 -1.6278425553366527
-100.81595337739378 -45.87102157525992 63.23031893337513 1.4328402615187943 1.5339211745854797 -1.6293567982204975
-101.19487404245744 -45.562865512827315 63.05758477531039 1.442924545964487 1.5279082754056423 -1.6156465209218576
-101.5246535154912 -45.32377546836686 62.64995347728032 1.459377324300207 1.517622360638498 -1.592226553209434
-101.84864970741398 -45.1705254175712 62.26068057608333 1.4749364630990205 1.508953452227359 -1.5687532251748186
-102.37584576143777 -45.12929960534831 62.06975241720477 1.48625683532413 1.5021684186249247 -1.556130823506072
-103.47559149900437 -45.23084272440807 62.26910731868408 1.487721224708284 1.5005778047337128 -1.5635941326036158
-104.53262878320984 -45.318278459006784 62.79909667433775 1.4768709291043556 1.5110553768682475 -1.5834927033967554
-104.93435563785542 -45.295297359442145 63.345268897872884 1.4612148055136038 1.5288942514636856 -1.601687477752713
-104.91985244317931 -45.18560051552568 63.7091848709083 1.4498838314642093 1.5445604307795944 -1.6115769270600113
-104.75197001355622 -45.031442967584255 63.91340368990622 1.444091167134899 1.5557654306239823 -1.6145649864838854
-104.68712197596955 -44.908931563612754 63.91147083297679 1.4444133928768554 1.55943135630947 -1.609428436177724
-104.90919063058493 -44.8818484355491 63.71483454294619 1.4484419714357988 1.555498602280156 -1.5978756911215322
-105.48387438142018 -44.897156827111225 63.59836308949692 1.4494566099894586 1.5518546482138202 -1.591480667111386
-105.91327179169 -44.91893830451038 63.40366046830756 1.4521412431286294 1.5467128667529653 -1.584694604093462
-105.39950738363868 -45.00776122406843 62.80854873738678 1.4611093047814814 1.5355189974945185 -1.5650472604813295
-104.36635888881152 -45.049143175020276 62.21041520891514 1.4688459070740119 1.5272097619577294 -1.5434767000000988
-103.65973915936982 -44.9557184514798 62.090798385114255 1.467875687950119 1.529781388087768 -1.5374672678631076
-103.7024046732992 -44.791579023003564 62.357136620415794 1.4608385583318682 1.53980296941649 -1.5435099002947235
-104.536435676331 -44.566645448699546 62.65099152035441 1.4575346873016457 1.5483155136817524 -1.5457757884388799
-105.57485996902244 -44.31703950690935 62.79912478341994 1.460916281823304 1.5510995245743553 -1.5412619401939538
-106.18789884992555 -44.13909159971783 62.80574916627928 1.4662559288325423 1.5507038927289156 -1.5345054968413558
-106.48119990944447 -44.09978131259673 62.71223830926155 1.4702274521931078 1.5500374926854006 -1.5242348445633802
-106.6796576802486 -44.1348525715929 62.58806795384114 1.473233572189185 1.5495026386133164 -1.5120900133076818
-106.59160781972217 -44.1611532724056 62.472539843914774 1.4757252476886111 1.5489165744411089 -1.5043862646266817
-106.1924811936408 -44.21753423100857 62.33889217566883 1.4774132557724604 1.5472772026856259 -1.5013178943285206
-105.69637729730526 -44.31313744622622 62.193592940073884 1.4786196211476175 1.5443127090505242 -1.5004468591836773
-105.47243366014294 -44.41867491664036 62.24966427373616 1.4749918132888804 1.5452254371912244 -1.5070479027212471
-105.53888381664902 -44.512839162743305 62.57249985086972 1.465580046044448 1.5515155024951768 -1.5232109933474596
-105.3879514523567 -44.542424510599936 62.85393892679332 1.4589353422521167 1.5564904703442877 -1.5382941243255832
-104.49576183038039 -44.578590827637385 62.74900806026986 1.460162597200527 1.552909948920587 -1.5433456743737675
-103.25427892645831 -44.71110849102932 62.41239818734308 1.462853953516539 1.5445263802702374 -1.5437678831318002
-102.94595028232911 -44.81003889083249 62.32537454920274 1.4609358068990574 1.5428394606847848 -1.5449193536629882
-103.72525988285864 -44.81022510555327 62.41698266707105 1.4587085827251034 1.5463794856926079 -1.5395630533914955
-104.9041421699489 -44.78706469719184 62.46072662063241 1.458380546349189 1.5497502849624574 -1.525071563477185
-105.62171628082157 -44.76101286040654 62.33552461210061 1.4612625334300442 1.549449883350665 -1.505893420013155
-105.30947025518553 -44.789736133269514 62.01865651164323 1.4658736891401598 1.5444424508477552 -1.4898338564218196
-104.88581530926243 -44.89128727577253 61.851398850334235 1.4649911625381584 1.5423823833801582 -1.4848389479845467
-105.01606220790549 -44.96088067187621 61.92032195965753 1.4608925972169935 1.544887301032971 -1.4864631745985961
-105.16684047925158 -44.89872745491145 61.982165376573086 1.461778784735774 1.545837450373079 -1.4872625099975503
-104.97502943754554 -44.71644538483379 61.94950951538221 1.469033043582137 1.5429306836569954 -1.4877250775254305
-104.57706021957513 -44.585923493096466 61.82608496294948 1.4779422971958454 1.536987759135867 -1.4894481997872084
-104.18630731888942 -44.556832575076555 61.738587066694656 1.4827367925190527 1.5324634946887006 -1.4961577642261892
-104.1162554822366 -44.442118234003814 61.950163574586654 1.4804834937040159 1.536608029538563 -1.5117060463680607
-104.39967258610599 -44.20160035996107 62.40044385709133 1.4741265267417862 1.5478985873075946 -1.5299873996765798
-104.55499797012902 -43.97089160128246 62.714411358158884 1.4703223896857858 1.5566517748463204 -1.539411287055875
-104.393840381051 -43.896098685441615 62.75640371861026 1.4704682416822608 1.558282068067896 -1.538217855092266
-104.09031230463543 -44.051969344399495 62.63630999949068 1.4710880087544151 1.5547742208508653 -1.5334974753921078
-103.78149431441815 -44.280187903827496 62.41411843368363 1.4730263504246537 1.5481874100822925 -1.525246332467028
-103.62731875175646 -44.38725444920048 62.179142908817454 1.4775013754231154 1.5395686742284125 -1.5124892188015
-103.54814884162639 -44.33893738750946 61.95028629476484 1.4845607287930345 1.5282285264191682 -1.496715837595523
-103.46806075350652 -44.15399720070066 61.72596711125219 1.4937029920400642 1.5161774308432328 -1.478866080046377
-103.77470269612014 -43.97338816834322 61.73368520697392 1.4959545997719161 1.5103596328907933 -1.4717873284895777
-104.97639070202027 -44.071580683581615 62.235088580347956 1.4793448700389702 1.5151870179254538 -1.4904708272491616
-106.63886884664453 -44.37775405267378 62.92719442013104 1.4549059090554457 1.5257024905202021 -1.517608397234853
-107.85825421062661 -44.51546681457336 63.246862593295894 1.4470004140081727 1.5308318343652765 -1.529242844847459
-108.29094197280533 -44.45345226697695 63.29043884810524 1.451802969584405 1.5308640306508257 -1.535682609091051
-107.94754577736549 -44.32054760933518 63.29013674488665 1.4554009865464357 1.534589189395312 -1.5403002307908515
-107.08598038373843 -44.154899871277024 63.206316444493666 1.4572379590744742 1.5419907815825185 -1.5354991489735763
-106.58048087890853 -44.12979329404678 63.29855498371748 1.4511236414825763 1.5509776923319147 -1.5376091479471743
-107.04924925738885 -44.30310821413549 63.666882343758935 1.4369537026691142 1.5590803778932554 -1.5538212319251015
-107.48272866729744 -44.427291371748176 63.81656388832059 1.4306332206869325 1.560315584019045 -1.562571101202201
-107.20549485388852 -44.287985682029856 63.59406420821479 1.4376346044359314 1.5560925075069014 -1.5540807477571104
-106.60985761514274 -43.961703125175035 63.27035063366358 1.449073591648867 1.552049600691653 -1.5376154827928326
-106.44200970180464 -43.756804212348285 63.05276780857699 1.4564081464484038 1.548017043789483 -1.5244582571477097
-106.72392850464163 -43.811916494570795 63.01589999981793 1.4564492108623388 1.5430117643661723 -1.5245770542051698
-106.72533280080847 -43.97878957981419 62.941288536437256 1.4550519996532232 1.5356254273923207 -1.5301330217107005
-107.02923691695445 -44.08098412676364 62.894557095277 1.455371039619905 1.5304032311129574 -1.5329779503711896
-108.02131280858336 -44.01497661953142 63.139541244861846 1.4533240394872076 1.5366210478012916 -1.5372569816649253
-108.96637753549929 -43.830890315144885 63.53255483316683 1.449522423564138 1.550455175422331 -1.5437222028305935
-109.47252163478775 -43.62701184514849 63.84334478921298 1.447469237969612 1.5616209151489684 -1.551411386138481
-110.13840328389666 -43.60644738804116 64.11907117410686 1.443925517159356 1.565225984172463 -1.5639997009403457
-111.01384379427935 -43.921999129447684 64.24917090210019 1.4378186199514942 1.5603676869244048 -1.5732419592860443
-110.91435670043487 -44.32209698837391 63.885541322279195 1.4378803590548632 1.5503788755502654 -1.5596898012574483
-109.91458428237772 -44.49736745658879 63.32455941223782 1.4443004624778175 1.543488126361079 -1.536019023323795
-109.17951546904047 -44.42318433024292 63.046982051663306 1.450805426132081 1.5436554050061941 -1.5231060312362903
-108.91369646239976 -44.24181152449539 62.98851579296226 1.4566879623844793 1.5465666212175249 -1.5190815757703762
-108.49745224546677 -44.04046554147861 62.95741701884393 1.462571793675624 1.5473780676958289 -1.5207925883142848
-107.67496953066544 -43.86845312858919 62.84410361614549 1.4680994106985032 1.544968690061991 -1.5217646647524083
-106.8683242911829 -43.80697173187349 62.67612777416099 1.4708340743643886 1.5412363899296442 -1.5192886885242407
-106.34092653454205 -43.905280958606795 62.479470390716855 1.4708530446808457 1.5354456478979865 -1.517671182332332
-105.86001203195333 -44.05505648317299 62.2492880920873 1.4719881990371189 1.527639571806109 -1.516685533188542
-105.3054588674856 -44.137839632595366 62.12179287529449 1.4725371961199971 1.5237209809849874 -1.5171262159208503
-104.66974251085 -44.22590771591638 62.13306127219339 1.467673692147149 1.5260572167550992 -1.519617108672093
-104.25946114914986 -44.27808868307901 62.198313893186544 1.4623553349938376 1.5304210996426537 -1.519631123132998
-104.65772933270762 -44.13881382105116 62.3719829982286 1.4627740055753207 1.5349726387237936 -1.5177643248418395
-105.65823048628539 -43.85284837692117 62.72304237172112 1.4644836162418264 1.5421133664702729 -1.5219206231646527
-106.44915368825238 -43.65652022133038 63.05589655085288 1.462792848725992 1.5496516249744747 -1.530292727799015
-106.69083027237855 -43.68071651262336 63.09900069230889 1.4608613329998072 1.5514654863842496 -1.5307167254205494
-107.00980921841591 -43.91348548068152 62.90775595619584 1.4620898811016265 1.54504067725574 -1.523307137865336
