18.882000 43.871763 -205.590000
19.767000 43.047763 -205.156000
18.993000 43.876763 -205.200000
19.513000 42.967763 -205.309000
19.119000 43.491763 -205.378000
19.726000 42.398763 -205.439000
19.096000 43.114763 -205.257000
19.946000 41.518763 -204.993000
19.459000 41.901763 -205.061000
20.123000 40.694763 -204.882000
20.008000 41.092763 -205.188000
20.794000 39.701763 -205.015000
20.638000 40.363763 -205.360000
21.427000 39.735763 -205.427000
21.257000 39.968763 -205.253000
21.543000 39.108763 -205.179000
21.527000 39.293763 -205.259000
21.877000 38.475763 -205.213000
21.607000 38.598763 -205.205000
21.681000 38.102763 -205.430000
22.029000 37.848763 -205.088000
21.943000 37.790763 -205.425000
22.258000 37.991763 -205.262000
22.150000 38.131763 -205.024000
22.187000 37.864763 -205.136000
22.067000 37.439763 -204.863000
22.421000 37.395763 -204.931000
22.148000 37.106763 -204.828000
22.325000 36.968763 -204.608000
22.159000 36.875763 -204.840000
22.687000 36.111763 -204.554000
22.275000 36.363763 -204.904000
22.644000 36.076763 -204.778000
22.270000 36.204763 -204.901000
22.952000 35.654763 -204.718000
22.479000 35.764763 -204.784000
23.340000 34.936763 -204.419000
22.399000 35.364763 -204.712000
23.137000 34.787763 -204.451000
22.604000 35.138763 -204.529000
23.496000 34.247763 -204.575000
22.733000 34.438763 -204.577000
23.241000 33.576763 -204.549000
22.551000 34.215763 -204.524000
23.353000 33.328763 -204.263000
22.567000 33.790763 -204.485000
23.337000 33.018763 -204.260000
22.731000 33.845763 -204.107000
23.341000 33.023763 -204.310000
22.771000 33.635763 -204.470000
23.511000 32.990763 -204.137000
22.635000 33.562763 -204.148000
23.460000 32.360763 -204.470000
22.840000 33.019763 -204.425000
23.300000 32.261763 -204.484000
23.183000 32.874763 -204.500000
23.581000 31.874763 -204.290000
23.194000 32.326763 -204.377000
23.465000 31.094763 -204.313000
23.189000 31.600763 -204.090000
23.982000 30.914763 -204.603000
23.659000 31.188763 -204.070000
23.013000 30.726763 -204.430000
23.347000 30.525763 -203.924000
24.242000 29.864763 -203.737000
23.039000 30.245763 -203.889000
24.099000 29.484763 -203.665000
22.948000 29.868763 -204.039000
24.161000 29.096763 -203.787000
22.958000 29.824763 -203.594000
24.135000 29.097763 -203.370000
23.349000 29.229763 -203.686000
24.513000 28.639763 -203.622000
23.183000 29.003763 -203.995000
23.428000 28.527763 -203.079000
24.368000 28.721763 -203.667000
23.469000 28.613763 -203.998000
24.293000 28.285763 -203.789000
23.577000 28.433763 -203.848000
24.587000 28.065763 -203.499000
24.045000 28.232763 -203.707000
24.533000 27.625763 -203.832000
24.124000 27.978763 -204.129000
24.962000 27.172763 -203.469000
24.381000 27.544763 -203.722000
24.720000 26.687763 -203.740000
24.401000 27.190763 -203.831000
24.697000 26.115763 -203.458000
24.221000 26.658763 -203.298000
24.569000 25.723763 -202.995000
24.340000 26.211763 -202.946000
24.301000 25.404763 -202.783000
24.597000 25.855763 -202.872000
23.933000 25.050763 -202.602000
24.269000 25.987763 -202.664000
24.105000 24.918763 -202.730000
24.543000 25.658763 -202.597000
24.092000 24.691763 -202.633000
24.238000 25.406763 -202.755000
24.238000 25.405763 -202.600000
24.359000 25.235763 -202.599000
24.096000 24.384763 -202.374000
24.873000 25.109763 -202.293000
24.303000 24.143763 -202.208000
24.998000 24.596763 -202.161000
24.318000 23.780763 -202.445000
25.052000 24.133763 -202.067000
24.590000 23.079763 -202.256000
24.417000 24.133763 -201.242000
24.952000 23.552763 -202.256000
24.798000 22.831763 -201.976000
24.612000 23.665763 -202.220000
24.933000 22.653763 -201.674000
24.805000 23.582763 -202.012000
24.902000 21.996763 -201.825000
25.576000 22.858763 -201.701000
24.587000 21.746763 -201.408000
25.600000 22.550763 -201.508000
24.580000 21.708763 -201.561000
25.567000 22.377763 -201.811000
24.618000 21.008763 -202.384000
25.803000 20.991763 -202.148000
24.687000 20.914763 -201.083000
25.798000 21.038763 -201.316000
24.735000 20.893763 -201.752000
25.493000 20.898763 -201.346000
25.821000 20.725763 -201.409000
25.307000 20.261763 -202.196000
24.830000 20.560763 -201.328000
25.447000 20.087763 -201.478000
25.923000 19.996763 -200.927000
25.476000 19.558763 -201.382000
25.720000 20.080763 -200.257000
26.360000 18.861763 -200.618000
25.714000 19.456763 -200.717000
25.838000 18.978763 -201.145000
26.224000 19.443763 -200.890000
25.957000 18.482763 -201.356000
25.742000 19.315763 -200.947000
26.524000 18.452763 -201.474000
26.133000 19.263763 -200.670000
26.418000 18.021763 -200.892000
26.289000 19.020763 -201.850000
26.596000 18.090763 -201.230000
26.449000 18.785763 -201.017000
26.659000 17.798763 -201.103000
26.325000 17.686763 -201.312000
26.441000 18.088763 -201.506000
26.144000 18.162763 -201.424000
27.033000 17.167763 -201.087000
26.434000 18.522763 -201.369000
27.095000 16.550763 -200.414000
26.186000 18.189763 -201.372000
27.202000 16.107763 -200.427000
26.374000 17.619763 -201.269000
27.196000 16.491763 -200.430000
26.298000 17.178763 -200.948000
27.149000 16.034763 -200.832000
26.380000 16.687763 -201.396000
27.037000 16.027763 -200.402000
26.683000 15.888763 -200.424000
27.344000 15.228763 -200.168000
26.976000 14.928763 -200.520000
27.090000 15.352763 -200.333000
26.522000 14.735763 -200.406000
27.145000 14.994763 -200.276000
27.318000 14.272763 -200.711000
27.275000 14.907763 -200.051000
26.926000 14.050763 -200.361000
27.069000 14.352763 -199.591000
27.289000 13.131763 -199.477000
26.905000 13.842763 -200.249000
26.997000 13.195763 -200.027000
26.863000 14.228763 -200.081000
27.524000 12.633763 -199.829000
27.128000 13.328763 -200.108000
27.685000 12.070763 -199.743000
27.318000 13.090763 -199.593000
27.891000 11.795763 -199.703000
27.187000 12.962763 -200.415000
27.983000 11.499763 -199.624000
27.500000 12.363763 -199.900000
28.147000 11.187763 -199.683000
26.938000 12.191763 -200.169000
27.848000 10.524763 -199.372000
27.348000 11.610763 -199.685000
27.708000 10.322763 -199.913000
27.726000 9.922763 -199.365000
27.742000 11.207763 -199.032000
27.209000 10.061763 -200.047000
28.267000 8.601763 -198.463000
27.659000 9.604763 -198.301000
28.315000 8.343763 -197.347000
27.800000 9.358763 -198.861000
28.060000 7.746763 -197.990000
27.800000 7.845763 -198.712000
28.042000 8.062763 -198.740000
27.937000 7.636763 -198.582000
27.917000 7.562763 -198.082000
28.126000 7.300763 -198.382000
28.024000 7.445763 -197.897000
28.430000 6.115763 -197.866000
27.890000 6.651763 -197.528000
28.079000 5.333763 -197.574000
27.922000 6.260763 -197.260000
28.083000 4.376763 -197.236000
27.834000 5.633763 -197.275000
28.404000 3.938763 -196.904000
27.953000 4.639763 -197.028000
28.652000 2.945763 -196.856000
28.047000 4.415763 -197.299000
28.642000 2.738763 -196.863000
27.879000 4.128763 -197.483000
28.863000 2.077763 -196.490000
28.320000 3.614763 -196.727000
28.533000 1.607763 -196.287000
28.127000 3.235763 -197.025000
27.911000 1.492763 -196.732000
28.051000 2.746763 -197.077000
28.794000 0.639763 -196.069000
27.978000 2.094763 -197.104000
28.633000 0.727763 -196.478000
28.687000 1.600763 -196.481000
29.193000 -0.038237 -196.387000
28.534000 1.071763 -197.202000
28.775000 -0.131237 -196.510000
28.749000 0.382763 -196.368000
28.873000 -0.785237 -196.248000
27.795000 -0.397237 -196.181000
29.194000 -0.148237 -196.355000
28.518000 -0.695237 -196.912000
28.856000 -0.464237 -195.570000
29.386000 -1.521237 -196.338000
28.493000 -0.767237 -196.443000
27.995000 -1.560237 -196.087000
29.243000 -1.547237 -196.063000
28.395000 -1.901237 -195.644000
28.994000 -1.572237 -196.539000
27.989000 -2.432237 -195.875000
28.445000 -1.550237 -195.529000
28.333000 -2.677237 -195.713000
29.116000 -1.843237 -195.989000
28.818000 -2.757237 -195.978000
28.859000 -1.872237 -196.378000
27.838000 -2.332237 -196.053000
28.794000 -2.550237 -195.736000
28.787000 -2.847237 -195.906000
29.125000 -3.145237 -195.499000
29.107000 -3.400237 -195.518000
29.024000 -3.588237 -196.154000
29.136000 -3.735237 -195.803000
28.434000 -3.867237 -195.739000
29.217000 -3.831237 -195.668000
27.962000 -3.624237 -196.221000
28.563000 -4.218237 -195.467000
28.110000 -4.613237 -196.106000
28.966000 -4.443237 -195.490000
28.693000 -6.031237 -195.163000
28.458000 -4.629237 -195.388000
28.280000 -6.397237 -194.712000
28.392000 -5.323237 -195.371000
29.128000 -6.742237 -195.181000
28.855000 -5.504237 -195.751000
29.117000 -7.032237 -195.327000
28.811000 -6.502237 -195.389000
29.017000 -7.788237 -194.633000
28.612000 -7.233237 -195.061000
28.807000 -8.299237 -194.731000
28.448000 -7.521237 -195.539000
28.964000 -9.032237 -193.828000
29.478000 -9.138237 -195.038000
29.832000 -9.703237 -195.678000
28.243000 -9.349237 -195.879000
28.930000 -10.148237 -193.429000
28.685000 -10.139237 -195.280000
29.988000 -10.729237 -194.250000
28.551000 -10.318237 -195.333000
28.361000 -11.253237 -193.861000
28.912000 -11.022237 -194.925000
28.264000 -11.295237 -194.454000
28.277000 -11.332237 -193.901000
28.248000 -11.688237 -194.312000
28.960000 -11.842237 -193.746000
28.529000 -12.231237 -194.601000
28.358000 -12.424237 -193.880000
28.439000 -12.611237 -194.588000
29.453000 -12.786237 -192.832000
28.343000 -12.567237 -194.356000
29.093000 -13.190237 -192.828000
27.900000 -13.066237 -194.508000
28.785000 -13.578237 -192.480000
27.517000 -13.724237 -194.113000
28.616000 -14.330237 -192.299000
27.154000 -14.435237 -195.276000
28.899000 -14.624237 -191.951000
27.845000 -15.115237 -194.004000
28.887000 -15.928237 -191.926000
27.801000 -15.523237 -193.482000
28.579000 -16.643237 -191.878000
27.275000 -16.364237 -194.485000
28.068000 -17.448237 -192.004000
27.564000 -16.831237 -192.722000
28.050000 -17.731237 -191.421000
27.306000 -17.487237 -191.873000
27.953000 -18.515237 -191.713000
27.783000 -18.392237 -192.085000
28.075000 -18.984237 -192.094000
28.186000 -18.833237 -192.150000
27.002000 -19.646237 -192.130000
28.490000 -19.541237 -191.151000
27.655000 -19.769237 -192.224000
27.056000 -20.386237 -188.958000
25.694000 -21.248237 -190.763000
27.758000 -22.199237 -191.205000
28.120000 -20.532237 -190.814000
27.402000 -22.777237 -191.787000
27.942000 -20.999237 -190.843000
28.103000 -23.124237 -191.442000
27.968000 -21.466237 -190.460000
27.684000 -23.621237 -191.651000
27.651000 -22.403237 -190.486000
27.626000 -23.888237 -191.460000
28.889000 -21.044237 -191.449000
27.996000 -24.916237 -191.291000
28.899000 -21.765237 -191.447000
27.851000 -25.630237 -191.697000
27.996000 -25.186237 -189.432000
27.706000 -26.777237 -190.895000
27.572000 -26.270237 -189.745000
27.979000 -27.403237 -191.100000
27.752000 -27.584237 -189.682000
27.595000 -28.479237 -191.096000
27.804000 -28.689237 -189.969000
27.710000 -28.585237 -190.901000
27.821000 -29.166237 -189.964000
27.986000 -29.249237 -190.712000
27.588000 -29.714237 -189.907000
27.856000 -29.223237 -190.879000
28.928000 -27.732237 -191.251000
28.109000 -29.610237 -190.310000
27.813000 -31.168237 -190.655000
28.074000 -30.081237 -190.385000
27.780000 -31.854237 -190.607000
28.121000 -30.750237 -190.054000
27.958000 -32.655237 -190.305000
27.852000 -31.005237 -190.188000
27.533000 -33.040237 -190.609000
27.775000 -31.364237 -190.023000
27.552000 -33.419237 -190.695000
28.051000 -31.751237 -189.734000
27.833000 -34.160237 -190.542000
27.742000 -32.134237 -189.962000
27.402000 -34.441237 -190.703000
27.631000 -32.782237 -189.312000
27.173000 -34.964237 -190.691000
27.046000 -32.801237 -189.695000
27.175000 -34.969237 -190.262000
28.755000 -31.804237 -191.053000
26.974000 -36.129237 -190.369000
26.974000 -34.641237 -188.760000
26.465000 -36.917237 -189.866000
26.727000 -35.449237 -188.492000
26.333000 -37.559237 -189.234000
26.118000 -36.628237 -187.997000
25.762000 -38.659237 -188.601000
25.582000 -38.307237 -186.834000
25.515000 -39.838237 -187.151000
24.825000 -38.499237 -186.630000
24.404000 -40.893237 -187.717000
24.558000 -40.182237 -185.661000
24.210000 -41.169237 -186.122000
24.125000 -41.613237 -185.207000
23.973000 -41.674237 -185.787000
23.800000 -42.320237 -184.825000
23.434000 -42.719237 -184.835000
23.001000 -43.577237 -184.557000
23.056000 -42.701237 -184.906000
22.768000 -44.370237 -184.146000
22.668000 -43.818237 -183.752000
22.167000 -45.472237 -183.495000
22.325000 -44.635237 -183.042000
21.606000 -46.666237 -182.947000
22.052000 -45.433237 -182.583000
21.412000 -47.674237 -182.687000
21.685000 -46.216237 -182.789000
20.956000 -48.255237 -183.005000
21.541000 -46.371237 -182.240000
20.529000 -48.588237 -182.396000
21.096000 -47.196237 -181.853000
20.110000 -49.483237 -181.890000
20.792000 -47.583237 -181.524000
20.040000 -50.291237 -181.581000
20.259000 -48.396237 -181.113000
19.634000 -50.172237 -181.832000
20.267000 -49.297237 -181.023000
20.195000 -50.605237 -181.169000
19.947000 -50.508237 -180.819000
19.455000 -51.731237 -180.789000
19.618000 -51.067237 -180.333000
19.901000 -52.178237 -180.080000
19.672000 -52.345237 -180.143000
19.342000 -52.503237 -179.648000
19.054000 -52.279237 -179.863000
18.813000 -51.952237 -179.835000
18.320000 -52.803237 -179.748000
18.651000 -51.998237 -179.466000
17.938000 -53.116237 -179.824000
18.540000 -52.887237 -178.974000
17.661000 -53.109237 -179.812000
18.264000 -52.823237 -178.874000
20.255000 -50.970237 -181.258000
17.976000 -53.799237 -178.113000
