18.464870 -62.413606 29.607386
17.640870 -63.298606 30.041386
18.469870 -62.524606 29.997386
17.560870 -63.044606 29.888386
18.084870 -62.650606 29.819386
16.991870 -63.257606 29.758386
17.707870 -62.627606 29.940386
16.111870 -63.477606 30.204386
16.494870 -62.990606 30.136386
15.287870 -63.654606 30.315386
15.685870 -63.539606 30.009386
14.294870 -64.325606 30.182386
14.956870 -64.169606 29.837386
14.328870 -64.958606 29.770386
14.561870 -64.788606 29.944386
13.701870 -65.074606 30.018386
13.886870 -65.058606 29.938386
13.068870 -65.408606 29.984386
13.191870 -65.138606 29.992386
12.695870 -65.212606 29.767386
12.441870 -65.560606 30.109386
12.383870 -65.474606 29.772386
12.584870 -65.789606 29.935386
12.724870 -65.681606 30.173386
12.457870 -65.718606 30.061386
12.032870 -65.598606 30.334386
11.988870 -65.952606 30.266386
11.699870 -65.679606 30.369386
11.561870 -65.856606 30.589386
11.468870 -65.690606 30.357386
10.704870 -66.218606 30.643386
10.956870 -65.806606 30.293386
10.669870 -66.175606 30.419386
10.797870 -65.801606 30.296386
10.247870 -66.483606 30.479386
10.357870 -66.010606 30.413386
9.529870 -66.871606 30.778386
9.957870 -65.930606 30.485386
9.380870 -66.668606 30.746386
9.731870 -66.135606 30.668386
8.840870 -67.027606 30.622386
9.031870 -66.264606 30.620386
8.169870 -66.772606 30.648386
8.808870 -66.082606 30.673386
7.921870 -66.884606 30.934386
8.383870 -66.098606 30.712386
7.611870 -66.868606 30.937386
8.438870 -66.262606 31.090386
7.616870 -66.872606 30.887386
8.228870 -66.302606 30.727386
7.583870 -67.042606 31.060386
8.155870 -66.166606 31.049386
6.953870 -66.991606 30.727386
7.612870 -66.371606 30.772386
6.854870 -66.831606 30.713386
7.467870 -66.714606 30.697386
6.467870 -67.112606 30.907386
6.919870 -66.725606 30.820386
5.687870 -66.996606 30.884386
6.193870 -66.720606 31.107386
5.507870 -67.513606 30.594386
5.781870 -67.190606 31.127386
5.319870 -66.544606 30.767386
5.118870 -66.878606 31.273386
4.457870 -67.773606 31.460386
4.838870 -66.570606 31.308386
4.077870 -67.630606 31.532386
4.461870 -66.479606 31.158386
3.689870 -67.692606 31.410386
4.417870 -66.489606 31.603386
3.690870 -67.666606 31.827386
3.822870 -66.880606 31.511386
3.232870 -68.044606 31.575386
3.596870 -66.714606 31.202386
3.120870 -66.959606 32.118386
3.314870 -67.899606 31.530386
3.206870 -67.000606 31.199386
2.878870 -67.824606 31.408386
3.026870 -67.108606 31.349386
2.658870 -68.118606 31.698386
2.825870 -67.576606 31.490386
2.218870 -68.064606 31.365386
2.571870 -67.655606 31.068386
1.765870 -68.493606 31.728386
2.137870 -67.912606 31.475386
1.280870 -68.251606 31.457386
1.783870 -67.932606 31.366386
0.708870 -68.228606 31.739386
1.251870 -67.752606 31.899386
0.316870 -68.100606 32.202386
0.804870 -67.871606 32.251386
-0.002130 -67.832606 32.414386
0.448870 -68.128606 32.325386
-0.356130 -67.464606 32.595386
0.580870 -67.800606 32.533386
-0.488130 -67.636606 32.467386
0.251870 -68.074606 32.600386
-0.715130 -67.623606 32.564386
-0.000130 -67.769606 32.442386
-0.001130 -67.769606 32.597386
-0.171130 -67.890606 32.598386
-1.022130 -67.627606 32.823386
-0.297130 -68.404606 32.904386
-1.263130 -67.834606 32.989386
-0.810130 -68.529606 33.036386
-1.626130 -67.849606 32.752386
-1.273130 -68.583606 33.130386
-2.327130 -68.121606 32.941386
-1.273130 -67.948606 33.955386
-1.854130 -68.483606 32.941386
-2.575130 -68.329606 33.221386
-1.741130 -68.143606 32.977386
-2.753130 -68.464606 33.523386
-1.824130 -68.336606 33.185386
-3.410130 -68.433606 33.372386
-2.548130 -69.107606 33.496386
-3.660130 -68.118606 33.789386
-2.856130 -69.131606 33.689386
-3.698130 -68.111606 33.636386
-3.029130 -69.098606 33.386386
-4.398130 -68.149606 32.813386
-4.415130 -69.334606 33.049386
-4.492130 -68.218606 34.114386
-4.368130 -69.329606 33.881386
-4.513130 -68.266606 33.445386
-4.508130 -69.024606 33.851386
-4.681130 -69.352606 33.788386
-5.145130 -68.838606 33.001386
-4.846130 -68.361606 33.869386
-5.319130 -68.978606 33.719386
-5.410130 -69.454606 34.270386
-5.848130 -69.007606 33.815386
-5.326130 -69.251606 34.940386
-6.545130 -69.891606 34.579386
-5.950130 -69.245606 34.480386
-6.428130 -69.369606 34.052386
-5.963130 -69.755606 34.307386
-6.924130 -69.488606 33.841386
-6.091130 -69.273606 34.250386
-6.954130 -70.055606 33.723386
-6.143130 -69.664606 34.527386
-7.385130 -69.949606 34.305386
-6.386130 -69.820606 33.347386
-7.316130 -70.127606 33.967386
-6.621130 -69.980606 34.180386
-7.608130 -70.190606 34.094386
-7.720130 -69.856606 33.885386
-7.318130 -69.972606 33.691386
-7.244130 -69.675606 33.773386
-8.239130 -70.564606 34.110386
-6.884130 -69.965606 33.828386
-8.856130 -70.626606 34.783386
-7.217130 -69.717606 33.825386
-9.299130 -70.733606 34.770386
-7.787130 -69.905606 33.928386
-8.915130 -70.727606 34.767386
-8.228130 -69.829606 34.249386
-9.372130 -70.680606 34.365386
-8.719130 -69.911606 33.801386
-9.379130 -70.568606 34.795386
-9.518130 -70.214606 34.773386
-10.178130 -70.875606 35.029386
-10.478130 -70.507606 34.677386
-10.054130 -70.621606 34.864386
-10.671130 -70.053606 34.791386
-10.412130 -70.676606 34.921386
-11.134130 -70.849606 34.486386
-10.499130 -70.806606 35.146386
-11.356130 -70.457606 34.836386
-11.054130 -70.600606 35.606386
-12.275130 -70.820606 35.720386
-11.564130 -70.436606 34.948386
-12.211130 -70.528606 35.170386
-11.178130 -70.394606 35.116386
-12.773130 -71.055606 35.368386
-12.078130 -70.659606 35.089386
-13.336130 -71.216606 35.454386
-12.316130 -70.849606 35.604386
-13.611130 -71.422606 35.494386
-12.444130 -70.718606 34.782386
-13.907130 -71.514606 35.573386
-13.043130 -71.031606 35.297386
-14.219130 -71.678606 35.514386
-13.215130 -70.469606 35.028386
-14.882130 -71.379606 35.825386
-13.796130 -70.879606 35.512386
-15.084130 -71.239606 35.284386
-15.484130 -71.257606 35.832386
-14.199130 -71.273606 36.165386
-15.345130 -70.740606 35.150386
-16.805130 -71.798606 36.734386
-15.802130 -71.190606 36.896386
-17.063130 -71.846606 37.850386
-16.048130 -71.331606 36.336386
-17.660130 -71.591606 37.207386
-17.561130 -71.331606 36.485386
-17.344130 -71.573606 36.457386
-17.770130 -71.468606 36.615386
-17.844130 -71.448606 37.115386
-18.106130 -71.657606 36.815386
-17.961130 -71.555606 37.300386
-19.291130 -71.961606 37.331386
-18.755130 -71.421606 37.669386
-20.073130 -71.610606 37.623386
-19.146130 -71.453606 37.937386
-21.030130 -71.614606 37.961386
-19.773130 -71.365606 37.922386
-21.468130 -71.935606 38.293386
-20.767130 -71.484606 38.169386
-22.461130 -72.183606 38.341386
-20.991130 -71.578606 37.898386
-22.668130 -72.173606 38.334386
-21.278130 -71.410606 37.714386
-23.329130 -72.394606 38.707386
-21.792130 -71.851606 38.470386
-23.799130 -72.064606 38.910386
-22.171130 -71.658606 38.172386
-23.914130 -71.442606 38.465386
-22.660130 -71.582606 38.120386
-24.767130 -72.325606 39.128386
-23.312130 -71.509606 38.093386
-24.679130 -72.164606 38.719386
-23.806130 -72.218606 38.716386
-25.445130 -72.724606 38.810386
-24.335130 -72.065606 37.995386
-25.538130 -72.306606 38.687386
-25.024130 -72.280606 38.829386
-26.192130 -72.404606 38.949386
-25.804130 -71.326606 39.016386
-25.555130 -72.725606 38.842386
-26.102130 -72.049606 38.285386
-25.871130 -72.387606 39.627386
-26.928130 -72.917606 38.859386
-26.174130 -72.024606 38.754386
-26.967130 -71.526606 39.110386
-26.954130 -72.774606 39.134386
-27.308130 -71.926606 39.553386
-26.979130 -72.525606 38.658386
-27.839130 -71.520606 39.322386
-26.957130 -71.976606 39.668386
-28.084130 -71.864606 39.484386
-27.250130 -72.647606 39.208386
-28.164130 -72.349606 39.219386
-27.279130 -72.390606 38.819386
-27.739130 -71.369606 39.144386
-27.957130 -72.325606 39.461386
-28.254130 -72.318606 39.291386
-28.552130 -72.656606 39.698386
-28.807130 -72.638606 39.679386
-28.995130 -72.555606 39.043386
-29.142130 -72.667606 39.394386
-29.274130 -71.965606 39.458386
-29.238130 -72.748606 39.529386
-29.031130 -71.493606 38.976386
-29.625130 -72.094606 39.730386
-30.020130 -71.641606 39.091386
-29.850130 -72.497606 39.707386
-31.438130 -72.224606 40.034386
-30.036130 -71.989606 39.809386
-31.804130 -71.811606 40.485386
-30.730130 -71.923606 39.826386
-32.149130 -72.659606 40.016386
-30.911130 -72.386606 39.446386
-32.439130 -72.648606 39.870386
-31.909130 -72.342606 39.808386
-33.195130 -72.548606 40.564386
-32.640130 -72.143606 40.136386
-33.706130 -72.338606 40.466386
-32.928130 -71.979606 39.658386
-34.439130 -72.495606 41.369386
-34.545130 -73.009606 40.159386
-35.110130 -73.363606 39.519386
-34.756130 -71.774606 39.318386
-35.555130 -72.461606 41.768386
-35.546130 -72.216606 39.917386
-36.136130 -73.519606 40.947386
-35.725130 -72.082606 39.864386
-36.660130 -71.892606 41.336386
-36.429130 -72.443606 40.272386
-36.702130 -71.795606 40.743386
-36.739130 -71.808606 41.296386
-37.095130 -71.779606 40.885386
-37.249130 -72.491606 41.451386
-37.638130 -72.060606 40.596386
-37.831130 -71.889606 41.317386
-38.018130 -71.970606 40.609386
-38.193130 -72.984606 42.365386
-37.974130 -71.874606 40.841386
-38.597130 -72.624606 42.369386
-38.473130 -71.431606 40.689386
-38.985130 -72.316606 42.717386
-39.131130 -71.048606 41.084386
-39.737130 -72.147606 42.898386
-39.842130 -70.685606 39.921386
-40.031130 -72.430606 43.246386
-40.522130 -71.376606 41.193386
-41.335130 -72.418606 43.271386
-40.930130 -71.332606 41.715386
-42.050130 -72.110606 43.319386
-41.771130 -70.806606 40.712386
-42.855130 -71.599606 43.193386
-42.238130 -71.095606 42.475386
-43.138130 -71.581606 43.776386
-42.894130 -70.837606 43.324386
-43.922130 -71.484606 43.484386
-43.799130 -71.314606 43.112386
-44.391130 -71.606606 43.103386
-44.240130 -71.717606 43.047386
-45.053130 -70.533606 43.067386
-44.948130 -72.021606 44.046386
-45.176130 -71.186606 42.973386
-45.793130 -70.587606 46.239386
-46.655130 -69.225606 44.434386
-47.606130 -71.289606 43.992386
-45.939130 -71.651606 44.383386
-48.184130 -70.933606 43.410386
-46.406130 -71.473606 44.354386
-48.531130 -71.634606 43.755386
-46.873130 -71.499606 44.737386
-49.028130 -71.215606 43.546386
-47.810130 -71.182606 44.711386
-49.295130 -71.157606 43.737386
-46.451130 -72.420606 43.748386
-50.323130 -71.527606 43.906386
-47.172130 -72.430606 43.750386
-51.037130 -71.382606 43.500386
-50.593130 -71.527606 45.765386
-52.184130 -71.237606 44.302386
-51.677130 -71.103606 45.452386
-52.810130 -71.510606 44.097386
-52.991130 -71.283606 45.515386
-53.886130 -71.126606 44.101386
-54.096130 -71.335606 45.228386
-53.992130 -71.241606 44.296386
-54.573130 -71.352606 45.233386
-54.656130 -71.517606 44.485386
-55.121130 -71.119606 45.290386
-54.630130 -71.387606 44.318386
-53.139130 -72.459606 43.946386
-55.017130 -71.640606 44.887386
-56.575130 -71.344606 44.542386
-55.488130 -71.605606 44.812386
-57.261130 -71.311606 44.590386
-56.157130 -71.652606 45.143386
-58.062130 -71.489606 44.892386
-56.412130 -71.383606 45.009386
-58.447130 -71.064606 44.588386
-56.771130 -71.306606 45.174386
-58.826130 -71.083606 44.502386
-57.158130 -71.582606 45.463386
-59.567130 -71.364606 44.655386
-57.541130 -71.273606 45.235386
-59.848130 -70.933606 44.494386
-58.189130 -71.162606 45.885386
-60.371130 -70.704606 44.506386
-58.208130 -70.577606 45.502386
-60.376130 -70.706606 44.935386
-57.211130 -72.286606 44.144386
-61.536130 -70.505606 44.828386
-60.048130 -70.505606 46.437386
-62.324130 -69.996606 45.331386
-60.856130 -70.258606 46.705386
-62.966130 -69.864606 45.963386
-62.035130 -69.649606 47.200386
-64.066130 -69.293606 46.596386
-63.714130 -69.113606 48.363386
-65.245130 -69.046606 48.046386
-63.906130 -68.356606 48.567386
-66.300130 -67.935606 47.480386
-65.589130 -68.089606 49.536386
-66.576130 -67.741606 49.075386
-67.020130 -67.656606 49.990386
-67.081130 -67.504606 49.410386
-67.727130 -67.331606 50.372386
-68.126130 -66.965606 50.362386
-68.984130 -66.532606 50.640386
-68.108130 -66.587606 50.291386
-69.777130 -66.299606 51.051386
-69.225130 -66.199606 51.445386
-70.879130 -65.698606 51.702386
-70.042130 -65.856606 52.155386
-72.073130 -65.137606 52.250386
-70.840130 -65.583606 52.614386
-73.081130 -64.943606 52.510386
-71.623130 -65.216606 52.408386
-73.662130 -64.487606 52.192386
-71.778130 -65.072606 52.957386
-73.995130 -64.060606 52.801386
-72.603130 -64.627606 53.344386
-74.890130 -63.641606 53.307386
-72.990130 -64.323606 53.673386
-75.698130 -63.571606 53.616386
-73.803130 -63.790606 54.084386
-75.579130 -63.165606 53.365386
-74.704130 -63.798606 54.174386
-76.012130 -63.726606 54.028386
-75.915130 -63.478606 54.378386
-77.138130 -62.986606 54.408386
-76.474130 -63.149606 54.864386
-77.585130 -63.432606 55.117386
-77.752130 -63.203606 55.054386
-77.910130 -62.873606 55.549386
-77.686130 -62.585606 55.334386
-77.359130 -62.344606 55.362386
-78.210130 -61.851606 55.449386
-77.405130 -62.182606 55.731386
-78.523130 -61.469606 55.373386
-78.294130 -62.071606 56.223386
-78.516130 -61.192606 55.385386
-78.230130 -61.795606 56.323386
-76.377130 -63.786606 53.939386
-79.206130 -61.507606 57.084386
