-94.05098396975146 52.32483512008013 -140.24303910209505 -10.508736186031445 113.3203836918846 8.755190208690141
-93.78899784487686 52.91356469960773 -140.52468326011535 -10.524396741108408 112.51311480979564 8.540357128407566
-93.99128730488624 52.94622257073168 -140.944087513743 -10.719895201781412 112.41119354000134 8.582253611884397
-94.33044800644339 52.7983513338515 -141.19579766775928 -10.919231301112383 112.42650507389146 8.693924120994643
-94.44586099401772 52.7152859922451 -141.3272289700165 -11.040048445874614 112.25040330802815 8.720072179960699
-94.47290191189784 52.55268740592555 -141.6083525940664 -11.181119250264667 112.33172405740046 8.767978022167057
-94.74308565563982 52.24090053865332 -141.85285111055967 -11.43137100152314 112.90053503413708 8.983196438881926
-95.47090088933135 51.90409304911919 -141.75739319436525 -11.779318802908834 113.98316153838002 9.433421546907518
-96.71504970292096 51.60446488898365 -141.52838605599692 -12.196670252080938 115.41480629836153 10.10320683365593
-98.23008747626284 51.26478391047113 -141.57744351982865 -12.701258142361786 116.82402679861808 10.874785122961772
-99.68734917241378 50.87741458059549 -142.04228368588568 -13.289425946084474 117.93323357161213 11.618223475449891
-101.069938268475 50.60683081159553 -142.88216940877734 -13.914415777367008 118.39077982786313 12.204876936977449
-102.7269705118739 50.559546677363244 -143.8202182770863 -14.451401727584827 118.09857132950343 12.57320830697979
-104.90442283879082 50.59947189597942 -144.56751153692088 -14.799859964602547 117.91712642486189 12.90191515939603
-107.2391178948265 50.642211245158954 -145.1304657079811 -14.957564451506562 118.73814019606729 13.332833294201087
-109.33406533829356 51.03659517187312 -145.52824468659495 -14.874552583064991 120.58776414827469 13.79885701821172
-111.21450020856436 52.12936374888048 -145.8211099683383 -14.520786891147392 122.99963181773168 14.215443138799507
-112.91545909900432 53.59632455515508 -146.19296635469058 -14.069764998543537 125.43364264684645 14.587679933329568
-114.44322292897172 54.84445649850204 -146.691472853753 -13.775854043025603 127.45893679131427 14.995301951191301
-115.89163484788493 55.782396871534615 -147.4546510310199 -13.755147427712593 128.84285311809577 15.51335279557529
-117.2410403914306 56.620465547380064 -148.750576833834 -13.972182355696244 129.7813598366978 16.163206539585957
-118.37438421977572 57.39147720287872 -150.56298502847085 -14.33736567550082 130.53056856744084 16.85739762541604
-119.29496063522376 58.072014822619025 -152.5944622649581 -14.782084441856167 130.94871870452948 17.47671079553931
-120.01438724709521 58.71581499951315 -154.35155261129017 -15.194607045729644 130.83358675034802 17.921182477652756
-120.44246261553063 59.32540099711352 -155.60787052156797 -15.50899573663952 130.33097004362463 18.167822495394923
-120.43839652451418 59.94312823773345 -156.75691678592392 -15.781519655318736 129.83645115564326 18.298953863906846
-120.00515722394319 60.715397193838385 -158.10770878008222 -16.00597781190517 129.61523843890328 18.376353454991992
-119.41992150689488 61.56661679735623 -159.3989321136864 -16.137427035162556 129.60933542248273 18.417297916135787
-119.00301192888196 62.26064033985042 -160.45961953076903 -16.211122159730756 129.741944495069 18.451036488668176
-118.96702478592096 62.78295751465503 -161.3389955175693 -16.251938921144745 129.93720071846013 18.495924769257808
-119.32775865770549 63.2480812599542 -161.86743516685584 -16.2289707909233 130.0391537119529 18.550500405065982
-119.85420968496831 63.673487809640484 -162.09762273110647 -16.13951765446786 130.19266623676083 18.618158496484302
-120.23189363294225 64.01217418162723 -162.45760064313282 -16.0518053035237 130.6225511936073 18.68890391120624
-120.29284529289308 64.28182374674115 -163.0362950660529 -16.02038882245273 131.22577150693024 18.75913435800964
-120.11651264296148 64.55262905757041 -163.49449324643572 -16.007090659188155 131.75903352815382 18.822576929717098
-119.87349451299829 64.90905526481077 -163.87675517012605 -15.972054743464877 132.06489225611767 18.83593094645419
-119.6718401962017 65.38342454661128 -164.54418638296812 -15.944073391455504 132.08369082174107 18.76998519127816
-119.54959364169645 65.8041706593324 -165.45785282620065 -15.973902760833653 131.92907711716472 18.678251183245283
-119.5106092404921 66.02391932469753 -166.26805042214298 -16.07366486183298 131.6232493012277 18.61567322893385
-119.52654533809752 66.16423176735803 -166.80280241172323 -16.176227176295303 131.04030583062936 18.52950864970582
-119.49599065920415 66.4571623613636 -167.17139107760707 -16.18640332909939 130.20066128998056 18.32140071725262
-119.33187165343446 67.01396225002239 -167.4182800420084 -16.094028920837093 129.132443003285 17.98918448443278
-119.11318306459924 67.7494176918917 -167.54913938184674 -15.94834172021705 127.98421581610783 17.631567564940468
-119.02924493086206 68.43695952309488 -167.8424800747863 -15.850923740218239 127.2828985923258 17.423912705255162
-119.13454458419262 68.92104939458568 -168.44025865606648 -15.903609834379658 127.35758838475897 17.49369886967941
-119.34930252749237 69.26142369971222 -169.08626464865074 -16.065756474204782 127.79387943372522 17.73316896590824
-119.71419878119121 69.48082966809038 -169.68315456275303 -16.25003294588346 128.24806127045858 18.002596177822618
-120.2681439130572 69.53855040689804 -170.26545675482438 -16.411714398693615 128.75596991144272 18.264558527125214
-120.89990197464513 69.52984427740691 -170.65277216222947 -16.51124607418397 129.1901667405738 18.484220187540302
-121.59566622192892 69.67170716653033 -170.70166075467677 -16.44854573919074 129.5959038341104 18.637804822135745
-122.31849270614556 70.09678377761077 -170.55458133302707 -16.168492127014584 130.27817163250575 18.716528865362854
-122.82033529192822 70.77276008404301 -170.34432402776253 -15.777177026642368 131.09986527881492 18.694119551023142
-123.112092918684 71.68657842098555 -169.96026834135617 -15.364998628221706 131.4977882458438 18.550556427209507
-123.42672607781708 72.78809704347286 -169.3815250713734 -14.966588058408464 131.3317106587276 18.33708916863468
-123.75327790026512 73.80297685336332 -168.8972068554565 -14.666078547388476 131.13113793659232 18.1700037662488
-123.9785944559361 74.53591966652972 -168.72972016335413 -14.472394187086287 131.26529698395905 18.082233750370104
-124.07447478213464 75.04617957990676 -168.7697876989995 -14.305792660369445 131.63088939125936 18.02152047403637
-124.16300145510097 75.41242211348789 -168.84398094044167 -14.157970032322016 131.96752933343964 17.986983683924052
-124.36353873366966 75.70409353965997 -168.87876689808922 -14.059145132331388 131.9936187900229 17.977155539704913
-124.63858076445638 75.90096730254155 -168.93045435480954 -14.029983876206028 131.789038635714 17.99372662365438
-124.96240230530344 75.974141712228 -169.0789954085185 -14.058462757765628 131.5882636566759 18.040015248730565
-125.26665436893933 76.05283345639357 -169.24304677521508 -14.07248092453639 131.418307015615 18.063327455552155
-125.47446474427329 76.181489202344 -169.3414850343134 -14.054982126579816 131.2532957629242 18.045278598120877
-125.60003948549036 76.31610172190564 -169.42245516628725 -14.03347777450778 131.09605716266898 17.996816448667357
-125.55930780746445 76.58691257126009 -169.5112203496631 -13.955149383595383 131.01563293164384 17.860201202878326
-125.37264899197598 77.05630484478829 -169.56665411266465 -13.80238051505793 131.0668288487727 17.638087210857094
-125.28181940467489 77.4697781619617 -169.55083296127287 -13.670002342597819 131.37668245577004 17.512067237627797
-125.35738696174016 77.78255884811695 -169.49005049411397 -13.545983035121813 131.9276686637358 17.509422991383126
-125.58866635294541 78.2194234821376 -169.46030234621026 -13.375644181300503 132.53400570828106 17.510110830187557
-126.00097356883091 78.71437442005197 -169.53097047229562 -13.26507221547989 133.22706039674853 17.55200780668941
-126.35984017548579 79.20034059972201 -169.69109246554183 -13.211947403485272 134.02922951941923 17.60326565456456
-126.47231768234468 79.80024550336542 -169.80501538954525 -13.11595932792114 134.7438604571555 17.565875350306072
-126.51951008078677 80.53485321320287 -169.79769991862972 -12.98483575850109 135.13399966102185 17.45819377522698
-126.70731039014368 81.20570017873138 -169.74526057501365 -12.89884102792043 135.23069130976987 17.380206020631622
-127.0806818122592 81.60141629625154 -169.75383333330248 -12.935273835136062 135.18389449223963 17.403560982821112
-127.62248187156737 81.77983937409473 -169.85742851980353 -13.056406078811804 135.0368418292089 17.48525511393156
-128.1529116868667 81.94217728574799 -170.04996408213432 -13.174436916540262 134.9018165456656 17.54283321942524
-128.49012817351746 82.26849176212872 -170.28745701627474 -13.218504854904213 134.82275157776155 17.511009708437214
-128.6737542702167 82.79133964162226 -170.40127226363262 -13.153415083739699 134.68153689038496 17.399912430421317
-128.7404106595987 83.39904419777824 -170.3093563222292 -13.001853009317546 134.49599576520757 17.263937815169193
-128.75854230764116 83.91704231226794 -170.11129427792315 -12.850423348011278 134.319184614579 17.162342361432184
-128.76276728662995 84.24942924598274 -169.9521002923468 -12.80681829195067 134.1738076776062 17.139264420265256
-128.70724086001007 84.49829828026958 -169.9675963341486 -12.867382847943393 134.168424634393 17.16557275132047
-128.59842718815906 84.83284122318236 -170.0872281323368 -12.901996059462455 134.40163084651581 17.17806652799605
-128.48849580474436 85.21267032328463 -170.1355431650849 -12.880671424037885 134.80920932423479 17.183726281110648
-128.52960085062045 85.48424813949347 -170.14308847440438 -12.897642853928907 135.16235542671242 17.22342441974579
-128.8208901056792 85.65544457685976 -170.25525405721498 -12.975005899436496 135.372161496829 17.28616651165641
-129.2336734001669 85.89391713219797 -170.41777323146468 -13.014947435549217 135.4074341078957 17.294884958205394
-129.51307832469732 86.35611091381261 -170.41706810511272 -12.910004249812932 135.24120540951895 17.17379445653812
-129.64401116216206 86.8897453802949 -170.25848349300702 -12.723523007539953 134.98983198655927 16.99533313304879
-129.77556255556846 87.19938271563124 -170.16518700280568 -12.617204178652457 134.80172755018208 16.88988637613389
-129.9451744134326 87.23992057544163 -170.2124575220938 -12.635095274715777 134.73108172184845 16.885767599222405
-130.0363041819461 87.324956973052 -170.21237647521383 -12.647763549422965 134.5929403019609 16.860531612427803
-129.9500064552273 87.69729470753623 -170.09411405020097 -12.552261415862272 134.3284995778651 16.71794453370594
-129.85565899947534 88.11633600343605 -169.99581179800867 -12.450547323982732 134.10466598109775 16.579171973908377
-129.9368315030798 88.29094123472515 -169.97301595481076 -12.45481507517875 134.08724654468318 16.595495816517175
-130.1778731575486 88.23031267615929 -170.03235857674542 -12.555447596854542 134.48070231110893 16.78816946823381
-130.551952241257 88.04795121502795 -170.1674393891248 -12.741893239101726 135.01328129093457 17.070575936204058
-130.9298739651964 87.99866246269195 -170.25615451424937 -12.885157820788063 135.23738486025894 17.250740304719194
-131.13786700524415 88.24136874632674 -170.25686007579714 -12.845976360757854 135.30379441217133 17.236992467335327
-131.222375882801 88.56554886420027 -170.23931166678827 -12.710352412111554 135.5111358828838 17.15593131012963
-131.2307858221941 88.81276750704542 -170.18397792787442 -12.579398618358148 135.8274468497654 17.093727021049354
-131.22412473950735 88.93670686792458 -170.14099332111607 -12.502514797654475 136.12998518806853 17.06725645264834
-131.33699072556485 88.84401720366107 -170.2478085461235 -12.548602037163516 136.40379982448786 17.11888554387849
-131.47821070601537 88.66896784248658 -170.4500042539466 -12.667859318004691 136.6115208346143 17.18917304746717
-131.4616462760211 88.67534028485082 -170.5398262786794 -12.719911521501958 136.6818397017771 17.173055566929776
-131.34618522325027 88.87526996502756 -170.5417234650695 -12.681626347525013 136.6211513144799 17.068653674436547
-131.26828040749655 89.18784854498847 -170.64476466059259 -12.587373370571715 136.47083550238602 16.896927021158056
-131.23642289196576 89.51516901287482 -170.8013809683606 -12.467361955804702 136.32576151725476 16.724748909571012
-131.27809551439708 89.68327424732533 -170.81617367354207 -12.403840913245226 136.1055341374446 16.65834852205888
-131.33525124746 89.73176242979005 -170.65086050369655 -12.39302140323173 135.70678069814187 16.662676187468243
-131.2610856799429 89.77325452661529 -170.43806476858308 -12.372803879948036 135.4374097511538 16.685492896084494
-131.02645750545767 89.80226580511533 -170.24149760620392 -12.344632390446789 135.42910746237473 16.727447115625253
-130.65441029703481 89.87779116977225 -170.06842848573018 -12.295688489155076 135.45443882895844 16.72624432869255
-130.29059069102436 89.9650961893376 -169.98611383236369 -12.250743162204245 135.39790336625276 16.688678344693507
-130.05519600845662 90.0554281490236 -170.07027393275428 -12.215200015097574 135.29045092266605 16.627402633003967
-130.0166368990815 90.10035653526043 -170.33818984915968 -12.224772172986434 135.10562923845066 16.56837674324496
-130.20570510164333 89.92964765283782 -170.6161580669847 -12.36543341017666 134.80304431193395 16.61735343856091
-130.3732173226333 89.70322403282785 -170.72504126030776 -12.535665369412161 134.49096101641152 16.719833160486573
-130.3301559352392 89.6532276698264 -170.6923013891486 -12.605473545313789 134.24838933610732 16.75600289846099
-130.2362094872023 89.73270168631862 -170.58548487717331 -12.588307691416514 134.09208900544328 16.75282928232306
-130.27054735518672 89.8629058678375 -170.44371129808252 -12.517678024556751 134.03835824770985 16.764474577075138
-130.3376863361711 89.99713106220045 -170.34497643746076 -12.438616475545947 134.0510418630523 16.774659275080495
-130.3208239346273 90.00042161635417 -170.31542718827046 -12.430122223925025 134.14884486677806 16.79707423764735
-130.23992668089738 89.85599529453958 -170.32349643258328 -12.485956198400835 134.38399380030032 16.842128805737214
-130.08363425811217 89.7276729008245 -170.31150656584313 -12.51632543101441 134.7006044837976 16.858485755411202
