-123.91431140825937 58.35538620286732 -149.57985896226404 -11.648310133701273 149.13317987752924 22.32777898252215
-123.69993718274299 57.96084771195069 -148.76426762634162 -11.57848791193463 148.94104129536498 22.323358160700245
-123.56592423699956 57.6474448962895 -148.10350136841953 -11.55119547809942 148.59124814748222 22.31074504164068
-123.45675263791549 57.3752221251103 -147.6744234761769 -11.560792025240811 148.30383589205024 22.322954675144885
-123.13118507178845 57.195514033799526 -147.57476789738533 -11.545008588949603 148.43821703400303 22.33269530902453
-122.42595443742766 57.2798589178612 -147.67310429179088 -11.42606114999151 148.9098672158286 22.237390835585785
-121.4988035700558 57.532832347946695 -147.78750179137083 -11.259137517039989 149.48810428068975 22.08422323117018
-120.56299138822467 57.816767716430206 -147.75737994219082 -11.126222066786418 149.87029047127237 21.928535049845337
-119.69049096097098 58.16726552413567 -147.56721247220264 -11.03000983329634 149.80348438975267 21.70565381322887
-118.99331741371347 58.48906495583619 -147.33393802239482 -10.96735837674142 149.62809853241097 21.491284816537735
-118.74773572834597 58.59812353184972 -147.17430029644714 -11.001595085979254 149.7749814428173 21.45799883965357
-119.21432959828027 58.37815919835835 -147.2139374816985 -11.247033870356407 150.05881988339343 21.671485068618935
-120.23484912825256 57.89403772241943 -147.45967587336702 -11.678224010654901 150.1859861317079 22.057221040008702
-121.32732662175303 57.53777261928809 -148.0996244415204 -12.131225455031057 150.25939439598486 22.438391854032453
-122.18733361867137 57.53361173563407 -149.5240114503338 -12.577929011991095 150.49518802409995 22.74312293577706
-122.796139115678 57.789070981391816 -151.51327998678045 -13.067128377572349 150.67133495711354 22.987142507573854
-123.22827031271589 58.23645115727998 -153.54895450579568 -13.554426413505784 150.55089834849554 23.1562419157062
-123.7006017381853 58.62839061123202 -155.34737637467958 -14.014093593465425 150.21974926283752 23.320139211159525
-124.33485257236607 58.942028529174586 -156.56160737441712 -14.342212973689115 149.69548025965412 23.467783602238605
-124.98994390676212 59.229125122305845 -157.2569109750964 -14.459511818557646 149.3345536605565 23.574920271338264
-125.55501776779136 59.263151119786684 -157.91821077639906 -14.490240534757213 149.55307244125936 23.735435088081836
-125.8182975738768 59.33425606262135 -158.51987996600968 -14.426838682672917 150.16037741027938 23.847807461683956
-125.79108058528138 59.697074329847965 -158.90006033969712 -14.248798860653045 150.81649408519064 23.8517333155474
-125.98878298533059 60.0362930701626 -159.35059032900017 -14.140171329753658 151.25463372256806 23.908363496342822
-126.59626134864095 60.265138489493424 -160.12699203120664 -14.168084360255339 151.35191482210274 24.008505820658687
-127.24196760746861 60.45172922654906 -161.1139779574317 -14.267658126088563 151.29320397785017 24.060163889127935
-127.65428778132485 60.64530376503622 -161.86868445050857 -14.363337182422597 151.1240294322746 24.06098459984777
-127.90210910513775 60.81904817542993 -162.27973473057278 -14.444426674565214 150.80937947223427 24.033776445475226
-128.04081209671364 60.84995074942196 -162.60725401539702 -14.556273567349933 150.50285214400586 23.994322319803864
-127.9519558723684 60.979887803436775 -162.84447918343702 -14.557408957088775 150.20308677143115 23.79893906131329
-127.97456563120663 61.35393494364547 -162.81680333442665 -14.411653776141133 148.79407429206486 23.24082154443851
-128.7318290998067 61.66493693125126 -162.36679128359484 -14.365673546353676 145.06209237377448 22.389465245292975
-130.32389071855337 61.674305628742914 -161.95250723908202 -14.513778892866561 140.00522974765863 21.51906324620153
-132.3999739710623 61.47608330616002 -162.08569181390988 -14.694127142629641 135.35687008798448 20.767851505983508
-134.1586383389929 61.343423077278864 -162.34124607959808 -14.690517562356506 131.86534817794484 20.10732961162904
-134.9181716123564 61.46099197260551 -162.34339460947862 -14.435950524780536 129.39435794057346 19.416579683773094
-134.74367224170334 61.816927933589724 -162.29165065607782 -14.081293592876287 127.44247057856855 18.662211914164207
-133.95552746895729 62.2660513957748 -162.55856953133656 -13.827959126753267 125.95549676436653 17.967955505547394
-132.88504787402957 62.75742511429475 -163.264509971281 -13.693276982804772 125.10797020302238 17.41239067559266
-131.91176582506816 63.258030650234886 -164.02726701329408 -13.594054754976646 124.88618099034265 17.04940442224816
-131.2988648361678 63.654383695459714 -164.54867557846086 -13.526724921036468 125.07797196530711 16.89500051712902
-131.09342075121623 63.96836179720179 -164.80473076431912 -13.45690437833769 125.51097425338806 16.872106545534816
-131.16009813775472 64.24980955083845 -164.81731627406427 -13.353059729414067 126.03816271702406 16.906699849603324
-131.41987633755588 64.4215251420531 -164.83157431925343 -13.296907957340316 126.59466706565728 17.000869049479256
-131.74747308929224 64.51968870423963 -165.03472974373037 -13.327707966920258 127.226887716567 17.143641734191213
-131.92046049754953 64.57388275139292 -165.38660272374125 -13.445007769514158 127.9073616054502 17.302136532809616
-132.13680727333062 64.47045252911185 -165.82864313506167 -13.653378010770817 128.69501118077898 17.532396318544023
-132.63873530839876 64.26873436907195 -166.28231013267094 -13.862871105619824 129.67950910678076 17.818679231878903
-133.21596406674792 64.10480448295357 -166.6678984002869 -14.014343654136004 130.75563098934296 18.063515042240077
-133.65670914938042 64.06061123047179 -166.8179801619592 -14.09337355376404 131.6746438289603 18.235987031048502
-133.94205796510408 64.1408821430192 -166.7859767028914 -14.107000186463736 132.33745852874802 18.326786684897126
-134.10165889905807 64.26315507209236 -166.88126525163057 -14.103046083825959 132.97258053304282 18.35348487290001
-134.45085347075528 64.70748633177469 -167.1222995140493 -14.132922071903923 133.59416119042663 18.379622717596703
-135.18139526929016 66.01383526382875 -167.27155691734265 -14.160670763655283 133.8809244461643 18.351643392435477
-135.7806256937306 67.96596971874128 -167.36692286175438 -14.075010927540049 134.06039491494622 18.172420262565065
-135.93045002422116 69.89186099912786 -167.4605085208088 -13.848420368114278 134.32487536374072 17.8821635591891
-135.9670195958486 71.49656325315908 -167.30949078010696 -13.544294756552254 134.39231609025646 17.62046652950174
-136.26540381226806 72.5271711790354 -167.17712893230052 -13.383059057676979 134.39418182668376 17.57062299414834
-136.96305856059075 72.82586945665552 -167.45113516990824 -13.544151303205336 134.46299267205535 17.812226569511818
-137.6959112356316 72.7162274134114 -167.81258519784205 -13.865640548966978 134.57806051425018 18.212581374416764
-137.97971126832934 72.65418117438695 -168.04820530223066 -14.098906594081255 134.9661638224489 18.543126635764686
-138.07218056467366 72.82688137663334 -168.32817641561107 -14.179458431913632 135.55355270444662 18.69529148770859
-138.20500256830397 73.27519633652621 -168.61714222590814 -14.130750458232635 135.98018039171876 18.659162063017963
-138.0375354959241 74.01910370419644 -168.9852389888853 -14.035801494033244 136.3205179597729 18.427226181524965
-137.47988266775602 74.99073113775489 -169.63589795925145 -13.983211499910052 136.79659479651758 18.03981059861472
-136.89854769600845 75.9933524914911 -170.31692710759773 -13.969181431054167 137.1951589733924 17.63784627914566
-137.0143640560757 77.096500914975 -170.69025901674314 -14.023309018938608 137.6376014108426 17.47144840220335
-138.2360706827048 78.49382926009218 -170.86640763366756 -14.245516794884182 138.68017539940087 17.693008195594892
-139.81107068402338 80.05607242608113 -171.00548012945998 -14.5621549766437 140.04845939967154 18.053432920006987
-140.8263825103066 81.58175730895304 -171.04305874672406 -14.765333606888534 141.05824766075665 18.207681918709156
-140.40665769694272 83.1853505456341 -170.34087807885848 -14.243880663711503 139.05936020383137 17.490664829689244
-137.98488338513545 85.09037356930226 -168.32339773779404 -12.491432741365218 131.26565514075475 15.306657922158202
-134.94114954605718 86.69922090803198 -166.09931943934333 -10.514076917443438 120.49587943021953 12.583071009420603
-132.77206621374899 87.48924461678831 -164.8022394814113 -9.43413689535642 111.3145362589695 10.573800101023982
-131.56542930950724 87.89196849625608 -164.00361804079017 -9.083933263748758 105.47795277771073 9.537600049100417
-131.15781486709204 88.15101234588205 -163.3855077140412 -9.045239683094566 102.95999527960127 9.28378860054932
-131.36601073481557 88.38417896590704 -162.9859270184234 -9.013001555803573 102.80445899883128 9.433510323108685
-131.9313055106961 88.8958423289485 -162.6082464657518 -8.754087325003647 103.90618895459002 9.633734770225166
-132.62936830659567 89.68271319510296 -162.24664989183844 -8.334666609965097 105.34384181777067 9.757418037066586
-133.36137996092185 90.50010785208718 -161.94862935261162 -7.935067787660891 106.52980935396992 9.819662199184242
-134.00026713823718 91.28046319296502 -161.84944585490598 -7.673543098371946 107.36750559904063 9.867167222942719
-134.41371399396056 92.20030162441722 -162.09803465421368 -7.5516903027183 108.0605890722654 9.929461467013045
-134.62541305108246 93.3719862101963 -162.4789733723547 -7.458566823393733 108.70509697428784 9.986656982425373
-134.78876921398444 94.59005658949773 -162.95701423077747 -7.482006840509479 109.14192597022733 10.041428667564507
-134.98271689073167 95.66470223853415 -163.52217724822304 -7.686911322746026 109.40466910065425 10.141348799709382
-135.00501106582988 96.76018145957391 -163.84311985944842 -7.775398548742889 109.83916419476694 10.249371011919745
-134.93917973671796 97.7913145416639 -163.92526804300434 -7.670170476629112 110.41156854092327 10.329036836080991
-135.02067648098765 98.43802837738673 -163.93396965995484 -7.601696473780031 110.73573713426228 10.408194501821558
-135.0984366094268 98.65962610036186 -163.84587842385815 -7.662047423401573 110.69303431711322 10.485293221980012
-135.1041370142389 98.48744043683885 -163.8271233978769 -7.871368082879789 110.53243269102214 10.594704027189348
-135.1130074068571 98.09421496721166 -164.02411606778122 -8.159932473061831 110.39099210026157 10.715457482896255
-135.08706848636325 97.7742896725286 -164.229751970907 -8.374313752325355 110.1709908548558 10.761603312683691
-135.0456064968872 97.53832364369899 -164.32547298014697 -8.527767514205289 109.92614632277821 10.78055751172157
-134.96274834581988 97.38616275626828 -164.37469735125111 -8.622637868854802 109.74925919791508 10.796584761795646
-134.62388915563213 97.45512637801001 -164.35716701517674 -8.56886090419255 109.54971489466323 10.716855287525416
-134.34588280648 97.4925326580388 -164.4698698809274 -8.556053230602375 109.13767185666855 10.583270929052693
-134.76548225685252 97.09639976806832 -164.9915207828202 -8.85518994320878 108.47083641677139 10.545694785727273
-135.70340867550505 96.2950861845018 -165.80419234271187 -9.426147189137382 107.84992970359754 10.665777668036906
-136.38341812607536 95.58731480835704 -166.43233620658472 -9.891580718618378 107.70140188021627 10.854117041975915
