-115.27301419270572 53.99544382631068 -142.028138675916 -5.228304967175395 141.86340721895866 17.08195720964299
-115.55393160852353 53.773534403137404 -142.1627075317925 -5.339460842186506 141.83271145245595 17.18277684796226
-115.7622190476598 53.63428452626063 -142.1952076317616 -5.407559101811092 141.75850574036414 17.251452037973102
-115.57297723230862 53.78513436988335 -142.01602532410735 -5.323197303219574 141.69079818362735 17.16802851404617
-115.14201045475863 54.07895061771849 -141.81029610204237 -5.16118897097488 141.6993813153627 16.980982837298516
-114.98517486251339 54.198918918143576 -141.88068420432677 -5.103064652466559 141.85164679263457 16.87571683483815
-115.12783021246096 54.187323500275305 -142.20056973784983 -5.14883270054278 142.080385728659 16.85210318466676
-115.5004258736243 54.10239561742023 -142.53900459374898 -5.241957567851273 142.3233959913665 16.912341644487565
-116.11860624090892 53.917416526063356 -142.86673526062168 -5.432004677289958 142.4804185600786 17.125414554120646
-116.91250730376564 53.62328371090001 -143.41040123499062 -5.820784886138997 142.347537370349 17.49458505000742
-117.65859220146042 53.308804092925634 -144.18270442295096 -6.342750616186665 141.94518266580195 17.909798641939684
-118.15296327680002 53.12089517102415 -144.94726810448378 -6.874194235958681 141.3605606256022 18.249246830946337
-118.43590782993476 52.99457409457591 -145.6695180521674 -7.450456927113039 140.66232840115927 18.516661752821392
-118.61440786693382 52.86083686900196 -146.37124376447542 -8.038738377781506 140.1073435111492 18.738864757815413
-118.85546341940217 52.74314175269062 -147.131133125051 -8.621148287715991 139.89624364435707 18.96575210041832
-119.15100608156027 52.77347776179052 -148.05171905958525 -9.266603183104866 140.01239292951874 19.24839397355628
-119.30391160721118 53.242478274186425 -149.0350172959556 -9.940764781480166 140.24675749934397 19.54558598837348
-119.35353371761175 54.15689525080979 -149.9780528084553 -10.600283166303063 140.36423434669075 19.83664224119576
-119.53451997266572 55.18165178248881 -150.8492637791002 -11.231467614999348 140.36590976946556 20.147578610547043
-120.13950483428998 56.19422881799097 -151.7907320264104 -11.872160763513095 140.3003557475157 20.494402622920543
-121.02554672566657 57.49887117472392 -152.85042668992082 -12.480234751413601 140.04830901906115 20.74479452352605
-121.7631708990495 59.17639854607508 -153.8948026709709 -12.943317236170822 139.85750723136675 20.811607512930586
-122.4268499626856 60.65052008969274 -154.97657427955977 -13.366709139741978 140.22567560730167 20.923023742557888
-123.08753414281419 61.560274065949756 -155.98869956687253 -13.824548200023061 140.96284722778444 21.17529212925841
-123.64771570982236 62.23545883558324 -156.68398882976473 -14.182668753792726 141.65765875743688 21.42445387224368
-124.24552205002446 62.92818168567664 -157.09622553573632 -14.388476743731559 142.27550151864995 21.642210358429118
-125.01659201430931 63.507808824205604 -157.38393431688928 -14.524332929203922 142.7494531854163 21.87539514408607
-125.87384287960262 63.89686809430174 -157.61585224522565 -14.648880951990463 142.9162824545467 22.092998669739902
-126.63186325121437 64.16861375527355 -157.87142381363856 -14.784012575068772 142.83680876009902 22.261238986286664
-127.19012005289842 64.4067544469325 -158.25850645202965 -14.974450924523328 142.6680026250435 22.403598470235615
-127.53532164566457 64.61722750272553 -158.81450108528423 -15.276555629036405 142.4355647315836 22.54269007705583
-127.67906393747779 64.78557628655663 -159.47711557087115 -15.649834471337705 142.20188348258398 22.657282496589783
-127.57925018194136 65.03277562999452 -160.2622133776415 -15.970807879321065 142.15012049437104 22.632635090057526
-127.23813464399586 65.45014966087544 -161.23001925025534 -16.191930612379725 142.34685985744403 22.35205845550685
-126.86847960453537 65.92984995844654 -162.27496543036844 -16.3434583247623 142.60462019324245 21.856360196089827
-126.79010445920346 66.26688488480806 -163.19745961536074 -16.46670700115254 142.75157613799342 21.36110595490982
-127.05933250091903 66.45136412357677 -163.6899918464925 -16.552468236070943 142.7254402735738 21.00900119097681
-127.51424927985323 66.53930109648776 -163.7413001219344 -16.634203472109046 142.48309903477667 20.7660828817643
-127.97799765061725 66.43801762966044 -163.74029822882034 -16.81079689923699 142.15757860769213 20.59870333564261
-128.2041260283985 66.27483017806969 -163.9387513047825 -17.019847146626027 142.05663088059367 20.426485973380707
-128.32243978350988 66.24213585271757 -164.162391168407 -17.155797053475077 142.18043278026846 20.17199596265946
-128.6179390054871 66.39708399803422 -164.1079393256033 -17.227184883353527 141.8447501893943 19.69233883432404
-129.06781930565032 66.76805414170565 -163.66924318292337 -17.237335105984776 141.05642657900444 18.970353661863285
-129.70654220702278 67.20532934418831 -162.9326169558596 -17.20198473525026 140.8569655229302 18.36421200187099
-130.42172590391186 67.4657389972378 -162.31948611632734 -17.222753042772887 141.33729168549394 18.068634101628653
-130.7465532097736 67.56996311178617 -162.21661019284812 -17.322381438753823 141.98898547948212 17.92464125011449
-130.65522772525645 67.73609900476421 -162.58725479198688 -17.404662770957827 142.53531649168593 17.782259266220002
-130.5868073508413 68.14071404984885 -163.23719533179855 -17.414317522227158 143.00487303093513 17.64009892200796
-130.70255212947555 68.94811882602913 -164.09366534719123 -17.314628687377567 144.02405030241965 17.552557785768805
-131.00664508236977 70.01148852273678 -165.1259062140369 -17.170141549486637 145.63276659834563 17.57932465721224
-131.6316517866751 71.1591820388576 -165.8586397760402 -16.938221722555156 147.13011004569893 17.749313643014233
-132.61481781482485 72.54165452243542 -165.68552465317265 -16.43596766206565 147.32683416322942 17.91575562571601
-133.65352040687293 74.01972565253702 -164.8713954386215 -15.825675510614996 145.30396112771783 17.871527047396427
-134.3160999785748 75.26234965794112 -164.17332752398772 -15.346859329108623 142.14699449703994 17.630886647502525
-134.44364336824748 76.1885225627198 -163.83686466593855 -15.06969646552452 138.7944545039009 17.315180518075383
-134.15171272116538 76.86583117480816 -163.71165529152103 -14.98361361917496 135.16863390510213 17.004741988911828
-133.62031352737083 77.40940910483117 -163.76025759340445 -15.009314538583336 131.64647200659135 16.725993225866645
-133.13703687859925 77.91368281767359 -163.92498865166408 -15.095931832634761 128.32177720097826 16.46359367824346
-132.81515538713325 78.43403873647542 -164.05683232151375 -15.156085157251763 125.42800121288954 16.220794966651784
-132.77599304410793 79.1320908069394 -164.13435675276963 -15.063601086781123 123.43248624004644 16.011831621843157
-133.12349854119384 80.29538312137583 -164.17589263633528 -14.712969189021253 122.19048363326866 15.75871001275034
-133.4988429050087 82.04538100175168 -164.04679880121293 -14.082158812169265 121.19086406509899 15.298621050630691
-133.77407562818067 84.10340053313033 -163.72685469350262 -13.31962562788357 120.23655841495986 14.672207593269441
-134.1383925055812 86.02744544862352 -163.5592007637652 -12.730318850270958 119.61379281197142 14.154935774009147
-134.6696224820712 87.6954283603176 -163.71585074738522 -12.464730930800442 119.47910266962501 13.905497572218136
-135.28511463287873 89.10787431941455 -164.00873816735816 -12.4346247677429 119.6313307149781 13.864694742964508
-135.74672677328198 90.20010236620746 -164.32942945768824 -12.547496134579767 119.86264801312421 13.923980846207025
-136.14506066450946 91.19868264156898 -164.6943960848863 -12.708535895413727 119.99412440605099 13.975657891670721
-136.7412515279023 92.36692060080638 -165.08514220295882 -12.821398798048161 119.85718331111363 13.929430808470045
-137.40782068743786 93.58384664063132 -165.499768344953 -12.966816857085869 119.63513015453648 13.847195592757988
-137.9496492708803 94.68833195050534 -165.91265889434646 -13.28050488577048 119.72403663010087 13.88934825208647
-138.22055578280657 95.79698061223411 -166.17038133947682 -13.60456765082122 120.1135879371088 14.009096253879239
-138.22786555284176 96.94938101824785 -166.28977064958158 -13.76869109082876 120.54051611149362 14.079346998571868
-138.26542316040747 98.02676834263168 -166.53124423424825 -13.862712090392419 120.8073931303233 14.125415522898718
-138.385320052477 99.08046010348775 -166.96941511813873 -13.943178841609388 120.67508610397446 14.12659199282916
-138.4571466583816 100.06251373831964 -167.4304383320801 -13.984117677502756 120.22125989969635 14.057396930652462
-138.44645186362828 100.79907179985807 -167.7299388845292 -14.002587635933867 119.72557184268985 13.978314148294153
-138.37007878289592 101.25190388742269 -167.8530029397721 -14.045516232168126 119.28586695289388 13.935112174208452
-138.34041775722866 101.42675187474387 -167.88109181618518 -14.15294180436889 118.92156170606 13.950655873836492
-138.36702675175775 101.4094061502068 -167.8139016075873 -14.305215104378714 118.59222757292923 13.995236514516895
-138.3284960741384 101.3318588093076 -167.72418707064844 -14.446220732239219 118.27068085494624 14.003626939700109
-138.235161865926 101.21629880890004 -167.72921868884973 -14.5805018949175 118.06666468939238 14.007708465994021
-138.1866802294851 101.02594401684017 -167.81408013691959 -14.741879556762504 118.08103726280373 14.095901702068915
-138.14567936861988 100.84456298998 -167.9475622602826 -14.877892455961529 118.23651070851201 14.218088043638433
-138.0207320016756 100.78319306738314 -168.1295020255753 -14.91969126982575 118.40929089895569 14.272653060153237
-137.90392123478387 100.85499896366971 -168.22988995946147 -14.882558152468398 118.45748173044959 14.264677182232653
-137.8954470242856 101.05363562460155 -168.11113276237774 -14.821488239020052 118.3613055398585 14.263846076578897
-137.89532029234056 101.3009226666189 -167.93122627176223 -14.773696940299661 118.34007024726476 14.3061355198097
-137.8557680826001 101.43418064610086 -167.94100252782547 -14.760937844126879 118.46755517425898 14.367752928483327
