-111.22791933357018 50.88323168706377 -147.29558889844856 -15.130693792271641 111.60041554292175 15.491773581791879
-111.06234151997435 51.824814749442794 -147.3131093567669 -15.06903075160017 112.54182344276589 15.710005627885803
-111.07023485863348 52.90420298387279 -148.34520904364462 -15.167176665396166 113.1478753882223 15.831558197868539
-111.28790445054597 53.76680606461446 -149.8910187888408 -15.448711857799466 113.43308587045144 15.946570836470578
-111.74736570356416 54.39079392468879 -151.50711534313376 -15.851350410666523 113.44386052605836 16.088485004431124
-112.2971310411645 54.890971197602966 -152.97346841262114 -16.30818966684283 113.2810098457696 16.25020445923221
-112.79930592158723 55.34829149424887 -154.30319063830322 -16.78903915410349 113.04122429579472 16.416177231725012
-113.21714716232475 55.901200045815216 -155.61915621172588 -17.35938551154666 112.85559974060514 16.649669845430754
-113.32657205636127 56.88403851891579 -156.82697514911357 -17.966868471877792 112.84235138365162 16.948247753575057
-112.95108352902916 58.277221849398586 -157.56078888885764 -18.454040593573254 112.88484526434785 17.192970901319914
-112.3669019337272 59.680089850457506 -157.765301747122 -18.83051983561188 112.94009543626966 17.376628094256574
-112.00345260863095 60.879129470005935 -157.6980777765426 -19.138797092405003 113.12813443096964 17.54495769431653
-112.07444166450134 61.677142183960456 -157.57880712126234 -19.419447220864743 113.42266966657027 17.728511879906733
-112.53444809922367 61.95884224482474 -157.58466599769088 -19.714687747932885 113.75375171701214 17.946838329765853
-113.1093450949144 61.934894012297605 -157.78398228701792 -19.95857738277796 114.03359555588477 18.113620104832314
-113.59672115787671 61.705738277386814 -158.0896680125163 -20.117857526091477 114.2642889752849 18.19133757912434
-114.06815597447974 61.23123104002319 -158.23604359424056 -20.226644419239896 114.58582644734946 18.280879223618925
-114.56351545154715 60.69439497739218 -158.0079045475488 -20.2984095585728 114.93732568036039 18.420032448262326
-114.96252735850885 60.342282141706775 -157.51214477508339 -20.327756176008858 115.17680005261272 18.544256338807255
-115.1533363506544 60.257456429780945 -157.11105320076996 -20.31035511274608 115.34507912504392 18.594196477686914
-115.26189240155887 60.32661232692337 -157.096695437496 -20.300828042496292 115.51137665959652 18.5987741686683
-115.56411404466135 60.295224437501204 -157.45774711350924 -20.41401893100251 115.69638044649562 18.68288808413651
-115.95433721625949 60.17252038928859 -158.08448400761233 -20.67917959789262 115.89496398346972 18.899710406799038
-116.05691008488637 60.30219299609134 -158.85130942498142 -20.942902911964772 116.08923868657735 19.13575914671847
-115.83438672469265 60.790064155181966 -159.47178212444885 -21.035594073755476 116.2616921670866 19.26255081949319
-115.6613852441244 61.376835974458636 -159.7577192853504 -20.968139096314417 116.38101482948237 19.280701829564396
-115.90082693188072 61.773624540266255 -159.79376474367245 -20.86952362073179 116.46289098772431 19.283358449786896
-116.4581218263525 61.921906923030285 -159.66178701319396 -20.814436935232667 116.55164123413675 19.336988493946784
-116.9717326596092 61.99383653618126 -159.40695736064015 -20.759984899000102 116.61374061804126 19.391482348409106
-117.3537676868745 61.99926954509852 -159.17675237915694 -20.714065811398072 116.62447506505544 19.430748329642718
-117.61322072270625 61.875099413428444 -158.97434693766218 -20.708834118311323 116.62250829047387 19.49328814154289
-117.64022915112153 61.68300903474284 -158.687847150207 -20.700619412661183 116.60969597292103 19.532198868017776
-117.56867919887961 61.406395646416215 -158.35937405900734 -20.69308467092197 116.60760926882267 19.541607747820592
-117.59398919129455 61.12803118340743 -158.05833273972303 -20.672141497102178 116.64984218834066 19.539960319159796
-117.72878421273 60.91263412560635 -157.8256044391436 -20.632662777126015 116.75025324432215 19.54332759424902
-117.96100821814657 60.65513769474819 -157.7278129517977 -20.636416835550037 116.92549276646346 19.60224609020698
-118.17029648124233 60.48623210063789 -157.71131347939337 -20.63971868017081 117.11759578319575 19.672260077299256
-118.21652472795185 60.65013469499274 -157.6826706580346 -20.547193893718088 117.25167780659797 19.67060302427074
-118.08839982311932 61.17195447771936 -157.71460301006738 -20.339784144916266 117.39594100085748 19.600159542754028
-117.85069489872888 61.91915677467264 -157.95049637554004 -20.078119599741882 117.59803249539014 19.504126754394896
-117.6446160411376 62.65818211937605 -158.4469762905851 -19.884105167923295 117.73805816008152 19.421665580325836
-117.79370137463101 63.305365193949825 -159.21611093876245 -19.796317609634784 117.81411834610597 19.37332305305737
-118.47075931167903 63.94642827732295 -160.19914284874932 -19.752085566169058 117.92148784698269 19.329952320079382
-119.13920979727115 64.58186283135441 -160.9078234870462 -19.639357003579185 117.9888245101412 19.20670198892507
-119.21444172279595 65.11459259496817 -160.91473503521806 -19.405739080893802 117.96253659384882 18.982653750295984
-118.84800348675444 65.43142051634561 -160.544297647429 -19.163312167217168 117.91453582251336 18.75028204591949
-118.4722276533515 65.52514051826554 -160.30440175510483 -19.020615856013634 117.91690304055098 18.599149650942152
-118.29094177438014 65.54584174811018 -160.41882996187633 -18.983911628580778 117.99162333161678 18.551412918193158
-118.25332505846988 65.69433744917761 -160.84798828146648 -19.005616334399626 118.03120183912964 18.54528880436571
-118.25173585633368 65.89241290649741 -161.44213080576154 -19.089785381792115 117.99732782676483 18.55401488896748
-118.29925446865849 65.94416644562205 -162.0996177800705 -19.26148948118601 117.99201390733818 18.619060842614417
-118.38839567742902 65.99893905598994 -162.74691882583505 -19.416949735210373 118.01640564223771 18.68489698001056
-118.40023854381835 66.306886741649 -163.4015323283602 -19.427589152951658 118.0521673185731 18.656964968701203
-118.29622753180118 66.7589296103763 -164.04280618885764 -19.357716641485883 118.1608951859009 18.60214986076432
-118.14677405686948 67.08217294943576 -164.57325583157674 -19.34805751571699 118.3635837576729 18.630444695674814
-118.05375079982545 67.29897719886247 -165.02000648096143 -19.386073717201146 118.66166514644286 18.7226721761663
-118.101097943739 67.52516027801619 -165.47568771448687 -19.425104367985504 119.05353867553295 18.838708583163907
-118.28256317716672 67.80901930305298 -165.88697372479115 -19.429624466157414 119.40338432467006 18.931293113098203
-118.50927817687494 68.15994023825377 -166.12477692833755 -19.3802006923697 119.59201202119439 18.97122441821844
-118.80100660661071 68.5620965058821 -166.22925503277582 -19.310359993323083 119.68201504717865 18.99481589163489
-119.3186242443877 69.0837824669791 -166.39412192901636 -19.201469628688173 119.83848598153301 19.0214070751069
-119.96940768323688 69.64111669559847 -166.69788281134953 -19.0766474042614 120.10670685996286 19.046082851738554
-120.52577320040251 70.07522032847687 -167.08096700469716 -18.989630020936744 120.45409279304708 19.075202743892593
-121.00981601205314 70.60007333280804 -167.54179851732795 -18.833719031886076 120.97728942835614 19.083613178578627
-121.48989961137413 71.61176430154342 -168.0926529152236 -18.461054085471346 121.60323568643796 18.958605532556096
-121.90318874378212 73.00961345378005 -168.6274362367519 -17.928051001145345 122.1105731382861 18.6730794363818
-122.21514087064793 74.37423299075877 -168.93440044059537 -17.431364924385278 122.23192873791393 18.313931470513506
-122.53345150184643 75.46255449640981 -169.00631806164415 -17.116145234779815 121.7913232809293 17.950347273967218
-122.9356715478303 76.12754766831561 -169.12768303344217 -17.03493829305691 121.05194636467141 17.672379069606034
-123.34287783365338 76.4118707238993 -169.45600693353086 -17.152342648767643 120.25212017978447 17.504836762626955
-123.66715282657574 76.52434025946943 -169.9348595885042 -17.365109707103425 119.42392596414463 17.384700626083365
-123.8411763442424 76.56896559448202 -170.56949473202724 -17.69232390425748 118.4661492723263 17.28770087856714
-123.83773117770974 76.56588404560267 -171.4732003669582 -18.239922044515772 117.22351005913717 17.22368958958161
-123.80897613804268 76.66707099220204 -172.5551165756798 -18.903818956626992 115.88728095018902 17.19610559651967
-124.10428297962923 77.06893417087896 -173.61337539934766 -19.53887564876949 114.79593140932673 17.265473412770262
-124.91942110965107 77.73870003783409 -174.52210100552102 -20.088506015242046 114.18057439213825 17.490360515922895
-125.9619637237142 78.49069323517905 -175.11618959583848 -20.456810369950418 114.03775700769991 17.77548823624384
-126.92319128444328 79.05707298802926 -175.3556772406883 -20.6659770018556 114.15795774185153 18.040282381070753
-127.7898884066125 79.26887983565081 -175.38140169347108 -20.820513907612767 114.36215886803876 18.285744960450923
-128.4915171833619 79.38808239680336 -175.23766662343556 -20.832117895475246 114.38726993075889 18.376732130027467
-128.81441208954672 79.84069868483687 -174.78975926017796 -20.520526519624827 113.9740807632993 18.134869158893366
-128.74464606131951 80.62456317277702 -174.0880668948508 -19.952669309343474 113.26231838291899 17.642382245224894
-128.47204332257348 81.4923721543411 -173.41733398273135 -19.32775350241956 112.56024388882531 17.096843595373212
-128.10891614179891 82.36351047640252 -172.89205063045995 -18.73568183678494 111.93551390656623 16.563872603968008
-127.83920900936644 83.0815645451972 -172.50135988090233 -18.288802878925765 111.42940168075795 16.139061442803268
-127.77921227644964 83.56849447175337 -172.32642589730222 -18.02144108463883 111.12979323776193 15.8739143717204
-127.84680181785052 84.03124936086493 -172.31914250308182 -17.807198403359106 110.96689230284667 15.670050471655784
-127.96044610275007 84.57329977692044 -172.30171912228516 -17.5962254473315 110.83469296888453 15.480401858170428
-128.02415836196712 85.1064013220003 -172.2471953189846 -17.41943096165661 110.73788914602234 15.321617560686889
-128.06904316330582 85.58236573801182 -172.2277774716386 -17.2639478732303 110.6984164717017 15.190198478821527
-128.23816198853007 85.9819932357488 -172.2844420779066 -17.151365979202343 110.69273772444629 15.101936269258243
-128.5330273327527 86.25060075583254 -172.45581298881055 -17.152514874917834 110.7050178619109 15.087992800791362
-128.80137583522347 86.48694193722801 -172.70770591078102 -17.206196774184413 110.67395208973733 15.083792306630942
-128.94298169330403 86.89065163778113 -172.92251803739128 -17.196218426298586 110.5074398173739 14.992751338536127
-129.0117209534835 87.44968682131895 -173.0458146634868 -17.137305130926887 110.27465738179687 14.846794165630111
-129.10457820642074 87.97144482474528 -173.08757001838984 -17.090116443570587 110.18665027824738 14.75324250067263
-129.27949015068563 88.29140962333875 -173.11874795353668 -17.10305104800503 110.3386385987776 14.77195952550294
-129.50044165267502 88.43302506616403 -173.19154928895372 -17.16648605466283 110.61228649175771 14.856681236744606
-129.6174170423078 88.60346148879444 -173.2359655378022 -17.173949720982776 110.8547149585028 14.897212596484284
-129.52573615794836 88.87063544165947 -173.20882362429464 -17.10171863351328 111.0837939149566 14.876885872870357
-129.3269656971584 89.18821105762136 -173.17068320187494 -16.99605424270745 111.37713457896945 14.842935253909847
-129.18667556556346 89.5047596621349 -173.2333245883698 -16.904235495286677 111.68276833996784 14.810534742740995
-129.11120617099544 89.74132391694235 -173.45001696383 -16.87827751996928 111.91835012416965 14.779317740135633
-129.10216948639442 89.89358823638568 -173.69984282010176 -16.908940330196607 112.0457947170164 14.755969094482941
-129.18849195641604 89.96952521709156 -173.7915615250982 -16.97251853225612 112.06691053788697 14.766725094420616
-129.25510247072194 90.06319496201363 -173.71590596347914 -16.992478369548394 112.07180283845737 14.776857030849158
-129.23415876872113 90.22984834599967 -173.62068078966684 -16.942039852306177 112.12463958476243 14.76037113553908
-129.2701935186255 90.31381655895073 -173.65409243839562 -16.933586693157405 112.21696085306613 14.790525532676703
-129.49144510582593 90.22331453983176 -173.88663764523216 -17.00861311069942 112.40192522535389 14.910858074152461
-129.71042483756912 90.09284984782789 -174.15226628048813 -17.067305916983848 112.57429482829376 15.025836574153953
-129.5971603368347 90.15474181759832 -174.14539052695858 -16.973502147913138 112.42895306266333 14.971578428984296
-129.11806905588338 90.51589429384967 -173.7895719184951 -16.67553107033319 111.93213712825325 14.703050020061255
-128.46017357417543 91.08952959787001 -173.18935176798493 -16.239553251185505 111.28740786332068 14.311438597144853
-127.79572790471727 91.66953215987306 -172.40682582081718 -15.790741994611665 110.65736780518517 13.926801810379501
-127.32634831847226 92.01373900993933 -171.69422701010268 -15.456549576461988 110.25019309045618 13.678683380462164
-127.15026768434045 92.04539602152391 -171.3914391623702 -15.29334726390353 110.18843623988354 13.604842383547085
-127.17823307827298 91.8895047591821 -171.5103649264994 -15.260351078722504 110.39215560918954 13.642917159071914
-127.318712793945 91.70227564655572 -171.75258071129153 -15.287413321163374 110.65264126514566 13.722952703792387
-127.46619182841977 91.57363425207186 -171.81075800433604 -15.341914823007542 110.77452833811229 13.80502560195901
-127.4876796977158 91.54509232459708 -171.6437298890525 -15.391741440190227 110.77351631465191 13.86797334450771
-127.40409070816513 91.65113671843783 -171.40476283351632 -15.362671699028692 110.75017633849947 13.877719129824639
-127.3601826280877 91.8272909187327 -171.2270741485565 -15.25197844682273 110.7336324284606 13.833213184447608
-127.3831879217598 91.9378290113832 -171.15742742880005 -15.148440521890473 110.722368056123 13.779623607944234
-127.36853814959254 91.94777837015906 -171.17858004885713 -15.09903503865574 110.74159419613737 13.743877584281137
