-98.06900989647824 65.84286651220123 -133.95933899177663 -4.736892749328566 135.77795896842878 13.03866916530143
-98.23731880697113 65.41625650817703 -134.13831360035482 -5.068500159798663 134.99475478539844 13.18258739566043
-98.31296575350368 65.06185981127592 -134.20924194209624 -5.313693313551369 134.19608311462193 13.217509643844348
-98.22738535600263 64.75498506653463 -134.31984001513032 -5.549544751980612 133.42915622752 13.185505293895519
-98.17780275143323 64.48176493893799 -134.57162729391365 -5.8234843228583415 132.8490091777683 13.201346740176835
-98.28005757562423 64.34898150756676 -134.82229371009637 -6.066183626093204 132.5313490496402 13.308994804964154
-98.43807642264785 64.3172216335235 -135.00391324392487 -6.259311642535587 132.36833809350918 13.466961815336166
-98.65749844092034 64.19417633759618 -135.0668623369466 -6.442363435628315 132.2320553903744 13.666170221761408
-99.09630115710804 63.88079603850846 -134.97307423858183 -6.646344418712476 132.07890339452157 13.943455796227898
-99.9646939052597 63.44435102333131 -135.01489109608016 -6.953605657706335 132.0093302277969 14.323663165478841
-101.5295246488044 62.88922183115157 -135.48898738522684 -7.50170144091039 132.10980769844355 14.86651978172397
-103.63838127869474 62.13370581815393 -136.2468711716435 -8.28237941618354 132.46402537512492 15.601049499897645
-105.63553346150701 61.31519614715759 -136.96283660497556 -9.086274130540648 133.0205005685724 16.365838205964174
-107.07017206837816 60.67180980815668 -137.44987499161905 -9.73338325883124 133.58937970013116 16.99031597344069
-108.1392456040549 60.35770614279696 -138.20297609935432 -10.408125391404127 134.083629373145 17.59148914654267
-109.3588646327143 60.35548914398083 -140.18053467985703 -11.536869095215167 134.36732129618602 18.43982043923454
-110.86220271625527 60.39941439932209 -143.2715032407686 -13.126290404759683 134.30658598856542 19.548764434767197
-112.33131561416431 60.371010474983585 -146.55639648214782 -14.7096599304025 134.12811485654157 20.617474748211578
-113.39412307290868 60.43664112839759 -149.53224094300873 -15.903565402288082 134.09169968586352 21.334700201854076
-114.1220844560237 60.75033269609478 -152.35484920185894 -16.711268360356595 134.1634379900607 21.695506398366746
-114.8785718839936 61.36581759752288 -155.26342038169952 -17.276160421678743 134.2733323907256 21.885963727224905
-115.63876147036461 62.12648406269204 -157.78437775820166 -17.60139802403741 134.4523860513592 21.992370777616394
-116.21907467386158 62.738393385480066 -159.39213016770293 -17.718283159323956 134.67715183262038 22.052573103979178
-116.62255699136702 63.07611708596484 -160.1277691082303 -17.73519744498864 134.78477265405587 22.08728546839947
-116.89013812164973 63.237014508142565 -160.2618158425054 -17.708303748318375 134.74169183564365 22.11310135890613
-117.1179914221311 63.370097512635965 -160.09036656530455 -17.668367593761435 134.56009234361716 22.155367050559853
-117.3733783204161 63.57385392498276 -159.97558556983364 -17.649819863541243 134.2643791494607 22.19480750379425
-117.58800855557789 63.83707869610994 -160.2175714371309 -17.694546733253013 133.97142792187532 22.232342133981312
-117.7468474557142 64.00779415922395 -160.6858427185286 -17.84941565188287 133.61783047106513 22.343008310336085
-117.82166225670271 64.13847676458437 -161.0824148468123 -18.034359681848144 133.1633277308376 22.501626434643832
-117.71516069400025 64.45145788681674 -161.3636697573495 -18.094748553753956 132.7343070715101 22.55177690098616
-117.54702939295302 64.82991911279572 -161.59866825873473 -18.055523844721954 132.44603096567738 22.510519456525866
-117.53277371008825 65.15279930942421 -161.7143010434512 -17.96309283876926 132.36470573056698 22.47571312865069
-117.8102824543663 65.46220786854352 -161.72919643573084 -17.849091757051127 132.46649752098975 22.481106803523712
-118.45387760324883 65.67346196568727 -161.95710390640343 -17.847395133210018 132.64048131654852 22.571428659710655
-119.28453406622748 65.82027647358765 -162.45979287339821 -17.941504029517404 132.77724133498728 22.691054110701913
-120.0806971350201 65.97665639853736 -163.18247251381547 -18.06068167494399 132.85583714900514 22.769220208981995
-120.72788758036386 66.19477483699659 -164.16762740172845 -18.190074985133464 132.89770382778286 22.77641438000955
-121.08931413649387 66.51438910594905 -165.14560087341562 -18.29692377212127 132.86423025341543 22.70059434220063
-121.24322899250338 66.73294485187895 -165.86518440581636 -18.426233451927928 132.84886364009674 22.675424925629756
-121.33907297294991 66.78285954527912 -166.32703085357758 -18.583963675313743 132.96018228486 22.7717649746737
-121.33206024452981 66.94549770092993 -166.6222889300887 -18.68026023722448 132.9984955073769 22.82198171989833
-121.31314087327426 67.29906328036597 -166.85385962804446 -18.724761909815808 132.80294127256076 22.76288433262268
-121.51124646345082 67.73511328621522 -167.0040006931968 -18.75482877594456 132.3927172810268 22.658137479183125
-121.87328613377689 68.30146929278742 -167.00732656334264 -18.695400868847976 131.88625792260132 22.479416532221606
-122.20342485564267 68.94401599131663 -166.86045783260562 -18.54567863831572 131.47509474121603 22.251540999885552
-122.5438131138934 69.55420309898963 -166.53987503674833 -18.373951099554027 131.21490952886103 22.052479763594583
-123.0033136552093 70.0630519714476 -166.1140456490476 -18.253515679624606 131.01165350275028 21.909140958319384
-123.51036601883587 70.4237269052457 -165.70175156199966 -18.233962084617993 130.72001599942692 21.811633294681513
-123.8895942505066 70.78726826298485 -165.3238693970858 -18.222633126365054 130.29219019370572 21.681573279261954
-124.16516131104663 71.23880732521607 -165.1209921997421 -18.147624036838447 129.81347202316942 21.461712251605842
-124.57393786686261 71.76833246713218 -165.14960895664566 -18.002909481113278 129.35071412868348 21.174487581105566
-125.23547698657563 72.44244663605392 -165.27690858831875 -17.773931814307367 128.91967552927366 20.844251198398258
-126.1013616571943 73.10594789100392 -165.47567937780866 -17.562046572988038 128.55694028627224 20.55471209617669
-126.84796956524194 73.60680661666015 -165.71588367009855 -17.442575491303003 128.1967950525783 20.33138442959762
-127.07420634298171 74.0956045491971 -165.89844373869516 -17.321246394415454 127.76083174050612 20.06411734693141
-126.80271013892911 74.63470441776661 -165.96032789032725 -17.144963108463593 127.29391447540888 19.732620412180033
-126.36721043958377 75.14724865243554 -165.94920699705239 -16.94840324155111 126.7927159368759 19.384771537516624
-126.07062846588789 75.63393435393719 -166.08512341141702 -16.730137042233636 126.29969967825055 19.0322427826589
-126.03445853987336 76.10554213703978 -166.4205867941542 -16.50993974512412 125.77045966641595 18.699045443212505
-126.18264315210394 76.52707764805402 -166.73043811775364 -16.357412246233764 125.07691310149272 18.43580147944149
-126.35844429340807 76.90085462203666 -167.00735097832612 -16.288570362907343 124.31107476126931 18.238932163226053
-126.45869946812562 77.1622041244349 -167.46528328410443 -16.351735509119948 123.62496678806139 18.092686249699273
-126.43757989948475 77.28435922056468 -168.06424254087233 -16.56502348910319 123.03935984551532 17.994333636343118
-126.26425997045502 77.5063830468787 -168.5382102474473 -16.743048363268855 122.50326853341875 17.85566953030896
-126.03009037854832 77.9775424082315 -168.78969147815317 -16.74363258247356 122.0416953373372 17.634356149832474
-125.88386269795748 78.55919491643053 -168.89754190776483 -16.63509978316023 121.69986920084385 17.404403155062834
-125.85570338636948 79.09705757089516 -168.90979509029668 -16.533248948151602 121.38424080895976 17.209404188984763
-125.93440509723203 79.52886060988072 -168.86193694866628 -16.500042258737025 120.99787792121325 17.04814229615343
-126.07902173326863 79.85761675584934 -168.8887431404185 -16.516991941509588 120.73682451212107 16.933798505548996
-126.16183494039934 80.2376699784126 -169.09010882307655 -16.51214617093147 120.69108708420723 16.827177891904515
-126.20958478292002 80.89294334834312 -169.45483215175912 -16.45527179750883 120.58749319909197 16.648128333638876
-126.40505433476824 81.73709485444905 -169.8993352549422 -16.412561251599673 120.35868290721561 16.444961200803842
-126.75975016278724 82.46308866852414 -170.33572564644905 -16.449868355858666 120.14575068215828 16.320797074791802
-127.14972977604538 82.87751054171237 -170.76235383659153 -16.571493745508377 120.1186468400305 16.324047141098603
-127.44586501805568 83.1325484845115 -171.04019747562862 -16.685976389250655 120.3106790003714 16.40555609929248
-127.5710978542123 83.59766650875142 -171.08927765763167 -16.6563395163286 120.44919885183117 16.392546880245526
-127.51218293130972 84.1961915613636 -171.1444929450853 -16.539506227023193 120.44707826505771 16.24724137581476
-127.34859115511209 84.61748080302252 -171.3561799155685 -16.476106988699023 120.55375057190504 16.1178347683257
-127.24084745154855 84.9155819968547 -171.61212439696553 -16.445955687658042 120.79862790130994 16.05815645446572
-127.26349873328772 85.27998760502618 -171.69722626552988 -16.367758374397244 120.93740326387555 16.00630275694508
-127.45649347066502 85.59847735301005 -171.608155692297 -16.307632535304123 120.969551087017 16.002043543439452
-127.79206064829336 85.81661762400923 -171.45620118121195 -16.31056738384189 120.9799642036706 16.05897327851576
-128.11493369620072 86.13321318983023 -171.335600862987 -16.29918572490134 120.96339533951233 16.07188936815025
-128.3101096130538 86.50451097649062 -171.4945888711415 -16.28912862201029 121.0414321105189 16.02161395176382
-128.4057550172221 86.79148049964932 -171.8921952364073 -16.301297438122955 121.23959298125258 15.960832461006024
-128.56205795029658 86.93367290374081 -172.18618861677422 -16.336572737990558 121.46134843919538 15.96297798126923
-128.8877631176708 86.89791369956637 -172.25906646979132 -16.424507844797848 121.67756576712411 16.0722800527344
-129.26578943456207 86.81946915537699 -172.30704559055897 -16.51355357928192 121.9063114825112 16.19806356363993
-129.52458242690372 86.82768217612482 -172.50091247100633 -16.54731088441959 122.14180860592425 16.239227188702706
-129.64073582610254 86.84980968599632 -172.6984188313814 -16.56560695078259 122.38620744936324 16.246785998344045
-129.62389632329268 86.85753234766992 -172.7876027503451 -16.590694554844767 122.74093952870973 16.276922430709824
-129.4674529802636 86.97055963454025 -172.87594410999955 -16.577331519302742 123.22738452708396 16.282103942239843
-129.2254830574705 87.1491382497914 -172.9677462144665 -16.549797892483127 123.73338241603668 16.281341744945607
-129.02465019583738 87.32324730172198 -172.98087842629224 -16.539808642867705 124.08487262546154 16.31241524637801
-128.91459610496366 87.5786380285831 -172.94452564595207 -16.49752152847247 124.15771153465164 16.301777092480155
-128.84873456681555 87.91497155849183 -172.90581807209838 -16.403346799286563 124.06946353451119 16.21478521710413
-128.88736757616198 88.19871451605596 -172.8782959490314 -16.295715796822908 124.01767563453174 16.122084575538313
-128.9947373513219 88.35008837744326 -172.83896173608633 -16.200214366811835 124.11411322037648 16.072731892055394
-129.01214979576295 88.42401863744644 -172.70674144374647 -16.107609440480765 124.31731710268738 16.05127611693859
-128.9923373921625 88.41940440933098 -172.55160996731564 -16.06414842471685 124.38599507625264 16.034020856902018
-129.07011118429222 88.28468662532836 -172.55077892243173 -16.121781592298962 124.23111312707763 16.02289619494899
-129.22294300746546 88.10044262411665 -172.7000223086112 -16.213658265562792 124.09601970904961 16.031491097872067
-129.38170595811408 87.94123207860117 -172.8420965718587 -16.280706928669794 124.06257585434747 16.064668776535584
-129.59420941849555 87.71930509683837 -172.91670848703188 -16.368732652829497 124.0955504958803 16.170603189411416
-129.8587568101024 87.41861614718638 -172.9099442148855 -16.478444637579052 124.23147125613312 16.36048280090576
-129.96140277153546 87.2459199147618 -172.72827845826797 -16.509793473955483 124.34680816834745 16.510741830772698
-129.85376762188548 87.25893147589561 -172.38078876083352 -16.463854838309413 124.24147042783704 16.556232127563078
-129.70474541730545 87.35627804793123 -171.99128244039892 -16.408558523295817 123.89858626533213 16.536179969709856
-129.53382734989145 87.52857802969459 -171.67384511371125 -16.321816980052034 123.63116527860254 16.479946165470366
-129.33860357972827 87.77884190887048 -171.46921693471137 -16.18815235576637 123.55764621929762 16.39708706031051
-129.20986626527025 88.06681767607591 -171.41223795165612 -16.036710841486553 123.48035207582652 16.285035904920715
-129.16383489203622 88.25637841795289 -171.4647882353878 -15.93347749786847 123.38691267809995 16.20450070793703
-129.18842132065964 88.24412897774643 -171.4590448541784 -15.932583616965017 123.33005326073885 16.23109364229074
-129.31227039450476 88.12766108447778 -171.33698914388967 -15.978237616667911 123.30562799372885 16.33657536469366
-129.45969292876094 88.0479918422601 -171.18458970376034 -15.989514180664015 123.30884875086065 16.436071391689463
-129.48925971890415 88.04641856639526 -171.0553551112124 -15.95091518828045 123.31133822690555 16.478162227792133
-129.46209800964917 88.10045425959176 -170.98371596592858 -15.887438819640881 123.24772647726635 16.45563950216203
-129.549063388759 88.13952206029079 -171.0099690178031 -15.842959196801162 123.08508513614655 16.40551444494551
-129.71244973464616 88.10811431206736 -171.08094036361945 -15.836957565886978 122.92544810679468 16.379099729703203
-129.80982265570884 88.01094792375761 -171.2165873342699 -15.872870488304457 122.85099788111611 16.37248458559836
-129.73285111018032 87.87012580206103 -171.43729940037142 -15.945085354698001 122.88567235062291 16.36947134248621
-129.51364371611368 87.77201680856078 -171.58293758915156 -15.980562551154767 123.0176059442507 16.371046160614043
