-109.14562827945869 62.77985368372222 -139.81834052383084 -6.204455921174793 136.6502049929694 10.977962578579083
-109.20012144217458 63.09419497417642 -140.08671321125954 -6.290179203255297 135.12371196194573 10.914226111337232
-109.13815256833298 63.297359397284794 -140.39488225777967 -6.406760080598149 134.11057784080788 10.842847152961685
-109.21445262790897 63.31527422944419 -140.79825817641031 -6.575406519890115 133.60170069400192 10.860720368476663
-109.78217164290001 63.04886432471983 -141.26950037774418 -6.8523951380831924 133.480312853587 11.08890510829336
-111.18530441056784 62.32712946939577 -141.87745600552 -7.395374473995238 133.79238175805506 11.700784299276346
-113.41273896421811 61.33647031043301 -142.64467605208338 -8.21489246006881 134.642667210137 12.70926744616503
-116.14755991004425 60.481461867546635 -143.3625733231638 -9.082752492612313 136.3017792841761 13.986489380100366
-119.00828817652703 59.742239388364084 -144.03911885272095 -9.899776419318409 138.34685391847148 15.343152189905751
-121.69362086976382 58.93276413935658 -144.82671926068204 -10.683303790052129 139.94667772295992 16.57398290154087
-123.78660413645802 58.49568443008737 -145.96458641971304 -11.355016343108698 140.88522275656172 17.49804669813513
-125.03860305090315 59.10872961457875 -147.9274694131915 -11.92592854588569 141.31300743959613 18.07156799953428
-125.85128914916332 60.42498901748059 -150.64385851874187 -12.573434855632176 141.40775119776814 18.504067791338045
-126.59646022374312 61.74154940131091 -153.30322502759026 -13.253495891538584 141.25045153320312 18.89435693616691
-126.9919125050238 63.08794749605761 -155.36067952025087 -13.708861489600809 141.03550083238423 19.044306702078575
-127.07141976826532 64.34103224936338 -156.8793266124499 -13.97291093644705 141.0073625860872 19.004768198480296
-127.42966986085034 65.0996525330519 -157.90656638062137 -14.216355492063443 141.03357989712782 19.053772581073442
-128.08329468005923 65.47841589066812 -158.47058424380015 -14.437154949977963 140.98035680039533 19.203745753521872
-128.6385982069221 65.78082611092918 -158.8412909514283 -14.614231797183766 141.0143965522526 19.344997395502997
-129.07017450929646 65.98223959508222 -159.29064022268813 -14.807348796691404 141.15746532651917 19.47742372513642
-129.4880210698218 66.0733431682502 -159.84215893708253 -15.03597293409647 141.24401951574742 19.575766849596224
-129.7031491214961 66.23943032385367 -160.47363835196697 -15.244585622260907 141.38162545938243 19.536465441750018
-129.7389925612659 66.43452994686872 -161.1980116331726 -15.487653324976755 141.6047265399187 19.429583582782207
-130.05475526329275 66.48041054650378 -161.90053216710828 -15.877995235176305 141.50899399602412 19.420993724490085
-130.6931205999535 66.48548734588356 -162.55960859092067 -16.335577549808388 141.22623299409685 19.483438143631027
-131.1012646888546 66.73004199286854 -163.13315510988014 -16.66202602592627 141.3180153757008 19.47490853880602
-130.99674315436496 67.25175052366933 -163.55439843809557 -16.775180175764266 141.8417488338942 19.330971933378002
-130.51070183784344 68.02321319444913 -163.8196021183188 -16.64530691121082 142.52041445478466 19.01478760712727
-129.94525409280178 68.98801790189933 -163.79722009065702 -16.304191095354504 142.99384949331065 18.580413205995193
-129.78253519034246 69.7773793869148 -163.52616530558947 -15.949752882648632 143.1555861359692 18.279134897417727
-130.18309419704758 70.27208636800522 -163.25688261862945 -15.684878516733248 143.13120000890825 18.168597194155215
-130.86905599990982 70.68095618733658 -163.27498368531462 -15.473412876434118 143.0137045571458 18.049889314653115
-131.54388895206347 71.11409406984947 -163.64368310186416 -15.296875653151284 142.72793670086577 17.80673004651633
-132.07975026076616 71.68112999197965 -164.15206479289813 -15.11084857409979 142.21597457433637 17.468387654754576
-132.440195180702 72.39026044280925 -164.69750378003516 -14.895147908692529 141.83243066478343 17.149078798160375
-132.6638762532508 73.10486715303975 -165.1988974742015 -14.751865971997944 141.42199900417293 16.95248900421063
-132.8056440898863 73.8306164624542 -165.6217733647894 -14.73378885440242 140.560123466179 16.859005281958815
-132.85885538075678 74.63153397420352 -165.96300422594737 -14.725516829049505 139.4950720191834 16.752168769763564
-133.11449251213668 75.42475203614177 -166.05563061943906 -14.651477826165921 138.5240724789992 16.66189461995633
-133.91022020975842 76.28228948959324 -165.953582599093 -14.524478767315848 137.50126201210492 16.60740984988395
-134.99122916159507 77.35157825064832 -165.94164242724815 -14.381790692951553 136.09094135145688 16.43278907429233
-135.98036065083247 78.62350128478892 -166.02141292302903 -14.244993525219314 134.3931284359473 16.108002649833345
-136.7191845420902 80.07019134687775 -166.06597313110782 -14.129237558744773 132.6588934946693 15.704414905302137
-137.12417792740482 81.533435484851 -166.14849261506436 -14.059861670254218 131.07390331052147 15.284809791526353
-137.2802699757105 82.85888168023764 -166.27450568537864 -13.996940016578563 129.88580224872845 14.921533614803057
-137.291696289617 84.05711600015594 -166.30403036281552 -13.871743550751532 129.07543104265145 14.614451164020323
-137.25463413940562 85.13850063864895 -166.25330399747475 -13.696686281481544 128.62231068807438 14.367870155485825
-137.29517312476017 86.10935244021678 -166.24337673535592 -13.509137253616533 128.68490612260416 14.219308707400424
-137.3609633642477 87.06870072729129 -166.3361033874449 -13.27618611369185 129.3069883391371 14.111220524838242
-137.27398597663657 88.09030336477899 -166.594569517983 -13.050542454920912 130.33355665202572 13.984862937205573
-137.2160773616204 89.27209903270452 -166.92435250601312 -12.992023551307952 131.37496511747582 13.93471808798872
-137.45855682041244 90.70124913780339 -167.11440336914401 -13.156207555675861 132.0454266147744 14.038577468098527
-137.90335030272058 92.15733583156657 -167.19923722094677 -13.44947815307891 132.35849121881444 14.226072193795613
-138.39602212853836 93.32479664398166 -167.41450914656392 -13.768709050342412 132.6741186168754 14.431776007978087
-138.76739733570838 94.24490532802265 -167.92423273708042 -14.083388644957779 133.2278281895786 14.598568540704381
-138.88973910330824 95.23766588320754 -168.5938001775868 -14.35346011843184 133.8163127769361 14.640254619519204
-138.80047749541666 96.48689570059138 -169.20380182632766 -14.51342479999856 134.22449117873396 14.51610531214121
-138.63507377231286 97.87376703346303 -169.7968939984039 -14.611395762749797 134.7410991624571 14.323998962450283
-138.5261757998572 99.05485070612274 -170.47072303321266 -14.769440525740304 135.64962921408224 14.250795249561506
-138.56308031175814 99.7751838563359 -171.10173689459384 -15.005710935759014 136.5524713762658 14.362451519044061
-138.7626050179734 100.08187183525104 -171.4314527325448 -15.260314828550936 136.65575915507102 14.564963156579214
-139.1138063901064 100.10732118547777 -171.38198401015256 -15.511883127848808 135.6076631644431 14.776790723844229
-139.60108412678613 99.97060380977702 -171.13595654278998 -15.73901510183996 133.89432816167286 14.971150012212602
-139.954870857302 99.95609479814209 -170.89955075762413 -15.854515963019608 132.10038139103668 15.024415335032483
-139.8676752624164 100.17472517721961 -170.84940927018448 -15.85979388270199 130.65646828976648 14.878240735169346
-139.3908392003019 100.46161525970514 -170.95705238988194 -15.821414758772136 129.8029387332155 14.64706629418176
-138.7915947484821 100.76930731109363 -170.96611068216015 -15.731460534885208 129.308341127748 14.426205412703201
-138.26999221005497 101.03893456858103 -170.81139370574752 -15.620586828989563 129.01629369139894 14.276390468294
-137.87861586750878 101.18220887790741 -170.6232981529775 -15.549597840237713 128.91679280820694 14.209295250080844
-137.72919245272425 101.14653103766126 -170.56131626633027 -15.555121118901791 128.95593055914077 14.21725774566789
