-93.80942183065028 43.41199318372621 -143.67093319711313 -6.456078351837869 132.3474386339724 13.747881231796104
-95.49335007739148 44.11974470773728 -141.85008081576103 -5.772874506123631 131.6376350209881 13.834799973182225
-96.68276499427986 44.60809177707099 -140.74095325298444 -5.310415731446611 131.30618687643135 13.880567139345914
-97.09580267028247 45.00011200120042 -140.1081545669707 -5.001132420984687 131.29909950219223 13.846203643138896
-96.93715406726596 45.38322197593955 -139.66039004840704 -4.754950742245626 131.36035260679256 13.734005266431089
-96.6925909317362 45.62789429599262 -139.36795630664176 -4.620182346552559 131.25036669918913 13.626635164590219
-96.7142850231163 45.572573801768655 -139.31267601396675 -4.67897017529061 130.9807915808445 13.626216005952784
-96.95462301156485 45.33452630652446 -139.43216459836015 -4.85052175437965 130.7437096843134 13.71404319616174
-97.19530742410228 45.1338122481883 -139.6232107687253 -5.000202824093383 130.71479281596876 13.803247715281662
-97.43332942267548 44.96793358402087 -139.81327007270235 -5.122083244255682 130.8812504851793 13.899927528245282
-97.71910538984096 44.82315347029382 -139.9656791636392 -5.245269061274801 131.0048659907972 14.008551517803149
-98.03529695967111 44.771851677167994 -140.18107028893894 -5.369221235525562 130.84952684770326 14.071594209500146
-98.48010059367837 44.78917638713361 -140.5266271854931 -5.58063742531178 130.55324596186307 14.170468972126141
-99.15515434143664 44.88164398477968 -140.80586078142878 -5.954990869238353 130.31343120870744 14.434067514689968
-100.22582758944229 45.138979949972175 -140.90939218482478 -6.46428004623005 130.13857157239462 14.843545910543153
-101.92225492650851 45.48150309849926 -141.1097446849883 -7.131373188248665 130.1495221823593 15.370102463890449
-104.07633572211927 45.73218563955275 -141.53428115921906 -7.9203846936813385 130.38604414712134 15.985982476943217
-106.28081792500467 45.76620702648528 -142.2906748146376 -8.796642644458274 130.41758485251484 16.545225351844362
-108.17794691967718 45.74315525132816 -143.38425847034262 -9.697522065417953 130.02673956810656 16.93339840952384
-109.4327117448679 46.304601775745226 -144.32223231983306 -10.41269881134713 129.68357568792024 17.2209972025167
-110.17080324253422 47.60065091041034 -145.1378766542834 -10.995401644169199 129.53351680205913 17.516396655787464
-110.8000868019873 49.19098530968809 -146.2746893982304 -11.626763005005536 129.16165327704763 17.794934500783285
-111.3920768420312 50.93578948666001 -147.78066505687264 -12.255457674636387 128.33969814148588 17.939965736536173
-111.90295364173107 52.61486559499462 -149.48351157903397 -12.837179939320379 127.19697617540834 17.944291356476747
-112.39790334298897 53.85782060763151 -151.20422307667226 -13.429096263748194 125.97699739900042 17.913877418773108
-112.92594994092923 54.69018251180393 -152.73035599816984 -13.987902437463834 124.88530137001702 17.900974227734707
-113.79848960716004 55.57078876952097 -154.0274193773129 -14.49975343229666 124.29010976248304 18.025991578881914
-115.24455023932187 56.88405426106516 -155.21794252579193 -15.00063166548691 124.52677426656938 18.39742272018028
-116.75811884110661 58.54073552878612 -156.2884015255546 -15.471582007169886 125.26758760725576 18.872585405006127
-117.69898404079805 60.43370265406816 -157.2087984576932 -15.87417536794742 125.94481163442181 19.23330728828109
-117.96349063791104 62.4391788283925 -157.93143984573345 -16.10751781831413 126.35402143326527 19.382082320095968
-117.88841664140972 64.13608142274741 -158.46806406730582 -16.227408198669394 126.42221697355976 19.392908330862564
-117.72364941401426 65.2461572972451 -158.90846699194464 -16.378325801762465 126.24347172433838 19.393193204932025
-117.52219462838715 65.85840055804614 -159.29887781490197 -16.541853574831915 126.15734952622878 19.44855046257716
-117.52571016165007 66.16033572743082 -159.69967516484058 -16.702433985334036 126.32648635138091 19.612907788026256
-117.93961013717265 66.32445644121319 -160.23852043636668 -16.885492713872313 126.71614161862753 19.874480948836354
-118.62802770825718 66.4501456801128 -160.95668364995805 -17.072197810927342 127.27061857624938 20.145427225699528
-119.39550772795909 66.45334288774133 -161.7327988574943 -17.28027514792768 127.83953449692969 20.40245240403106
-120.02963193849459 66.4550198650218 -162.46316807951348 -17.501988799023398 128.25724003884628 20.5986556523451
-120.24468858184713 66.7903457461162 -163.05613284606267 -17.64887982005216 128.42808574973992 20.611128920823177
-120.13136006426583 67.26036915778714 -163.4669038304756 -17.777334746331874 128.41214003982031 20.53003188800583
-120.02085366663218 67.44178004079937 -163.74560169603882 -18.000497568024297 128.35494962709078 20.54261925863684
-120.13144634098141 67.26620543859882 -163.97593230744047 -18.318569276998364 128.30014124861466 20.65442733023688
-120.54319818803019 66.90184565976105 -164.2451663478135 -18.67494366433832 128.15900276730406 20.741438745480846
-121.08052795923909 66.63094073238621 -164.55844684262584 -18.952596020048155 127.88424846443661 20.68763856607961
-121.55745737328598 66.56106761741198 -164.83247840528963 -19.09498519356391 127.57715879297443 20.521487061429617
-121.88332332626135 66.64869135877481 -164.91604279879613 -19.128365889120122 127.30238377426855 20.328098187876527
-122.03293179747834 66.89757278676004 -164.80384960266971 -19.08634332346988 126.99137933542565 20.097701887706748
-122.17808630173379 67.30434597658785 -164.66777275520934 -18.98899531684269 126.62160596104667 19.807310979852552
-122.54528910039102 67.72777215935041 -164.62507251226538 -18.875921741792915 126.26761377454903 19.52875551441055
-123.11060097353828 68.0038726611158 -164.69421451003478 -18.824402212798166 125.88632180954565 19.312583948992962
-123.66449689587019 68.20132895385305 -164.77425843769186 -18.8118537609164 125.45627793472626 19.12907830117213
-124.06498537346992 68.47470472519296 -164.78389734548563 -18.746265349817733 125.1113462977681 18.941318419985663
-124.28856024748029 68.74815128977352 -164.7407145355424 -18.657212852328172 124.96007513518062 18.782009509673365
-124.45255447586204 68.75041611996349 -164.76175384415097 -18.69674421234264 125.00107026231615 18.754165416720078
-124.59336312616006 68.53522761239935 -165.0525988302517 -18.874126772738993 125.11832267482359 18.813993655535036
-124.71449734031918 68.4235711391396 -165.62478645653124 -19.027627420979655 125.25262733350613 18.848955042191086
-124.8269646140296 68.57486809255767 -166.2298931419575 -19.03822919840842 125.35791640169101 18.806283736213924
-124.86615444128559 69.09750528579372 -166.66386424095214 -18.838984686121908 125.3454550265493 18.608628469789508
-124.8464652910889 69.97388102666731 -166.85765406650657 -18.436937721569073 125.2618048967418 18.262253586204334
-124.72290893714376 71.02541902248635 -166.8578048607248 -17.907825458655218 125.18502468913613 17.822285464878668
-124.66242498743526 71.93246006241372 -166.7723123824255 -17.417830248668253 125.05674245342234 17.41397517699773
-124.86349070665855 72.52099304453058 -166.61086600224155 -17.066527562278605 124.81520041656128 17.142452059744848
-125.06760860216151 73.05498525470809 -166.39236868921864 -16.68662539477809 124.59292325938179 16.88649436737344
-125.17912470943126 73.61022279572866 -166.26580432439926 -16.217619587108523 124.50124271366843 16.589710753590154
-125.35177524799748 73.9966326130458 -166.27671998410622 -15.804078909552677 124.41890908631333 16.335450858300124
-125.39832180602752 74.35267243709697 -166.23730523606812 -15.409318569608129 124.26620674348604 16.07120982536574
-125.25436574386578 74.72093722150001 -166.04812303670957 -15.01372348575252 124.16620935605255 15.807896243899503
-125.12143258595354 74.97335532076806 -165.75291931050174 -14.710582097961343 124.13615884807504 15.63667421092794
-124.89907207450383 75.29465070280938 -165.4715058146345 -14.439849070933118 123.97994341445482 15.43557249433118
-124.55339909938544 75.75321268766851 -165.35657278263375 -14.177157253058066 123.5794389980874 15.130691227965606
-124.27961312845113 76.22969018267793 -165.36466038987732 -13.979384835835047 123.07484143560282 14.821883836017523
-124.14971496830393 76.65763206975417 -165.40902815903766 -13.858773748209838 122.7299794138919 14.585946286591312
-124.1719145572834 76.95992609400915 -165.53843197963226 -13.82495377130854 122.54157892190679 14.432289707318901
-124.33542573299913 77.16678250465893 -165.7646522230511 -13.890331991990557 122.21348716522084 14.312758518203891
-124.69729166813818 77.40018256748502 -166.03172939671265 -14.039346336184982 121.62324319136337 14.196067826488328
-125.29905306238788 77.75721912242948 -166.3013551533857 -14.204463809298282 120.91196078011417 14.072422269195208
-125.84130435926355 78.28218684652455 -166.5107877466904 -14.310756823664303 120.20440564131974 13.901134288256767
-126.04756644424461 78.95760780555892 -166.7176653323666 -14.325217561691195 119.5987604721808 13.65053435603366
-126.03228608547246 79.71530725286982 -166.99717110538506 -14.260844763044275 119.2388719529971 13.371337570410933
-125.93736279890403 80.4739146721191 -167.1871567161807 -14.146261374399106 119.03407018106492 13.122212395553086
-125.7930592533803 81.1753087820735 -167.24587122656447 -14.006081397261937 118.84096530758254 12.903578875189064
-125.65887210306721 81.72476299983803 -167.34484052723477 -13.894171511465855 118.82057947598918 12.751131043897772
-125.56949289164322 82.07447630262345 -167.4976375936522 -13.88296412158611 118.96882400001016 12.704937366459237
-125.4853277510501 82.34067954234132 -167.63159524613846 -13.967569985259384 119.05999787022094 12.717667056873118
-125.42002865962084 82.669618289558 -167.83939044943713 -14.106202684208188 118.95385740178216 12.700808938440414
-125.5980579991008 83.06536506286704 -168.2398432953885 -14.305876456659231 118.66789818107236 12.661124493958905
-126.09620125357532 83.42152185636328 -168.70503487622335 -14.538404608985463 118.36102716079675 12.666263871197943
-126.59554492876825 83.66549285616122 -169.1016045414819 -14.75231343961893 118.21111184929927 12.71308681169403
-126.87519299502402 83.85501173584814 -169.40993351851705 -14.9100135867284 118.29684583630655 12.77036157264235
-126.97183463531394 84.12266841735675 -169.52932594268432 -14.973946008213224 118.45328363252341 12.814116189403958
-126.92255722143003 84.53468462577186 -169.49480329060205 -14.936665231404806 118.50073174309475 12.796801690764891
-126.85543345038444 85.05730925380068 -169.43609843259804 -14.862416473002696 118.44238827766779 12.736421060571839
-126.90673082725681 85.61664042817796 -169.40135399811032 -14.828930833202621 118.37036213684421 12.698126351910355
-127.07184190114691 86.1084691795887 -169.47173959496786 -14.850032757786693 118.32995825717444 12.684002768740687
-127.32621443537577 86.41788986043485 -169.68515941898903 -14.960083051100895 118.28072954677054 12.708232430599523
-127.47608645554871 86.61382566330815 -169.91408294341352 -15.145011492460611 118.267820990823 12.772024285279786
-127.36040488416972 86.88980800927195 -169.96954065758416 -15.301971792808267 118.15723143813715 12.792284235360846
-127.17918918377771 87.29025411654328 -169.91668762698157 -15.373415477887725 117.81825062376063 12.72210374268336
-127.14558767496445 87.67243459571723 -170.00363401248114 -15.384749382849307 117.58027469499278 12.629237834241291
-127.22783087526318 87.94804292603224 -170.2770398273176 -15.376881085389702 117.6328723602737 12.565544586629386
-127.27409141213445 88.18813345375727 -170.55994207853814 -15.343406067507075 117.83501831307618 12.513253561859383
-127.27283767636888 88.38281802464266 -170.77562374479723 -15.310662448540315 118.09750546379897 12.487338768288629
-127.36488851551016 88.4543548986056 -170.96193546616652 -15.326549142347972 118.41439689479441 12.530710271233628
-127.5625858759827 88.41221910243422 -171.03452542252327 -15.378783768611225 118.77498216424581 12.64796797842696
-127.7493462899743 88.37829606297137 -170.8988589540771 -15.409158855575942 119.04856610492799 12.76823345823493
-127.87068928085756 88.4554427208899 -170.6009991106093 -15.386539830828033 119.09081682926065 12.818425812796145
-127.99133221758521 88.50303931884176 -170.40730787513874 -15.393961095658938 119.05825300858805 12.848136274400488
-128.10000955879835 88.43195066011674 -170.50539773311033 -15.473437282259159 119.1119413764192 12.892195169286442
-128.0800683895801 88.40681392501224 -170.75039518490482 -15.533435593361009 119.08616163152328 12.87374865587385
-128.0101484653784 88.37354563040452 -170.9780414681043 -15.591802664237804 118.95578549546096 12.853176254454219
-128.0011183048234 88.15641212152369 -171.13709647594524 -15.747346579257883 118.71163560517857 12.929862399343175
-127.92756904764406 87.97206353889953 -171.1977805667136 -15.894493676173578 118.29291459519702 12.9926593845136
-127.84326029633422 87.93295940078252 -171.18127536139403 -15.95406928119841 117.94564638991332 13.018344639377787
-127.97780869606468 87.84470737905704 -171.15519359390646 -16.01812280416434 117.81522287545488 13.106895682442532
-128.2045371173816 87.79163213204143 -171.13307060702596 -16.04198298849613 117.80098357608367 13.193348881772565
-128.234201973617 87.86724484112204 -171.07133967482943 -15.990185103142492 117.73653986196052 13.197338524539958
-128.03651968509894 87.9687206243506 -170.97644018113772 -15.944752491890018 117.52738414587111 13.148606103866697
-127.77579689974482 88.07266480891221 -170.90784718537913 -15.917955750324634 117.26105399424077 13.083456252239802
-127.64404747115375 88.14023173710596 -170.84652476219264 -15.90524501176455 117.06507263507795 13.056375264692395
-127.72319068969887 88.12374007458818 -170.77957299809336 -15.907825711736926 117.07984014511621 13.112328486314714
-127.90742448177119 88.14479045852949 -170.7663580364725 -15.864204266710079 117.2844587300679 13.177182123181407
-128.0321163650528 88.30237645054085 -170.7917439589645 -15.75513371746166 117.37040344526034 13.145926246137993
-128.03422888215033 88.4679917748628 -170.81551130723514 -15.674851648894848 117.1868111114702 13.045324597613407
-127.95308276552996 88.57560335214436 -170.82015240235495 -15.65068880667047 116.87064716052625 12.94451845212392
-127.91188780247474 88.64951676318194 -170.7994889081706 -15.647637158424539 116.52103916430407 12.8862446286393
-127.99221431494979 88.6244843171494 -170.76226446428637 -15.677968714595593 116.20864913831743 12.91210863759454
-128.0559576542354 88.51691879331138 -170.70459906100083 -15.716663223613626 116.04188966562424 12.985024361651401
-128.04910095203962 88.38001010236512 -170.63967981433984 -15.742933385892025 116.0648974808748 13.065392629480723
-128.03974806871705 88.24130386177475 -170.56369984408525 -15.75975547042939 116.18661726666954 13.138054868900044
