-87.57849362408746 38.54381727613496 -142.75706303862415 -9.982255596730813 118.81993650067079 11.143148431885118
-87.45227548247192 38.86816587675524 -142.5248479677015 -9.829111741166916 119.06950240967547 11.179416855516413
-87.31002245268898 38.9087636163535 -142.21837150133013 -9.79173438193931 119.1800290523532 11.26062013814615
-87.33940365939264 38.71490395756079 -142.04063748070658 -9.914999623919371 118.95106286725961 11.372724826519358
-87.64784346414234 38.394045347165616 -142.1798677215118 -10.18235967368722 118.50404735375886 11.519342069815245
-88.15735025304754 38.101296579611144 -142.52550383519738 -10.51292572380623 118.21855498757488 11.747689201099302
-88.69257068462286 37.94485385537432 -142.861606460819 -10.869481823512565 118.29670126657217 12.092763073562317
-89.22181028582526 37.946125765223925 -143.25519870815816 -11.29246532149537 118.56217425044912 12.542143075534412
-89.56721985428527 38.267872175951595 -144.02421857798257 -11.641999031286394 119.56548247129868 13.081262369125056
-89.50772298204842 39.01830677366008 -145.32734928991516 -11.618908325311935 123.21669846282614 13.928762155983593
-90.16668599483336 40.037351407008344 -147.00712185481814 -11.411929428347822 128.30589797366585 15.139364364206454
-92.88044962482559 41.66894919278518 -148.3774378108738 -11.285149358316202 130.2992502322875 16.102597301898072
-96.88017330409026 44.23032680076518 -148.86767190594895 -11.003018989350158 128.75385953806514 16.461397059980527
-100.72456376144531 47.09996407286836 -148.8031665520163 -10.507117758426471 126.21061065801052 16.436902360179914
-103.84722112713537 49.58926062530281 -148.6886331210213 -9.964385108094156 123.99090562205907 16.259948955080446
-106.19940065068496 51.435548079646956 -148.82923473529894 -9.468498656021286 122.70819350655913 16.10611595879385
-107.81896148470426 52.74545171891859 -149.33839915661227 -9.032978023243178 122.41008383444826 16.022056732831174
-108.7933069160162 53.75142533901442 -150.1038792418544 -8.647814831925276 122.71989202333474 15.961423675108414
-109.31602920930334 54.59605775690287 -150.87495789795844 -8.32148071344354 123.13738163757515 15.882919816554557
-109.73954495371221 55.21419986388717 -151.9261508380926 -8.23647896138096 123.2012331978274 15.824405443419769
-110.36158881164033 55.43244424684689 -153.93937497862635 -8.596632914807355 122.8407693629675 15.865027908289342
-111.06746792264028 55.39702718128943 -156.5237861352178 -9.194926135793262 122.36621328020034 15.971928449739035
-111.9173063252444 55.53575059788061 -158.45773362684704 -9.629279625682688 121.97165923057025 16.07953533317081
-112.98091461117829 56.2424967097626 -159.10922605657225 -9.600828115500718 121.71304861385539 16.09998786563103
-113.91239839151389 57.333504188725016 -158.92172267988576 -9.222924454715551 121.57897057437137 16.005777605788595
-114.5708003318914 58.288771709520155 -158.64368418942476 -8.871266890635455 121.51793557803023 15.908230599053457
-115.03806512989252 59.014491535637916 -158.4947829669994 -8.653550510096034 121.48059477224356 15.848183795208428
-115.42528932449643 59.58279072851271 -158.41818148304037 -8.55517876135911 121.38091367965254 15.812276690685337
-115.7809761347262 60.008260667566645 -158.36889495923782 -8.562223923102685 121.23524901573575 15.803709463742942
-115.95857815762649 60.442218783295345 -158.42733459116704 -8.632888582465002 121.03721754249213 15.771252939210257
-115.9580631569124 60.9932307483442 -158.79599795445608 -8.78258451486085 120.63928307958567 15.666318310180145
-115.90311115318107 61.59937204077889 -159.4034950049677 -8.96539365511036 120.12758482122607 15.513395999089596
-115.8278871526544 62.18503886276203 -159.94809838031117 -9.084639917780773 119.71727453802995 15.358847351632102
-115.84984486655266 62.72247860476686 -160.280418803025 -9.152516428865074 119.39973922968998 15.239321762217779
-116.14169397932756 63.07973772845922 -160.67516132536673 -9.313919147503704 119.21000123106194 15.23074481595662
-116.67392761677644 63.13127707649673 -161.45734391322117 -9.666702683843907 119.22242321521334 15.364936964905707
-117.23641092271495 63.01377147207169 -162.43441712908012 -10.112195362201984 119.33461190378087 15.554483940712819
-117.77240324879901 62.90448508371969 -163.33349980654197 -10.560016060270284 119.49788390535365 15.749881686859752
-118.28124657201282 62.88266948600805 -164.14259487612946 -11.020452834893575 119.68857447475827 15.939358372991029
-118.67182194888936 62.9691518605798 -164.82157462143812 -11.47732876578426 119.7253410454439 16.07061435845921
-118.9536498327831 63.113273749724506 -165.32070930041723 -11.898870591818806 119.49098775376741 16.123543794574537
-119.16559432123239 63.256386442679215 -165.6967097113849 -12.27624073474702 119.0793834961184 16.126229649853
-119.30161910259807 63.40077043238762 -166.04066872658169 -12.58072597237796 118.67669413599103 16.100070977057875
-119.40147418557854 63.590086883744085 -166.32023533108443 -12.75430357637277 118.41823486806548 16.047790870965237
-119.56425888189503 63.78862125088402 -166.46328004293466 -12.81213319196679 118.39151682319013 16.00645992490635
-119.7433307386803 64.02793926786619 -166.49389666520804 -12.774540911188371 118.6715998279333 15.985068394435846
-119.84037217420223 64.33611463230488 -166.42313081658557 -12.65347769389677 119.23739695249233 15.982981732874977
-119.97340699674717 64.61480224126191 -166.3484744465685 -12.525706510204454 119.90600962824661 16.02406250860559
-120.26525974326456 64.83308765627514 -166.3754573119046 -12.431516732495757 120.45461688616237 16.081726552823397
-120.75755837104035 64.95474391850233 -166.4461416586125 -12.362497134062377 121.05211863883562 16.173848900833764
-121.3975031473779 64.99723743256986 -166.45962702112175 -12.27149775693905 121.97864765718836 16.30961162266258
-122.02986841511111 65.05875539490924 -166.356090274692 -12.130953892802594 123.02632428883939 16.425306405722115
-122.630086184969 65.08619043153402 -166.23615324564813 -11.985248633787473 124.08321224372256 16.542163058676575
-123.21594032266496 65.04935783720032 -166.1420906859891 -11.858334025109379 125.16037728266764 16.690435196300008
-123.80211602354154 65.17926467537009 -166.00695908992 -11.668164936190092 126.30526928770647 16.820042215159667
-124.47254766308541 65.56556950033817 -166.08789150143457 -11.398517508278697 127.95814202330905 16.96823325851148
-125.18195867548967 66.02299034482957 -166.56832282520645 -11.19680603969554 129.99667573977152 17.18539481131834
-125.75845832499067 66.58560158793833 -167.13613086873664 -11.083583235421784 131.61705399324524 17.345501022312014
-126.18524199368483 67.30156848526252 -167.48987842783043 -10.999383962351338 132.42003469007977 17.362376696988125
-126.57711002768968 67.97828367022275 -167.60204500159495 -10.957345128560963 132.6583922914927 17.321287664177028
-126.90991331752187 68.56468191575163 -167.48791697006777 -10.888864537525414 132.74408343409885 17.27487404272668
-127.01421473275215 69.17417006676916 -167.15517794415877 -10.701342897640783 132.775697669749 17.17817436197242
-126.86181428690904 69.79784300376042 -166.75519722345098 -10.433365300796162 132.66299901806684 17.003433030947868
-126.66995390617492 70.28027963448288 -166.5389819608833 -10.19252638538693 132.51341836244617 16.813835706928142
-126.53308986579134 70.59193928581821 -166.52677071262076 -9.996361409020256 132.56487226521088 16.672009018636714
-126.48097438768367 70.81494590521743 -166.6170657529197 -9.81451794952417 133.05225032591417 16.627812182974107
-126.67280886573369 70.94710191619438 -166.77299451278566 -9.662763687582785 134.0174107677936 16.722082100692237
-127.07339540114351 71.02329094176135 -166.8689883213503 -9.500478539308482 135.27376634049492 16.88215206703941
-127.47246794164045 71.13509214452762 -166.77538988193464 -9.252483932062415 136.73131740814685 17.017202025795854
-127.82069284821966 71.25511123931855 -166.51498726650044 -8.944328167772005 138.37050327946628 17.145728929048623
-128.19508850537218 71.28142670288163 -166.2620532575984 -8.667902945817527 140.0737909430912 17.318401913248984
-128.2877789869751 71.32181894573549 -166.23085846150985 -8.55505784095607 140.94850955268856 17.35302978330563
-127.66144746426366 71.59234795908617 -166.53305862314517 -8.70358619928776 140.02832517707517 16.990496703509898
-126.58554339339108 72.06981717092764 -167.06609788364017 -9.03974015600134 137.69943597033114 16.30721159473151
-125.68355151736601 72.52772034022999 -167.65618977091844 -9.444522379859212 134.9808235118069 15.58825041402725
-125.18737591825615 72.82039436742647 -168.15597171064167 -9.80598657823098 132.77616478813945 15.036863625289836
-124.96837810373046 73.0050945067209 -168.4496713322705 -10.004933247769095 131.51614634769282 14.675992924123523
-124.96668899188359 73.17334585410126 -168.51218000797815 -10.070008523609339 131.0110640354276 14.459427832373194
-125.24889342975385 73.34186321700105 -168.44897463596232 -10.109685119389688 131.15842928919352 14.387454979585595
-125.7880037271942 73.47534407850222 -168.40325576027607 -10.171505965854339 131.85094374828975 14.463361082541244
-126.38582936465433 73.62474751635499 -168.28627945693552 -10.216589118303002 132.72783893079037 14.6298869302472
-126.94260075515241 73.9791384175805 -167.96574857344 -10.170333848694266 133.62744971890348 14.833950220011472
-127.55764328270482 74.60989812597636 -167.5667936057599 -10.074609894217541 134.3467979134581 15.066272185526671
-128.24714583945126 75.34143150705256 -167.4265312604213 -10.063778588207104 134.7156191747722 15.311797347856892
-128.92081334797032 76.0534827731669 -167.69020020686173 -10.149125244864539 134.81461711149572 15.507953749844713
-129.34276071151342 76.80713012808032 -168.0486473788585 -10.189150515143796 134.77081202333767 15.561788295186972
-129.43370341147488 77.51878779737171 -168.2991835492499 -10.147480198064226 134.806086913108 15.504923143747451
-129.38720064152622 78.0827449642121 -168.49582233762374 -10.06992677900352 134.96198542271526 15.404262144757016
-129.4110426770857 78.61949511744265 -168.5988067272807 -9.916227225510493 135.18138234828552 15.266685408722589
-129.57890117446414 79.26981552813584 -168.50384811593912 -9.653103973077169 135.5124756289381 15.11885272639173
-129.74840354687012 80.05983905463967 -168.18058992422442 -9.294206666561493 135.91127376006693 14.967796230702831
-129.92129360566759 80.7902110946122 -167.83240765065688 -8.979426439061468 136.172189283418 14.859109073810934
-130.20676600499203 81.20405514815391 -167.67705759204938 -8.88136441077542 136.0857659900717 14.856716085552126
-130.58847132483535 81.27626775298504 -167.70577608110418 -8.993058223207536 135.70478760651605 14.956787104267958
-130.9521605658746 81.2459068696796 -167.96606471287765 -9.207447733881498 135.34493901204365 15.106640133698274
-131.1021637149715 81.56836019798436 -168.39848579381902 -9.367391392600997 135.17845324529364 15.189284134409634
-131.09801527201972 82.32688163978546 -168.80262531754676 -9.432540217945284 135.08436123303196 15.18264005375427
-131.23027961014128 83.26544331452338 -169.17998943408128 -9.500009861932185 134.99687027008144 15.192759704236142
-131.51449028300925 84.247551285197 -169.6114935671149 -9.642974892729194 134.94627337954927 15.266176024794984
-131.73894485884216 85.15971318233665 -170.14140512704932 -9.872403695819521 134.92349600459283 15.355184581473647
-131.82667864067125 86.11578547679828 -170.62746453200754 -10.0216439060225 134.89477262215246 15.361536916606564
-131.83743656169878 87.19687599978883 -170.9127787276355 -9.99168180212212 134.85586626707422 15.273970118033587
-131.91275842700892 88.20739085443577 -171.0458138730226 -9.897675848091747 134.77797575996038 15.183642873949957
-132.16004583382562 88.93347717300458 -171.19940865600438 -9.88278231490527 134.5751490485086 15.146207280289282
-132.4410556858283 89.36349781782967 -171.33355894172269 -9.937118610655588 134.1674775022508 15.108612924281118
-132.51066434541866 89.67483690267129 -171.21940939702802 -9.925033838996969 133.4689413222227 14.954899588089171
-132.28068181217412 89.91498636483328 -170.97937938458702 -9.851649027897803 132.40825993248694 14.641419096923052
-131.68632684926513 90.1534991068335 -170.66699365151885 -9.724611139795797 130.92879645288235 14.173956428664205
-130.77715163126155 90.46337617181678 -170.14948964236766 -9.518298665200884 129.08802797465094 13.605268239316752
-129.88728743084567 90.70112380956171 -169.5934725516061 -9.34382354330227 127.16838109279206 13.075164575420182
-129.13331783332552 90.8349070438043 -169.15418947812384 -9.244817119872266 125.52858990175221 12.662978089946373
-128.43008717727903 90.97319426335619 -168.83404414551978 -9.161738823988774 124.41296800271566 12.364316639733138
-127.8975680810405 91.10760201090184 -168.6471836091312 -9.10267958654575 123.73349325149877 12.177817891094353
-127.69466914731305 91.16963425925871 -168.56416196741986 -9.113694964118832 123.10210174768363 12.091995294297949
-127.76550677565146 91.11772104382007 -168.52190013514337 -9.199597713166785 122.47629081531964 12.109832121057407
-127.9143127246812 91.01514791440187 -168.4885868918837 -9.297905423890484 122.01537736704944 12.186026674785968
-127.98285437916718 91.01879212817737 -168.4293778620617 -9.325388668826347 121.51715137367422 12.201857889205757
-127.94651213132221 91.12477142021835 -168.35143791771011 -9.292359193287815 120.96963850291809 12.16263234941237
-127.95875762729557 91.1319628116164 -168.36675723273663 -9.297324530593661 120.67060961815591 12.188957923129468
-128.06034488144667 90.98712908382721 -168.4881113692197 -9.345210564841341 120.71094164965669 12.28884747184589
-128.0935820253087 90.84740189019955 -168.51205172693278 -9.331522909218734 120.9350040017024 12.370661008785575
-128.0174641584389 90.80567529096925 -168.28850641071529 -9.227111820211665 121.14560410039647 12.406077556161199
-127.93050925066359 90.82879490626759 -167.99569670466286 -9.08931368795944 121.21453842565822 12.395376292368756
-127.84815033265224 90.86273494922409 -167.8711078285275 -8.9620544181587 121.19822398087334 12.335540315943106
-127.68197643400967 90.91119734291827 -167.86953270574497 -8.849381709991174 121.23356705774364 12.249706803110021
-127.45284017227442 90.98432865361252 -167.86594186099222 -8.761786121183635 121.20135720265364 12.152739100049846
-127.29125046512655 91.03884505066308 -167.82590626149343 -8.714234615737702 121.08662597917427 12.087795496440304
-127.30407935961478 91.07228749488473 -167.7575892872988 -8.663039257610281 121.08755926050577 12.089324788583038
-127.36585733519524 91.13061379743246 -167.67894155229695 -8.571398023900764 121.14090399757657 12.095125748460243
