-108.46717931457636 48.82207082069779 -131.32890849491787 -8.23309647256867 122.97304214327568 14.589041915210117
-108.97654998111713 48.66170366973226 -131.44356520120306 -8.330188497276703 123.29672716797793 14.721071092694434
-109.60031915044769 48.60224901013531 -131.83112498707598 -8.517716267721507 123.53723694588251 14.879099276241782
-110.38450777328842 48.78614947733456 -132.9933611222035 -9.074666401916494 123.29550771755844 15.139688803011982
-111.02251355988716 49.47044792302941 -135.6928766860829 -10.434225620564373 122.25628440805261 15.667426774133892
-111.07668437042842 50.90512872234767 -139.38985226076562 -12.438249344336246 120.65702404338262 16.39755264266821
-110.6953499226546 52.75403068188663 -142.84347738232395 -14.42745345750301 119.12393161717 17.11613919138727
-110.44628946464768 54.547733403225806 -145.67983640142862 -16.017873858286826 118.13729116198016 17.769418832031455
-110.67863768422819 56.158996657101795 -148.15382611261265 -17.185250920363885 117.84284598116074 18.393520858535947
-111.44136387826586 57.57554880943552 -150.46310247463873 -18.0386892797516 118.13019437198508 19.005016494439012
-112.74479789815052 58.73918224178077 -152.85024457568346 -18.783456738394154 118.86671574315788 19.681970098354103
-114.26742245687109 59.60633064494863 -155.21572398079348 -19.492167062410456 119.75396853237218 20.380128790137405
-115.476338463362 60.28111143914387 -157.2242441099819 -20.081004855856822 120.43493412835187 20.923408659289734
-116.325598328453 60.82910460337625 -158.89561834392785 -20.520462637987748 121.00506671217366 21.32128696012689
-117.03585013150995 61.26568717787851 -160.30234604879644 -20.83349376637567 121.63525289644033 21.662520368432794
-117.61977356052245 61.66190431790395 -161.3822232127026 -20.99928958969432 122.27466176397911 21.92340181440535
-118.01616477199423 62.058805638535134 -162.1257837089865 -21.021092676728315 122.85917250302859 22.085455083354532
-118.22774491578565 62.43115771603692 -162.6803902430146 -20.999829980627876 123.32099747647771 22.184847250440676
-118.35372754624642 62.78507596103063 -163.1669094077984 -20.993458059186818 123.58297382678523 22.234604997024384
-118.55365854081734 63.09524492071799 -163.54400487866263 -21.004800349129802 123.6473780536771 22.254432996556957
-118.88197761290162 63.33324798318609 -163.8785427614976 -20.990435741915324 123.77395461792108 22.265645217621547
-119.21769315491872 63.62867737872859 -164.25724298576898 -20.852935511725292 124.14482207750999 22.212734008138398
-119.45846358870627 63.83402477490791 -164.6385526558269 -20.677505218809024 124.67627877208113 22.136091858170982
-119.69676920838495 63.51120837003981 -165.02207281354424 -20.702080389565772 125.27764045548227 22.20742156843968
-120.06807846441123 62.66075027053424 -165.430185172547 -20.973303864846567 125.82321154060551 22.459793152806903
-120.52321334789497 61.73997300198562 -165.8512619270418 -21.315059499809053 126.2183951409838 22.751781325007713
-120.95810580218154 61.10243783549447 -166.22601670155296 -21.58565292892181 126.42481156274812 22.968178938807867
-121.35509673954817 60.836475396665904 -166.52291537112532 -21.74400518664357 126.45720674784266 23.083998972519588
-121.64559442549567 60.87026477547809 -166.80503739506042 -21.82185189978026 126.46410222169649 23.139284782321745
-121.7613199759527 61.06531473937227 -167.09865930940833 -21.89253459153903 126.53595388911471 23.19116059131266
-121.79314350576378 61.33348592393101 -167.36795946583402 -21.92562668123967 126.6458603908404 23.1868452232544
-121.82467657321519 61.71975334677285 -167.62892147497462 -21.80350655931671 126.73852166905475 22.980732714897474
-121.79033619023595 62.267072240551066 -167.84157046573299 -21.499865383926927 126.73129285375332 22.553608740201827
-121.64677196029923 62.912078098035835 -167.87138903390127 -21.097943532384598 126.5125943926451 22.01985563561066
-121.49274370139493 63.54238820365319 -167.79341581106763 -20.69099514950542 126.02040492937526 21.453193562813176
-121.61637845900188 63.98057873551188 -167.83413411775868 -20.367591485956652 125.3768621264883 20.949547698738627
-122.18463862996614 64.12578070879337 -168.07743061679747 -20.162946640301186 124.89370312587116 20.614236475688415
-122.97701661850361 64.05514157474076 -168.51787530717007 -20.049576976038036 124.7052551376702 20.404859245584962
-123.72337509292436 63.885922980635485 -169.07891549137167 -20.027459328177297 124.5372188384227 20.222739931319495
-124.25881378553818 63.63911586883909 -169.64136219419208 -20.105614179959588 124.30932386676528 20.069944276004456
-124.31013150835061 63.53185904201044 -169.90614824908369 -20.12947897739146 124.10372662245013 19.877892580502184
-123.84530805919368 63.909066366582195 -169.53184477508051 -19.902063464948 123.82959842894368 19.552047165934923
-123.24927523067318 64.65733454267188 -168.7090882387008 -19.48853452724301 123.61624017732186 19.210623413932417
-122.75921479067259 65.46340847351314 -167.8581255271333 -19.048299270879323 123.63264487985587 18.961147957099683
-122.49243640941204 66.2098793334772 -167.13747196549213 -18.64583758810469 123.8620813432295 18.803156800781366
-122.48890577796365 66.89723478543979 -166.5590274489868 -18.307641687330964 124.22568431204601 18.711755891339962
-122.55276913868073 67.51912310259559 -166.19639128549113 -18.056077094802767 124.5904262202516 18.63452911644554
-122.59510638862274 67.94612480394386 -166.22734079827217 -17.98009508614324 124.82855758104631 18.59325394611282
-122.69533135214931 68.12468256887482 -166.67612926738133 -18.112017999479093 124.89500764529441 18.628979682820727
-122.8615116294541 68.24298912964298 -167.25107386274306 -18.299323296711265 124.80601730736412 18.675755163272637
-123.06931352435896 68.4104416466368 -167.65202675453418 -18.432387831257046 124.61979115435602 18.69213750335871
-123.26810706818128 68.58687670825755 -167.86158866261928 -18.50848319648113 124.53017152576163 18.709289954794123
-123.38338145351238 68.77214701179723 -168.00358283721306 -18.53768556730553 124.6247705112363 18.7266625396937
-123.55797124416827 69.01778570926356 -168.15103431553638 -18.565280942738276 124.75421278208262 18.738664547882596
-123.93480146001932 69.4785485066023 -168.31316777833257 -18.568368653959627 124.79693524067295 18.707091424867166
-124.31368642333672 70.20568842865784 -168.47563127252357 -18.469490364539837 124.7533264955523 18.571017939009298
-124.46226047529728 71.03750661091416 -168.58868762766565 -18.29077532593814 124.55298435429249 18.324650832450246
-124.40801373017118 71.82777397349345 -168.68792714675268 -18.110490135538072 124.09727005273888 18.003387362082997
-124.33999824797964 72.36285178917556 -168.928883279013 -18.03136925676918 123.61279229816125 17.748661545203255
-124.37785115525189 72.42503067836853 -169.3256229352776 -18.155066364755513 123.3292456148593 17.704995478547648
-124.64338044413789 72.18175856018593 -169.87162161985458 -18.414261241492795 123.10045105221425 17.80370678000447
-125.21036256028401 71.998341168925 -170.60589578136137 -18.629173444493283 122.79997603231757 17.888903977117863
-125.94192630711153 71.87638199990997 -171.31388744403216 -18.787175457832355 122.5259823462198 17.973875428294825
-126.96403537280149 71.5968882428981 -171.89768238412637 -19.01113290644176 122.09863290693815 18.120963676960862
-128.29248991601122 71.27734775501354 -172.5199283716113 -19.244371982634263 121.1413649253586 18.183205564151496
-129.27584713635207 71.16205129400763 -173.14455518175708 -19.3226621793026 119.86820602856835 18.02550753220286
-129.53651772688784 71.22107612676335 -173.59908056574977 -19.260996643312794 118.68260127327702 17.729712737093834
-129.46585008381248 71.29989049533272 -173.9168784130277 -19.194383011642287 117.73443434374796 17.450592087388628
-129.5971097201304 71.30139326843852 -174.2744568959022 -19.214660177284987 117.18248126597848 17.300489604780708
-130.05591690002095 71.28409333062824 -174.59950314050892 -19.297523218942672 117.08840608823897 17.285233420384067
-130.5834714926319 71.4030830367483 -174.75285913215072 -19.333123550295515 117.48231762770202 17.330092431735288
-130.91585631379056 71.70658107139732 -174.78551969581264 -19.257652583401054 118.26326429754573 17.363069413084713
-130.93326372537067 72.19213886040103 -174.8214060541831 -19.141239837745367 119.00983180782973 17.325746729246603
-130.76805963798003 72.82268603013932 -174.98477240894613 -19.12803261096635 119.31911806497027 17.221248506336117
-130.66398159312732 73.32940148638465 -175.2986701413099 -19.29549580163205 119.29260601048351 17.16701656494992
-130.49598755980077 73.86233623463838 -175.54987337376235 -19.448744280498044 119.1239715420922 17.10494598081425
-130.07224357514872 74.98183490523525 -175.45203505940356 -19.28822014115994 118.66387512823343 16.804137181302266
-129.51262642206666 76.59236688900052 -175.0273735145355 -18.84739134063274 118.00570842910311 16.296311101269566
-129.18496599857997 78.32409069395035 -174.53663100058034 -18.357149308801272 117.44665915242862 15.815013828823083
-129.3415342467187 80.03032264142286 -174.22844069754436 -17.945964437835777 117.0661398854569 15.481961507026318
-129.63704345204584 81.59318104951885 -174.1261627551595 -17.59098954273212 116.81931353206369 15.227507120346637
-129.7929025620443 82.94914114753715 -174.08600260247832 -17.268250197319315 116.75628191211291 15.03864255545374
-129.9557759886915 84.10116530664843 -174.100083396831 -17.023302876024797 116.91184010308804 14.983186944439813
-130.06015168318393 85.08842952835846 -174.2282371320455 -16.84235821300748 117.12862267378614 14.974452840809587
-130.05700761858336 85.84132498992858 -174.4321657619093 -16.782301148405146 117.32657997013138 15.003509261539563
-130.17780858605437 86.37690193234286 -174.6729841383737 -16.879171452875934 117.53480481769941 15.130733815330373
-130.47971770405508 86.89856472746766 -174.9257207866641 -16.987186705091517 117.75791870692296 15.265540199744875
-130.82996613590564 87.41200505869759 -175.10842291148174 -17.042435485292053 118.02135163833667 15.367089615898777
-131.15444162570694 87.8468946009404 -175.20447256608435 -17.05889030478204 118.2387027273862 15.430302036169138
-131.4268006412048 88.39000737666771 -175.19956289495417 -16.99186531546508 118.30371920707512 15.404763367156672
-131.65101819209326 89.14863869383558 -175.0546746495309 -16.867280383251195 118.26610689868347 15.327059338939492
-131.78717431975286 89.95485331061136 -174.83230534377012 -16.760396333289982 118.19096774540893 15.249727174416423
-131.72821321107116 90.72049547272246 -174.60064372413004 -16.667226320511542 118.23903090184572 15.169439926743836
-131.55474327246608 91.37504983539935 -174.41748363100265 -16.599955146776487 118.60243460606435 15.131467206688395
-131.4786573764737 91.8126987705268 -174.3116800328365 -16.58163526345953 119.17236592241167 15.16420679138374
-131.6087350055609 92.00003571045367 -174.29117493524814 -16.622882409126813 119.68751714008613 15.247541614464367
-131.76063899522805 92.0841852528254 -174.32955102018474 -16.68363324439434 119.93826980439547 15.293385132237415
-131.53562069865205 92.34329850442066 -174.31957348096688 -16.613327332763966 119.95749030596035 15.16185811426558
-130.98443427911639 92.70038074066085 -174.19665809863795 -16.37391157113803 120.11219981197436 14.922786128034435
-130.5345584752435 92.91709635510443 -173.96765744718243 -16.06767734419988 120.56011710695233 14.748447780029231
-130.31551388318124 92.99873876768801 -173.7072038812414 -15.768033117650523 121.08752733669462 14.633961148159766
-130.20353903296893 93.02532754607938 -173.4391976457165 -15.49644732603977 121.5403568855219 14.505357853362298
-130.1501672192116 93.0429542702065 -173.10858517086584 -15.271136959327578 121.86340232325179 14.374511499863525
-130.1175449661108 93.09244264743799 -172.76928412711996 -15.1064878318261 121.99223463691266 14.262205328661372
-130.0077459281573 93.15802847772702 -172.53917119854563 -15.004679669596486 121.97320861741068 14.159596672961113
-129.8504139040529 93.23836030808079 -172.42433427601264 -14.91626855572719 121.80956361343809 14.05432894366637
-129.7430979474141 93.28990187356261 -172.35773278346886 -14.811659968076544 121.5202335652377 13.97477858995703
-129.77142602164955 93.165716177035 -172.34386652998728 -14.767358620576486 121.3565025433525 14.014311981657844
-129.9244693247081 92.88433191428291 -172.34378783514651 -14.811645777244214 121.32540937595306 14.162663659222494
-129.9881744446212 92.64435593337808 -172.17286902433182 -14.874859515117276 121.18243928620296 14.30361949117758
-129.8205492474587 92.62569063920266 -171.80636339139 -14.862817792870965 120.93815185057 14.357606244247027
-129.5109982461168 92.81383361832212 -171.48713164889526 -14.750243526988395 120.80246643228998 14.32363466434558
-129.23166742140165 93.04192285154264 -171.33560673924927 -14.589258398561624 120.89510268442143 14.272683018733478
-129.10572113048158 93.1367196513628 -171.28634272176686 -14.45656814256168 121.1633229052982 14.29214722126352
