-118.07419966882489 46.303715208483396 -126.25405394009135 -8.595746470088077 125.3585740622377 14.35359728832835
-118.15692041002532 46.9646826387043 -126.41535141106404 -8.424569515975284 125.83331490468383 14.3320358947527
-118.13350772895197 47.449235636283646 -126.04837971540272 -8.224353155380568 126.24560346120344 14.301896507579375
-118.37104430350702 47.66838255662104 -125.41222532209446 -8.204172267247394 126.42269318370273 14.422379706208408
-119.17313684661356 47.51440388119316 -125.48021041665078 -8.594192426913912 126.26444027514935 14.746924074643246
-120.34478624401787 47.21320981699543 -126.98156453406995 -9.544384044986542 125.61548667588761 15.227037722271064
-121.37520763780171 47.36616328945989 -129.64961597731724 -10.816479440580078 124.94479545240301 15.844732406610685
-122.24527697147636 47.89408258684679 -133.1785383380287 -12.247993823490784 124.79185420879267 16.642789855269687
-122.62791214146004 48.92793125227172 -137.25074261547687 -13.539089604455793 124.86581815015785 17.237484825786364
-122.49019392924018 50.509977324888496 -141.50123837457005 -14.62936107320369 124.43087238591364 17.390520760297953
-122.43106273932992 51.97409226095805 -145.50927256025682 -15.70377975626263 123.41987607504113 17.371554216060275
-122.22407122841715 53.593393167079995 -148.72593390859743 -16.417691996174458 122.46659801753455 17.248949208433636
-121.59195647489375 55.72540663698476 -151.24377507519245 -16.590044896123885 122.07657748747873 17.051224064495184
-121.03644283328418 57.734964987664085 -153.19738165564175 -16.532050648313632 122.30843212490502 17.02087911909065
-121.14978567438683 59.03655140724635 -154.47443566190879 -16.52834592683637 122.8411384843674 17.300232135502952
-122.0932497476773 59.614037473695376 -155.20360803478312 -16.667542833462623 123.46660031430469 17.85513152499284
-123.5839977222923 59.709868942327404 -155.71325592519162 -16.900826880383416 124.4147463661941 18.596848992030772
-125.0254756461119 59.81846345377094 -156.04167941904623 -17.024278553702217 125.63496023122642 19.28112649354408
-125.89110197157412 60.41191907885039 -155.9526154974884 -16.85056330745688 126.77867327023299 19.666137861404653
-126.1636192752234 61.309883209294284 -155.66750659362108 -16.519063003944225 127.66151123496287 19.7795426206642
-126.37786212753832 62.107470105535 -155.79958466990126 -16.33570981940467 128.12254503744884 19.81288454809573
-127.07128674991448 62.68258044286108 -156.7011280258248 -16.41063317985893 128.26846900735242 19.93563246696975
-128.14874833566074 63.13475030775194 -158.0351606130984 -16.574918394337423 128.35885210223384 20.120599397330004
-129.20961796472204 63.546747964793326 -159.19662126208382 -16.676306927439036 128.3804690547 20.257762596470688
-129.8354393062704 63.91189194433353 -160.01943837861003 -16.71296613594741 128.3309431102617 20.28815761033593
-129.83538108947718 64.23092291008777 -160.62868836099614 -16.72561042532205 128.27939437744166 20.205544083235438
-129.58009291988196 64.55344750784656 -161.12297436759974 -16.75024636380205 127.94157334446008 20.011026556574627
-129.40560047888277 65.06282869160424 -161.72574398851413 -16.721487188647313 126.98403753506389 19.590110086139912
-129.3819155901976 65.76999093379408 -162.45686315068312 -16.589554344396625 125.56405597196597 18.970145314474742
-129.59311897876734 66.16050702588092 -163.31115307947482 -16.616523466069665 123.81433322571948 18.393789618177518
-129.9985523843652 66.21990718698196 -164.08141721725326 -16.720523531805572 122.35007186551537 17.999419757286674
-130.4878861925067 66.76762377601455 -163.99893789938778 -16.294999333215905 122.19242318096912 17.75125878303762
-131.09901710691557 67.76294736838105 -163.31486286968777 -15.451342549026284 122.99795789016294 17.570573268879166
-131.83921887475498 68.54435290911762 -162.86788734766705 -14.766002959307553 123.68998344726144 17.42682719255852
-132.4287602782285 69.1286167188122 -162.64418641680635 -14.330664340812236 123.67752771436446 17.235714314551082
-132.60908086377492 69.69640977468069 -162.45108677458657 -14.050214609718015 122.9698617322826 16.945118109812235
-132.5057903705888 70.37176407988076 -162.28392097673753 -13.799193590562995 122.0098282552315 16.58582351641671
-132.31156672305835 71.39847373366916 -162.01558024366597 -13.38763375100432 121.16607550402858 16.151893196694626
-132.1406421611781 72.66788841098459 -161.60196429359678 -12.909437197435425 120.49497976425272 15.714687235469889
-132.1289053285358 73.85460817653444 -161.22640027332108 -12.57855045485951 119.90470103742003 15.372830654807483
-132.38359638450888 74.89506460358119 -160.92800356571243 -12.345891573390073 119.34179802714661 15.10746268006007
-133.01385247173434 75.8181058154675 -160.57346102389806 -12.121114722522785 118.78766618591959 14.906336110232365
-133.77087481886588 76.48575418817163 -160.2770130874108 -12.005328053973054 118.34546045557077 14.816167745705656
-134.13762274013501 76.8992703709863 -160.36473966795472 -12.060810848806035 118.03304170673191 14.773287025412653
-134.09738625794736 77.32710114933812 -160.87742758935696 -12.228005882520648 117.6069098984608 14.665702524218739
-134.0158422691827 77.86053923860882 -161.55904512015394 -12.487598292195855 116.92467714192796 14.509028017061677
-134.07036363694166 78.3738791840957 -162.1516373233095 -12.778396876400041 116.15223959786144 14.371510883501744
-134.37814397232574 78.93163197509958 -162.51477939826734 -12.969538325580839 115.38975573015566 14.248560926830647
-134.90608114906104 79.66388265184617 -162.68579262629834 -13.00934104577357 114.69912946467895 14.110719337338338
-135.29806798799592 80.57267977898232 -162.8145128678108 -12.953739052938044 114.30357397800245 13.997511644847247
-135.40545013995256 81.7924478457625 -162.91790368302685 -12.836239980566429 114.20138219758803 13.93687591936219
-135.48108886854132 83.21837739495803 -162.99789857270875 -12.741240103589028 114.19640711772084 13.945189900222857
-135.66116157926632 84.4630256693941 -163.16079689286215 -12.783187081794214 114.17137001049316 14.031633121953242
-135.8293722336871 85.36515796539737 -163.39000769247207 -12.96093801052465 114.04757439119528 14.16073170578927
-135.89176617549194 85.98504970233631 -163.53177759199963 -13.199776255918177 113.77699887367692 14.290152645022161
-135.7808345563007 86.64400297623214 -163.51285756544766 -13.336183748861307 113.39712431893278 14.32978061300394
-135.69128309820948 87.37324212662166 -163.76744624446036 -13.461111778196948 112.95725082015147 14.293161627296605
-135.9582685243786 87.93963456766595 -164.50459622412882 -13.72381998829379 112.6442903706648 14.321478942286396
-136.5594093970988 88.57886067284016 -165.22153697886915 -13.923718846904748 112.75078783409606 14.453197539568805
-137.34816005669379 89.36369858910817 -165.69141135073926 -14.04622893149999 113.15850820355575 14.667527405725671
-138.40247540567367 89.77559801593927 -166.18873972351986 -14.383006057618807 113.37946098541069 14.970822870289467
-139.54659430748612 89.81565956831207 -166.8851783826814 -14.86001706616284 113.34486449708768 15.255118762990453
-140.1077337593474 90.27842222930298 -167.38557645492693 -14.959425030974069 113.50559464053168 15.322960137505195
-139.91945203068335 91.10602993734457 -167.65907295646412 -14.757553993351266 113.74277185583921 15.163865072006235
-139.61952446637952 91.36161338241244 -168.36191176420073 -14.894801237465416 113.74362751985599 15.045810716582327
-139.63004025241412 90.93229734287216 -169.51828742876245 -15.437724191864358 113.75541258567696 15.148603893657029
-139.77076443854696 90.76456414393334 -170.2891304724015 -15.773814276381088 114.01635360752054 15.30314983760153
-139.7777381046762 91.4809925546206 -170.13290517156338 -15.513279905255638 114.72053970644328 15.396190111051158
-139.64826471507206 92.64482351996779 -169.45095393360788 -14.949183003689098 115.80181001126124 15.513970600159192
-139.51987589879207 93.66614882220586 -168.7168134266332 -14.44951619316268 116.80467397003275 15.665111433677989
-139.43432755817048 94.42222202524721 -168.037069056541 -14.080565141036232 117.40031157585426 15.768076582230822
-139.29256966908045 95.02439346291149 -167.4180107498258 -13.781686529254165 117.5199369444627 15.743432218484532
-138.99111105302785 95.50902285151281 -166.792556821113 -13.532178491872042 117.32425642058425 15.613295817142067
-138.67640863814296 95.70290606843218 -166.32166039553064 -13.434915152078126 117.14891159192246 15.534195610670782
-138.51381958568348 95.62944208765887 -166.33018884274097 -13.486836897792578 117.06463849020048 15.502999831576881
-138.4494153790738 95.48246423548946 -166.65270625477407 -13.567470604611604 116.96613469563988 15.440311278115917
-138.46419272458436 95.23630853336911 -166.87094337434723 -13.67706113048676 116.94837491573568 15.450400456494052
-138.50179564038135 95.0023247812207 -166.84181432895855 -13.773326478927075 116.95310410336049 15.514519856859806
-138.5222453604045 94.91605368760531 -166.5631995246553 -13.801229819976237 116.86375912301617 15.557183338732287
-138.5380770169223 94.91105554311196 -166.15995335028245 -13.799438733084788 116.74837341817175 15.595304882982354
