208.559847 35.079625 56.799325 -18.170151 128.722960 18.087231
208.559847 35.079625 56.799325 -18.170151 128.722960 18.087231
208.559847 35.079625 56.799325 -18.170151 128.722960 18.087231
208.559847 35.079625 56.799325 -18.170151 128.722960 18.087231
208.559847 35.079625 56.799325 -18.170151 128.722960 18.087231
208.559847 35.079625 56.799325 -18.170151 128.722960 18.087231
208.559847 35.079625 56.799325 -18.170151 128.722960 18.087231
208.559847 35.079625 56.799325 -18.170151 128.722960 18.087231
208.914820 34.845562 56.914990 -18.101588 128.612477 17.982088
208.954725 35.126275 56.811106 -18.135272 128.666537 18.049933
208.954725 35.126275 56.811106 -18.135272 128.666537 18.049933
208.954725 35.126275 56.811106 -18.135272 128.666537 18.049933
208.954725 35.126275 56.811106 -18.135272 128.666537 18.049933
208.599752 35.360338 56.695442 -18.203835 128.777020 18.155076
208.358099 35.632241 56.466275 -18.202100 128.865802 18.188063
208.358099 35.632241 56.466275 -18.202100 128.865802 18.188063
208.358099 35.632241 56.466275 -18.202100 128.865802 18.188063
208.358099 35.632241 56.466275 -18.202100 128.865802 18.188063
208.358099 35.632241 56.466275 -18.202100 128.865802 18.188063
208.358099 35.632241 56.466275 -18.202100 128.865802 18.188063
208.358099 35.632241 56.466275 -18.202100 128.865802 18.188063
208.358099 35.632241 56.466275 -18.202100 128.865802 18.188063
208.358099 35.632241 56.466275 -18.202100 128.865802 18.188063
208.358099 35.632241 56.466275 -18.202100 128.865802 18.188063
208.301364 36.434222 56.121632 -18.262261 128.574717 18.255660
208.301364 36.434222 56.121632 -18.262261 128.574717 18.255660
208.528900 37.131658 55.817379 -18.242257 128.528375 18.239349
208.528900 37.131658 55.817379 -18.242257 128.528375 18.239349
208.086415 37.676823 55.703305 -18.287996 128.960323 18.356301
208.135116 39.088114 55.042491 -18.251131 129.425924 18.410778
207.966014 39.816257 54.635170 -18.185232 130.041538 18.441022
208.017628 41.427639 53.814193 -18.244154 130.193456 18.482585
207.496858 42.603280 52.888458 -18.406753 130.461358 18.678209
207.022065 43.563910 52.424627 -18.494794 130.698015 18.849338
205.914450 45.954315 51.101476 -18.513341 131.745626 19.160527
205.727442 46.167208 50.893051 -18.548510 131.789171 19.204534
205.035627 47.367327 50.312307 -18.608049 131.825371 19.323626
204.945573 48.194350 50.049315 -18.585910 131.835361 19.295061
204.945573 48.194350 50.049315 -18.585910 131.835361 19.295061
204.499461 49.002303 49.567335 -18.632027 131.754843 19.307726
204.184156 50.496422 48.336011 -19.002807 132.411178 19.555272
202.812569 51.412095 48.289321 -19.107168 131.896192 19.651475
202.276587 52.775855 47.620933 -19.478212 131.503112 19.896219
202.590792 52.696868 47.478742 -19.522627 131.554389 19.876725
202.252707 53.162800 46.615677 -19.473726 132.523772 19.937068
202.003785 53.620534 46.228745 -19.412278 132.958663 19.968580
202.003785 53.620534 46.228745 -19.412278 132.958663 19.968580
201.753298 54.147814 45.289328 -19.733532 133.544471 20.436520
201.192412 54.347481 45.032596 -19.617913 133.921591 20.439797
200.616068 54.280314 45.354039 -19.546891 133.826992 20.455460
200.616068 54.280314 45.354039 -19.546891 133.826992 20.455460
200.741709 54.361860 45.148605 -19.587035 133.950505 20.474022
201.070261 54.358407 45.061171 -19.615460 133.890737 20.435648
201.359304 54.467615 44.872233 -19.687588 133.923564 20.467301
201.737772 54.554110 44.378966 -19.732841 133.948304 20.166827
201.737772 54.554110 44.378966 -19.732841 133.948304 20.166827
201.896666 54.683252 44.274108 -19.796259 133.931457 20.196064
201.896666 54.683252 44.274108 -19.796259 133.931457 20.196064
201.790507 55.012606 43.993883 -19.886483 134.073108 20.226799
201.790507 55.012606 43.993883 -19.886483 134.073108 20.226799
201.405423 55.394281 43.536818 -19.943426 134.007424 20.141353
200.545173 55.922996 43.750901 -19.748280 135.164817 20.288405
200.074433 56.204424 43.778533 -19.775137 135.181756 20.253798
199.836619 56.290586 43.855865 -19.763195 135.141710 20.257510
199.638661 56.399907 43.907131 -19.746778 135.193540 20.269917
199.638661 56.399907 43.907131 -19.746778 135.193540 20.269917
199.621910 56.493304 43.767118 -19.770757 135.128592 20.230758
199.408212 56.512492 43.571682 -19.763917 135.293208 20.230356
199.272799 56.611956 43.472720 -19.677896 135.388560 20.160569
199.272799 56.611956 43.472720 -19.677896 135.388560 20.160569
199.136840 56.771754 43.307638 -19.697402 135.501751 20.146935
199.136840 56.771754 43.307638 -19.697402 135.501751 20.146935
198.492312 56.792747 42.760437 -19.728793 135.029872 19.980309
198.673607 57.015403 42.050682 -19.484430 135.044072 19.627511
198.539337 57.349286 41.654500 -19.384006 135.876322 19.612323
198.539337 57.349286 41.654500 -19.384006 135.876322 19.612323
198.539337 57.349286 41.654500 -19.384006 135.876322 19.612323
198.234243 57.367330 41.219097 -19.306209 136.243260 19.516073
198.234243 57.367330 41.219097 -19.306209 136.243260 19.516073
198.234243 57.367330 41.219097 -19.306209 136.243260 19.516073
197.132593 58.001552 41.271742 -18.789811 136.589946 19.417211
197.132593 58.001552 41.271742 -18.789811 136.589946 19.417211
196.774558 58.976745 40.590902 -18.565742 135.758097 19.050455
196.574251 59.043687 39.487851 -18.376324 136.207206 18.684288
196.674236 58.870493 39.318031 -18.393312 136.895947 18.770680
196.969212 58.409746 39.026939 -18.588726 137.383929 18.898132
196.674236 58.870493 39.318031 -18.393312 136.895947 18.770680
194.792713 61.114178 39.019144 -16.902323 135.788287 17.702181
194.666685 61.726920 39.223745 -16.615605 135.265866 17.439482
194.429599 62.094362 39.666994 -16.380408 134.788967 17.312934
194.307944 62.301119 39.752533 -16.294233 134.552063 17.224902
194.162955 62.504495 39.750108 -16.223193 134.195878 17.119227
194.162955 62.504495 39.750108 -16.223193 134.195878 17.119227
194.146069 62.677853 39.888127 -16.200279 134.046513 17.118600
194.322606 63.001602 39.693019 -16.146943 133.597922 16.881309
194.438585 63.123040 39.633017 -16.123143 133.595470 16.838485
194.438585 63.123040 39.633017 -16.123143 133.595470 16.838485
194.762460 63.490103 39.179791 -15.998983 133.625617 16.566246
194.785101 63.608076 39.068561 -15.932358 133.661250 16.477832
194.868743 64.027351 38.754533 -16.054234 132.940767 16.348657
194.913730 63.797990 38.695030 -16.071732 133.309044 16.408384
195.096294 64.020621 38.092027 -16.108348 132.579051 15.960202
195.051306 64.249982 38.151530 -16.090850 132.210774 15.900474
194.990477 64.320820 38.100692 -16.004330 132.197814 15.826589
195.113360 66.203619 38.231144 -15.395324 132.696028 15.491490
195.295796 66.848996 37.432357 -14.981832 129.094586 14.561074
195.504112 68.652378 37.790516 -14.301533 127.349729 13.842447
195.292616 69.004964 37.886116 -14.213741 126.855041 13.725761
194.750420 69.526272 37.961872 -14.204125 126.351363 13.672013
193.928073 70.631306 37.904832 -14.367424 125.033481 13.519653
193.779560 70.843536 37.921178 -14.348238 124.873648 13.502492
193.600693 71.179349 38.028384 -14.341534 124.391039 13.449408
193.803922 73.014466 37.711967 -14.206543 124.765053 13.262929
194.015819 72.552875 37.449810 -14.262381 125.564811 13.330704
193.833510 73.104334 37.636240 -14.222081 125.002202 13.263505
193.833510 73.104334 37.636240 -14.222081 125.002202 13.263505
193.690330 73.288708 37.299775 -14.372119 124.631976 13.231430
193.536406 73.643395 37.199148 -14.421628 124.418151 13.221974
193.132084 74.469333 36.948595 -14.520237 124.811913 13.291336
193.078477 74.739128 36.961265 -14.512288 124.763923 13.283664
192.975136 75.397515 36.883160 -14.540045 125.312676 13.342558
192.698841 76.799248 36.667473 -14.414674 127.159515 13.429525
192.408631 77.726682 36.612533 -14.568578 125.568503 13.156390
192.230449 78.631957 36.910264 -14.484390 124.716156 12.996772
191.740734 81.265978 36.258891 -14.800251 124.216230 12.837419
191.724947 81.382382 36.240226 -14.819919 124.400486 12.856565
191.780256 81.539552 36.215435 -14.818895 124.219419 12.806554
191.428202 81.935214 36.171786 -14.877254 124.421875 12.878982
191.280545 82.373883 36.329950 -14.815583 123.920159 12.785873
191.300316 82.589202 36.304619 -14.820162 123.702209 12.734233
191.320493 82.734226 36.208371 -14.848824 123.576152 12.703980
191.609916 83.481129 35.695542 -15.137085 123.963831 12.729709
191.609916 83.481129 35.695542 -15.137085 123.963831 12.729709
191.764188 84.015565 35.353989 -15.325634 123.826540 12.854893
191.730864 84.204714 35.604011 -15.238652 123.572217 12.785572
191.730864 84.204714 35.604011 -15.238652 123.572217 12.785572
191.930651 83.913084 35.169824 -15.387051 124.021592 12.849870
191.872281 83.675043 34.904731 -15.493710 124.303594 12.945818
191.872281 83.675043 34.904731 -15.493710 124.303594 12.945818
191.930651 83.913084 35.169824 -15.387051 124.021592 12.849870
191.764188 84.015565 35.353989 -15.325634 123.826540 12.854893
191.764188 84.015565 35.353989 -15.325634 123.826540 12.854893
191.764188 84.015565 35.353989 -15.325634 123.826540 12.854893
191.930651 83.913084 35.169824 -15.387051 124.021592 12.849870
191.872281 83.675043 34.904731 -15.493710 124.303594 12.945818
192.058605 83.537477 34.556896 -15.596333 125.340237 13.000842
192.061178 83.540176 34.597292 -15.583430 125.194064 12.997988
191.930651 83.913084 35.169824 -15.387051 124.021592 12.849870
191.930651 83.913084 35.169824 -15.387051 124.021592 12.849870
191.930651 83.913084 35.169824 -15.387051 124.021592 12.849870
191.930651 83.913084 35.169824 -15.387051 124.021592 12.849870
191.930651 83.913084 35.169824 -15.387051 124.021592 12.849870
